index,y
0,0.001048005884513259
1,-0.013072703033685684
2,0.00824893731623888
3,-0.024340711534023285
4,-0.01850462704896927
5,-0.03523851931095123
6,-0.06419912725687027
7,0.007950518280267715
8,-0.019067708402872086
9,-0.005655914545059204
10,0.0016892114654183388
11,-0.04319923743605614
12,-0.03030792437493801
13,-0.021055884659290314
14,-0.0037499668542295694
15,-0.047699883580207825
16,-0.023945126682519913
17,-0.08907045423984528
18,0.015464826487004757
19,0.04765046760439873
20,-0.02368013933300972
21,-0.03360247611999512
22,0.03866627812385559
23,-0.014830169267952442
24,0.030290860682725906
25,0.07645373791456223
26,0.02346087247133255
27,0.026876553893089294
28,-0.14963169395923615
29,-0.014428187161684036
30,0.0151071697473526
31,-0.025033127516508102
32,0.038662344217300415
33,0.11456205695867538
34,-0.0668899193406105
35,0.11441972106695175
36,0.2936065196990967
37,0.30635467171669006
38,0.41739559173583984
39,0.16006578505039215
40,0.17047452926635742
41,0.5553897023200989
42,0.32137414813041687
43,0.7600304484367371
44,0.8608317375183105
45,0.21213646233081818
46,0.3987807631492615
47,0.5635396838188171
48,0.7837774753570557
49,0.5091912746429443
50,0.7640352249145508
51,0.9606641530990601
52,1.083581805229187
53,1.5680469274520874
54,0.7270915508270264
55,0.8620773553848267
56,1.385640263557434
57,1.694069266319275
58,-0.01939857006072998
59,-0.4937479794025421
60,3.1801114082336426
61,2.2317428588867188
62,-0.1014770045876503
63,1.097173810005188
64,2.005291700363159
65,1.3197119235992432
66,0.13186980783939362
67,1.3581825494766235
68,2.8162682056427
69,1.1234679222106934
70,1.7197513580322266
71,0.9821417331695557
72,-0.013727381825447083
73,1.1092338562011719
74,1.246944546699524
75,1.5521535873413086
76,1.1658642292022705
77,2.997346878051758
78,3.1290431022644043
79,-0.07699662446975708
80,0.806707501411438
81,4.073134422302246
82,2.9418249130249023
83,-0.9921960830688477
84,2.544072151184082
85,5.812485218048096
86,2.6926429271698
87,1.6637592315673828
88,2.996553659439087
89,4.214730262756348
90,2.993889808654785
91,3.3278017044067383
92,2.915536642074585
93,3.0950851440429688
94,3.424596071243286
95,2.7680892944335938
96,4.574479103088379
97,4.856478691101074
98,-1.0011427402496338
99,2.770233154296875
100,7.818599700927734
101,4.674310207366943
102,6.336620330810547
103,3.8187167644500732
104,4.373251438140869
105,3.827324390411377
106,1.7478200197219849
107,5.875365734100342
108,6.7069902420043945
109,2.5438361167907715
110,2.683053493499756
111,2.29412841796875
112,1.9166793823242188
113,4.8245768547058105
114,2.4082729816436768
115,6.528691291809082
116,3.332643508911133
117,0.7708479166030884
118,1.7935481071472168
119,4.630711555480957
120,1.487403392791748
121,1.0577054023742676
122,0.6562614440917969
123,-0.40889430046081543
124,1.783599853515625
125,-2.5795562267303467
126,9.761427879333496
127,8.351421356201172
128,3.381476640701294
129,3.881758689880371
130,5.680463790893555
131,4.055534362792969
132,5.297175407409668
133,3.4763612747192383
134,4.479708671569824
135,3.314093589782715
136,2.359330177307129
137,1.5565284490585327
138,-0.23715388774871826
139,2.7785768508911133
140,2.439481258392334
141,1.4429608583450317
142,1.5248905420303345
143,1.4217346906661987
144,-1.749693512916565
145,12.677711486816406
146,8.716320991516113
147,2.643620014190674
148,5.264713764190674
149,6.582905292510986
150,6.552933216094971
151,4.960694789886475
152,6.191348075866699
153,7.888294219970703
154,4.648343086242676
155,5.681712627410889
156,0.8582494258880615
157,-1.0292854309082031
158,4.00852632522583
159,2.916196346282959
160,1.7922967672348022
161,2.3570330142974854
162,1.3778812885284424
163,2.0888724327087402
164,-0.5659032464027405
165,1.5037198066711426
166,6.714064121246338
167,3.388296604156494
168,4.341773509979248
169,3.8459324836730957
170,5.365777969360352
171,3.2549471855163574
172,5.210082054138184
173,3.054314136505127
174,5.98494815826416
175,-2.3344902992248535
176,-1.6686663627624512
177,-0.23259583115577698
178,-1.4168437719345093
179,1.6882848739624023
180,0.9332320690155029
181,1.673724889755249
182,1.6853663921356201
183,-1.333056926727295
184,1.9274320602416992
185,6.811728477478027
186,3.5000646114349365
187,7.994663238525391
188,2.927151679992676
189,4.324365139007568
190,-0.34623515605926514
191,-3.17488431930542
192,4.274826526641846
193,3.53963565826416
194,0.13887012004852295
195,0.8503072261810303
196,2.8705482482910156
197,2.9659743309020996
198,-1.4902229309082031
199,2.0144548416137695
200,5.950133323669434
201,4.220149993896484
202,4.440274715423584
203,4.972701072692871
204,-0.4923039674758911
205,8.573683738708496
206,10.696155548095703
207,8.937743186950684
208,11.253816604614258
209,8.28034496307373
210,10.548171043395996
211,6.427488803863525
212,7.652020454406738
213,5.270425796508789
214,5.216719627380371
215,2.682962417602539
216,2.42203426361084
217,-4.273082256317139
218,0.34779053926467896
219,5.6695237159729
220,1.1637277603149414
221,6.615150451660156
222,-0.26388806104660034
223,2.713764190673828
224,-2.218559741973877
225,-3.2104849815368652
226,4.720296859741211
227,6.348760604858398
228,-1.4031977653503418
229,1.651778221130371
230,1.3067312240600586
231,1.6193166971206665
232,6.643455505371094
233,3.975407361984253
234,10.38504409790039
235,4.138998985290527
236,2.6299352645874023
237,3.676905393600464
238,4.730457782745361
239,4.55079460144043
240,9.128728866577148
241,4.042337894439697
242,8.877050399780273
243,6.199049949645996
244,12.28016471862793
245,8.4824857711792
246,15.981673240661621
247,7.779326438903809
248,17.46235466003418
249,15.623634338378906
250,23.32611846923828
251,37.6796875
252,32.26442337036133
253,42.5954704284668
254,33.69000244140625
255,49.35990905761719
256,23.096446990966797
257,29.171085357666016
258,12.073909759521484
259,15.525362014770508
260,1.4462238550186157
261,1.534285545349121
262,-4.173598766326904
263,-6.261826515197754
264,-3.9287261962890625
265,-8.579925537109375
266,12.521234512329102
267,-2.117736339569092
268,4.081179618835449
269,-3.5536482334136963
270,-3.2597129344940186
271,-1.6857507228851318
272,7.168410301208496
273,-1.4844882488250732
274,9.935199737548828
275,-9.88266372680664
276,-9.233953475952148
277,-3.5217878818511963
278,-6.6064453125
279,4.908698081970215
280,1.9992215633392334
281,0.04439219832420349
282,2.190347909927368
283,-1.4251844882965088
284,2.4416251182556152
285,13.354235649108887
286,8.554667472839355
287,27.534069061279297
288,8.12901496887207
289,14.740133285522461
290,7.729794025421143
291,9.546204566955566
292,11.151483535766602
293,18.32382583618164
294,0.6720227003097534
295,1.3832149505615234
296,24.106355667114258
297,16.198444366455078
298,30.36878204345703
299,20.69314956665039
300,28.288372039794922
301,19.130950927734375
302,28.61897850036621
303,14.923108100891113
304,22.429855346679688
305,9.134367942810059
306,11.642313957214355
307,-0.5564489364624023
308,-2.565434455871582
309,-4.222906589508057
310,-11.072110176086426
311,6.614504337310791
312,1.516207218170166
313,6.049683570861816
314,4.852540016174316
315,-7.891640663146973
316,-1.134267807006836
317,16.048494338989258
318,7.720931529998779
319,40.5355110168457
320,12.212879180908203
321,30.299488067626953
322,-0.6570758819580078
323,-10.837512969970703
324,2.9187374114990234
325,-0.19482076168060303
326,5.14185905456543
327,11.990691184997559
328,-5.560832500457764
329,2.6425797939300537
330,-10.354696273803711
331,-2.677399158477783
332,7.995396614074707
333,5.170712947845459
334,24.49192237854004
335,12.974956512451172
336,33.60606002807617
337,14.212911605834961
338,42.93653869628906
339,8.802457809448242
340,26.443387985229492
341,-0.17168855667114258
342,16.023422241210938
343,-9.077432632446289
344,0.6573581695556641
345,0.8788920044898987
346,12.785612106323242
347,-4.293637752532959
348,9.446981430053711
349,21.440336227416992
350,25.41107940673828
351,72.77241516113281
352,48.14975357055664
353,90.52278137207031
354,54.712467193603516
355,82.41048431396484
356,42.589996337890625
357,63.13924789428711
358,19.1993350982666
359,25.309410095214844
360,0.09779977798461914
361,-1.5811961889266968
362,-3.5197372436523438
363,-8.337925910949707
364,3.6076087951660156
365,-1.641657829284668
366,17.718286514282227
367,9.683381080627441
368,-14.833752632141113
369,10.01827621459961
370,23.649887084960938
371,24.826187133789062
372,67.29653930664062
373,26.170103073120117
374,66.39881896972656
375,-2.2967233657836914
376,10.661012649536133
377,-5.086117267608643
378,-1.8825206756591797
379,4.668277740478516
380,8.269194602966309
381,-1.1611051559448242
382,6.210117816925049
383,-14.731810569763184
384,2.237183094024658
385,-2.1545958518981934
386,10.409555435180664
387,45.4864616394043
388,19.816104888916016
389,43.38563537597656
390,15.365540504455566
391,32.34335708618164
392,11.505807876586914
393,29.666759490966797
394,-6.46386194229126
395,5.816695690155029
396,-12.632125854492188
397,-6.8753228187561035
398,-0.1598813533782959
399,0.7385821342468262
400,9.411521911621094
401,8.33430004119873
402,-17.54730224609375
403,10.40131664276123
404,19.38896369934082
405,26.6466121673584
406,56.047096252441406
407,26.80865478515625
408,38.49284744262695
409,23.772037506103516
410,20.870746612548828
411,37.294090270996094
412,40.45806884765625
413,9.596800804138184
414,22.021543502807617
415,-14.895734786987305
416,-1.3172154426574707
417,4.19989013671875
418,2.417814254760742
419,-0.7022422552108765
420,1.3426177501678467
421,-9.848215103149414
422,3.7557249069213867
423,-6.692681789398193
424,17.004444122314453
425,27.751117706298828
426,13.206575393676758
427,23.8718318939209
428,3.743269443511963
429,9.705897331237793
430,6.957089424133301
431,11.280366897583008
432,-1.1018702983856201
433,4.315999984741211
434,-7.002845287322998
435,-1.297794222831726
436,-14.438608169555664
437,-1.0781548023223877
438,-6.449892520904541
439,5.694861888885498
440,4.626633644104004
441,8.976091384887695
442,6.3549652099609375
443,12.116738319396973
444,8.06888198852539
445,22.172666549682617
446,20.861358642578125
447,18.588891983032227
448,20.640174865722656
449,-13.215224266052246
450,0.6456915736198425
451,-13.234944343566895
452,-1.5579032897949219
453,3.4357187747955322
454,1.93941068649292
455,-1.9541587829589844
456,2.7437357902526855
457,3.3565468788146973
458,7.3842644691467285
459,12.045095443725586
460,7.984363555908203
461,10.20311164855957
462,12.632031440734863
463,12.775471687316895
464,24.284488677978516
465,22.144439697265625
466,37.60689926147461
467,30.42650604248047
468,29.70734405517578
469,25.89350700378418
470,27.109481811523438
471,17.96977996826172
472,27.084394454956055
473,4.204117774963379
474,-14.760185241699219
475,2.204765796661377
476,-4.384347915649414
477,-0.29309919476509094
478,-4.64356803894043
479,7.7445573806762695
480,7.719356060028076
481,-1.835279941558838
482,2.485595703125
483,6.272099494934082
484,6.683676719665527
485,32.48578643798828
486,15.676504135131836
487,22.428050994873047
488,12.059425354003906
489,22.502784729003906
490,6.150672435760498
491,8.0182523727417
492,3.418633222579956
493,3.8274738788604736
494,-8.379976272583008
495,-13.101865768432617
496,-2.713526487350464
497,-8.225175857543945
498,13.589606285095215
499,7.983373641967773
500,18.503982543945312
501,13.703073501586914
502,12.723153114318848
503,13.887344360351562
504,5.712297439575195
505,18.25170135498047
506,45.65415954589844
507,10.984275817871094
508,8.452499389648438
509,4.777466773986816
510,6.4995012283325195
511,-3.297095775604248
512,-2.059119701385498
513,-4.35215425491333
514,-5.821738243103027
515,-3.094434976577759
516,-3.6231260299682617
517,-5.365533828735352
518,-1.7384523153305054
519,-8.200408935546875
520,0.5876233577728271
521,-2.0651612281799316
522,8.029207229614258
523,21.6654109954834
524,13.28122329711914
525,30.633647918701172
526,13.35527229309082
527,29.016563415527344
528,4.660341739654541
529,5.423111915588379
530,15.95887565612793
531,12.452885627746582
532,11.331945419311523
533,10.270670890808105
534,-2.624701976776123
535,2.317553997039795
536,-4.873382568359375
537,0.1066446304321289
538,-3.9364967346191406
539,0.9948331713676453
540,1.332974910736084
541,7.310002326965332
542,22.589710235595703
543,3.806875228881836
544,7.257220268249512
545,7.97689962387085
546,8.982271194458008
547,3.3169403076171875
548,7.25979471206665
549,-11.51358413696289
550,-1.4112741947174072
551,-1.2082687616348267
552,0.7339378595352173
553,-5.826449394226074
554,-2.703702449798584
555,-11.3706693649292
556,-0.03479623794555664
557,-3.5081353187561035
558,13.318782806396484
559,29.76633071899414
560,3.038735866546631
561,15.554544448852539
562,-15.83421516418457
563,-18.29568862915039
564,15.254961967468262
565,10.215733528137207
566,10.125444412231445
567,10.648992538452148
568,-19.99580192565918
569,-5.959787368774414
570,-10.800568580627441
571,-3.350884199142456
572,14.856703758239746
573,0.6524067521095276
574,0.27131280303001404
575,1.7877757549285889
576,5.546263694763184
577,3.777599334716797
578,9.588935852050781
579,0.7507281303405762
580,5.195187568664551
581,2.274872064590454
582,-2.8506174087524414
583,25.303787231445312
584,11.580180168151855
585,22.105592727661133
586,13.655878067016602
587,12.085708618164062
588,11.139256477355957
589,3.903655767440796
590,13.578603744506836
591,24.437219619750977
592,8.224160194396973
593,-15.452974319458008
594,34.17850112915039
595,23.198057174682617
596,53.87177658081055
597,73.79949951171875
598,-29.68058204650879
599,-1.533203125
600,42.4720458984375
601,30.35828971862793
602,32.420372009277344
603,32.81440734863281
604,-14.588125228881836
605,30.12361717224121
606,85.206298828125
607,41.600181579589844
608,125.35415649414062
609,-7.162986755371094
610,-20.735532760620117
611,17.80887222290039
612,8.609328269958496
613,24.736478805541992
614,34.88746643066406
615,-13.701936721801758
616,10.121131896972656
617,7.338594436645508
618,2.167724609375
619,268.72784423828125
620,104.17210388183594
621,49.48492431640625
622,56.05142593383789
623,-111.640380859375
624,73.1077880859375
625,166.96055603027344
626,29.345829010009766
627,56.22410202026367
628,-10.9371337890625
629,-47.45012664794922
630,65.7684555053711
631,47.86605453491211
632,27.848386764526367
633,49.52786636352539
634,-70.52128601074219
635,-16.47085189819336
636,59.14457702636719
637,25.827537536621094
638,76.97205352783203
639,28.76934242248535
640,-64.1746826171875
641,50.384010314941406
642,73.99673461914062
643,60.50353240966797
644,128.9982452392578
645,-3.198579788208008
646,12.052360534667969
647,10.215008735656738
648,13.468552589416504
649,-5.684516906738281
650,0.9711589813232422
651,-1.2071601152420044
652,6.123743057250977
653,-26.355409622192383
654,0.07873916625976562
655,-1.4308946132659912
656,11.436609268188477
657,4.323287487030029
658,23.952388763427734
659,21.427902221679688
660,50.69343948364258
661,108.43348693847656
662,1.3809528350830078
663,47.90153121948242
664,-20.28102684020996
665,3.817404270172119
666,-3.6440553665161133
667,13.544588088989258
668,-35.35431671142578
669,-3.936305046081543
670,-24.06092643737793
671,0.09015846252441406
672,3.672137498855591
673,4.676984786987305
674,45.15840530395508
675,0.5625765323638916
676,-1.7184107303619385
677,16.845003128051758
678,28.978321075439453
679,22.335886001586914
680,56.78813552856445
681,-42.1745719909668
682,-7.301901817321777
683,-24.37811279296875
684,-8.6655855178833
685,17.583566665649414
686,19.548505783081055
687,-6.9874491691589355
688,19.75624656677246
689,-24.54617691040039
690,34.312950134277344
691,-35.75870132446289
692,84.27354431152344
693,109.01663208007812
694,107.2185287475586
695,185.7102813720703
696,10.149271011352539
697,33.92828369140625
698,47.70226287841797
699,47.58019256591797
700,22.680599212646484
701,32.131072998046875
702,11.735595703125
703,23.520233154296875
704,3.154575824737549
705,22.252532958984375
706,12.209371566772461
707,14.666512489318848
708,-68.71939849853516
709,38.930633544921875
710,-60.221763610839844
711,143.33364868164062
712,143.93768310546875
713,154.52664184570312
714,191.94424438476562
715,81.09353637695312
716,137.28973388671875
717,9.789079666137695
718,64.50032043457031
719,9.522672653198242
720,43.10547637939453
721,-19.106298446655273
722,20.4000244140625
723,-43.356388092041016
724,17.43437385559082
725,-43.507293701171875
726,44.7033805847168
727,25.519826889038086
728,79.87981414794922
729,85.229248046875
730,84.89177703857422
731,105.3929672241211
732,42.642452239990234
733,72.27581024169922
734,-29.259323120117188
735,17.102357864379883
736,-37.570682525634766
737,-2.8440628051757812
738,-0.7171838283538818
739,7.997743606567383
740,22.460315704345703
741,8.707961082458496
742,-37.61964797973633
743,32.07987594604492
744,-2.8611512184143066
745,71.02651977539062
746,85.39816284179688
747,10.881132125854492
748,-81.65284729003906
749,296.0399475097656
750,193.23960876464844
751,133.1593017578125
752,159.05624389648438
753,-138.75778198242188
754,17.37879753112793
755,-20.283958435058594
756,18.45004653930664
757,-44.069366455078125
758,21.912235260009766
759,16.95087432861328
760,12.426374435424805
761,1.1911122798919678
762,33.29523468017578
763,57.25902557373047
764,-1.7487220764160156
765,1.212538719177246
766,52.09849548339844
767,16.423397064208984
768,150.2982940673828
769,90.67559814453125
770,49.159732818603516
771,60.823150634765625
772,-37.7980842590332
773,30.024065017700195
774,-8.94381332397461
775,24.401227951049805
776,15.809932708740234
777,23.685401916503906
778,16.085941314697266
779,20.428382873535156
780,-1.8515499830245972
781,41.71551513671875
782,28.880207061767578
783,6.19839334487915
784,-5.843608856201172
785,72.96701049804688
786,33.670936584472656
787,46.49842071533203
788,31.633499145507812
789,-40.57321548461914
790,10.490220069885254
791,20.055282592773438
792,12.624908447265625
793,41.777679443359375
794,-10.315910339355469
795,-9.250055313110352
796,-22.46851348876953
797,-50.05499267578125
798,43.543025970458984
799,19.64803695678711
800,78.4239273071289
801,85.63806915283203
802,-57.4372444152832
803,10.161148071289062
804,76.13484191894531
805,40.055538177490234
806,330.42608642578125
807,59.75370788574219
808,-1.5924549102783203
809,2.3549041748046875
810,-60.935829162597656
811,-5.144054412841797
812,-29.589374542236328
813,-3.408639907836914
814,-15.640081405639648
815,7.3389692306518555
816,-4.630891799926758
817,41.88456344604492
818,14.618247032165527
819,102.16856384277344
820,62.68042755126953
821,-3.032154083251953
822,38.012855529785156
823,116.83900451660156
824,69.88826751708984
825,270.52716064453125
826,18.470340728759766
827,-32.11363220214844
828,1.3455123901367188
829,-51.77073669433594
830,16.896167755126953
831,-22.789081573486328
832,37.43170928955078
833,-2.0923104286193848
834,51.014793395996094
835,24.144859313964844
836,45.23045349121094
837,36.592437744140625
838,94.02090454101562
839,62.39908981323242
840,47.336448669433594
841,52.59278106689453
842,65.61477661132812
843,40.92906951904297
844,42.57809829711914
845,26.642879486083984
846,3.0438108444213867
847,40.48640823364258
848,47.13274002075195
849,-22.736753463745117
850,-13.286218643188477
851,16.808799743652344
852,13.768802642822266
853,12.881171226501465
854,19.96183204650879
855,49.4398078918457
856,41.7777214050293
857,78.62411499023438
858,54.45104217529297
859,-25.840103149414062
860,72.99056243896484
861,-69.34725189208984
862,202.33160400390625
863,289.85845947265625
864,75.88301086425781
865,195.5601043701172
866,-77.55799865722656
867,-20.839130401611328
868,41.20920944213867
869,24.620620727539062
870,6.324202537536621
871,13.550117492675781
872,-36.170162200927734
873,3.020625591278076
874,-22.693471908569336
875,30.587310791015625
876,115.7353515625
877,26.332162857055664
878,-8.660371780395508
879,46.78114700317383
880,14.393325805664062
881,111.39862823486328
882,157.5514678955078
883,-4.917743682861328
884,50.60359573364258
885,-21.592430114746094
886,5.888530731201172
887,-1.4063184261322021
888,9.87919807434082
889,7.594971656799316
890,15.937199592590332
891,-55.06527328491211
892,20.825620651245117
893,54.42986297607422
894,17.842323303222656
895,51.28056335449219
896,-1.1571540832519531
897,-10.325873374938965
898,47.124595642089844
899,49.094642639160156
900,21.295438766479492
901,26.60822868347168
902,19.400243759155273
903,20.451114654541016
904,27.246183395385742
905,16.166236877441406
906,-9.114568710327148
907,-2.616405963897705
908,-39.57082748413086
909,-1.4397528171539307
910,-12.518473625183105
911,27.892040252685547
912,73.2003173828125
913,6.586598873138428
914,28.674108505249023
915,3.4972829818725586
916,5.612992763519287
917,28.268714904785156
918,15.650816917419434
919,59.35295867919922
920,13.227436065673828
921,207.989013671875
922,80.37710571289062
923,72.28550720214844
924,43.04906463623047
925,-18.146713256835938
926,19.491769790649414
927,-25.2095890045166
928,15.949573516845703
929,-6.947299957275391
930,15.957971572875977
931,-9.423755645751953
932,21.34403419494629
933,-10.12324333190918
934,78.45740509033203
935,51.97932434082031
936,84.34617614746094
937,55.96380615234375
938,169.91110229492188
939,82.96258544921875
940,153.65162658691406
941,62.5750617980957
942,-97.00440216064453
943,33.5929069519043
944,5.567141056060791
945,21.642070770263672
946,5.260647773742676
947,1.6158943176269531
948,-20.524593353271484
949,11.777159690856934
950,-19.305118560791016
951,81.74082946777344
952,43.82056427001953
953,142.49237060546875
954,106.07107543945312
955,-8.104815483093262
956,49.574066162109375
957,26.27018165588379
958,47.670101165771484
959,63.83522033691406
960,44.196434020996094
961,18.413057327270508
962,52.20071792602539
963,62.50927734375
964,36.193546295166016
965,53.955963134765625
966,9.338255882263184
967,23.524776458740234
968,33.5500602722168
969,39.07462692260742
970,73.06283569335938
971,76.98152160644531
972,15.821718215942383
973,64.56886291503906
974,3.7471866607666016
975,72.8292236328125
976,1.412576675415039
977,132.00401306152344
978,189.50738525390625
979,204.7216796875
980,449.71856689453125
981,-17.59233856201172
982,49.229820251464844
983,1.6992912292480469
984,1.690509557723999
985,32.71799850463867
986,22.97869110107422
987,47.96555709838867
988,44.4796142578125
989,-13.100602149963379
990,32.12821578979492
991,63.9482536315918
992,59.77515411376953
993,266.896728515625
994,42.47050857543945
995,29.582500457763672
996,68.46603393554688
997,100.85128021240234
998,35.09372329711914
999,52.302818298339844
1000,-3.0976076126098633
1001,-12.995491027832031
1002,63.20111083984375
1003,36.250274658203125
1004,41.059486389160156
1005,30.988040924072266
1006,-15.748318672180176
1007,5.5545830726623535
1008,12.571022033691406
1009,18.30914306640625
1010,105.86238861083984
1011,15.440324783325195
1012,28.014392852783203
1013,9.62596607208252
1014,-23.510587692260742
1015,40.33586502075195
1016,13.344769477844238
1017,52.0941047668457
1018,37.79578399658203
1019,26.81153678894043
1020,19.50693130493164
1021,58.77147674560547
1022,37.28950881958008
1023,29.871135711669922
1024,28.750778198242188
1025,-20.632308959960938
1026,17.409542083740234
1027,47.260772705078125
1028,12.455081939697266
1029,19.323749542236328
1030,0.5845584869384766
1031,-55.39799118041992
1032,45.65109634399414
1033,-38.062782287597656
1034,136.1737823486328
1035,60.02830505371094
1036,171.42555236816406
1037,120.88052368164062
1038,119.4007568359375
1039,109.91160583496094
1040,-72.95162963867188
1041,24.48369789123535
1042,-83.84973907470703
1043,15.820777893066406
1044,-24.0495548248291
1045,36.31568908691406
1046,12.618263244628906
1047,36.03001022338867
1048,-36.88050842285156
1049,116.08101654052734
1050,61.23014831542969
1051,172.2510986328125
1052,184.3367462158203
1053,-38.07603454589844
1054,44.97526168823242
1055,11.442832946777344
1056,42.73706817626953
1057,26.716175079345703
1058,37.69187927246094
1059,-79.95904541015625
1060,23.478519439697266
1061,-26.9461669921875
1062,57.097755432128906
1063,99.19744873046875
1064,42.760162353515625
1065,79.0539321899414
1066,13.10163688659668
1067,10.414161682128906
1068,82.72314453125
1069,86.44900512695312
1070,20.942712783813477
1071,64.42292022705078
1072,-24.9675350189209
1073,35.816200256347656
1074,46.08934020996094
1075,50.40220260620117
1076,70.08452606201172
1077,54.46944046020508
1078,67.41057586669922
1079,52.277427673339844
1080,48.87276840209961
1081,86.60063171386719
1082,181.521728515625
1083,-8.72738265991211
1084,66.09033203125
1085,-22.611923217773438
1086,3.5919227600097656
1087,73.28321838378906
1088,67.25865173339844
1089,53.94313430786133
1090,73.73169708251953
1091,138.78904724121094
1092,109.7293930053711
1093,54.50963592529297
1094,141.00161743164062
1095,389.39300537109375
1096,107.74280548095703
1097,366.05572509765625
1098,-86.99201965332031
1099,-94.58460998535156
1100,0.9731674194335938
1101,-52.645545959472656
1102,26.67601776123047
1103,-24.348989486694336
1104,93.20340728759766
1105,23.050765991210938
1106,177.40457153320312
1107,73.62854766845703
1108,359.31536865234375
1109,119.27316284179688
1110,297.1302490234375
1111,43.094886779785156
1112,-74.27528381347656
1113,13.946901321411133
1114,-59.795814514160156
1115,17.798648834228516
1116,-21.20627212524414
1117,-20.231056213378906
1118,-94.9844970703125
1119,102.06692504882812
1120,-10.646808624267578
1121,252.25704956054688
1122,133.3799591064453
1123,70.84645080566406
1124,76.23169708251953
1125,-14.209609985351562
1126,40.700992584228516
1127,96.10868835449219
1128,31.990694046020508
1129,63.084564208984375
1130,-6.822578430175781
1131,-69.15087890625
1132,32.279537200927734
1133,-9.024298667907715
1134,62.50083923339844
1135,45.95817184448242
1136,23.20462417602539
1137,12.768648147583008
1138,95.53853607177734
1139,47.479061126708984
1140,154.69541931152344
1141,78.64360809326172
1142,57.209373474121094
1143,52.05233383178711
1144,2.722923755645752
1145,43.7084846496582
1146,19.8724365234375
1147,27.564449310302734
1148,-8.171656608581543
1149,36.62286376953125
1150,-7.641552448272705
1151,78.89079284667969
1152,50.023109436035156
1153,78.95170593261719
1154,48.99196243286133
1155,176.6600341796875
1156,130.88340759277344
1157,-41.906517028808594
1158,50.18817138671875
1159,-147.77090454101562
1160,27.65607452392578
1161,7.548243522644043
1162,69.720703125
1163,56.74726104736328
1164,123.70928955078125
1165,191.54437255859375
1166,51.37948226928711
1167,60.58015441894531
1168,85.86384582519531
1169,125.92355346679688
1170,-25.384653091430664
1171,58.300628662109375
1172,-107.65609741210938
1173,-21.235502243041992
1174,-36.21585464477539
1175,2.364870548248291
1176,-138.8038787841797
1177,16.49336051940918
1178,92.83651733398438
1179,74.88230895996094
1180,147.3297576904297
1181,107.7661361694336
1182,239.5040283203125
1183,19.55849266052246
1184,125.90398406982422
1185,-77.3373031616211
1186,-37.4915771484375
1187,34.9838752746582
1188,48.30841064453125
1189,-108.51358032226562
1190,-18.827068328857422
1191,37.53599548339844
1192,36.028751373291016
1193,127.08419036865234
1194,73.7505874633789
1195,82.77595520019531
1196,92.89910888671875
1197,142.85877990722656
1198,89.665771484375
1199,98.70521545410156
1200,116.15850067138672
1201,182.0004119873047
1202,-4.299919128417969
1203,48.985721588134766
1204,20.303016662597656
1205,32.713951110839844
1206,55.94073486328125
1207,52.12881851196289
1208,37.20242691040039
1209,62.09813690185547
1210,111.52933502197266
1211,76.03972625732422
1212,-114.11634063720703
1213,149.85006713867188
1214,252.3538818359375
1215,160.8154296875
1216,376.9390869140625
1217,-38.074546813964844
1218,15.148736953735352
1219,43.24360656738281
1220,4.94090461730957
1221,123.32626342773438
1222,44.31986618041992
1223,269.32904052734375
1224,153.55072021484375
1225,-78.32788848876953
1226,43.703041076660156
1227,62.08340835571289
1228,54.04291915893555
1229,167.28541564941406
1230,10.10971450805664
1231,-67.17194366455078
1232,31.81503677368164
1233,-26.69723129272461
1234,64.99713897705078
1235,6.707075119018555
1236,133.34408569335938
1237,113.50248718261719
1238,19.79792022705078
1239,39.682289123535156
1240,116.37689971923828
1241,70.81105041503906
1242,30.397056579589844
1243,45.00140380859375
1244,-165.30923461914062
1245,23.573211669921875
1246,-20.994476318359375
1247,52.49432373046875
1248,100.75577545166016
1249,60.55438232421875
1250,163.53692626953125
1251,-36.999141693115234
1252,2.0368785858154297
1253,-16.44408416748047
1254,-42.07759475708008
1255,166.3615264892578
1256,95.72402954101562
1257,69.53563690185547
1258,65.85603332519531
1259,106.3484115600586
1260,57.275909423828125
1261,3.1315674781799316
1262,34.64210891723633
1263,-15.009321212768555
1264,46.30513381958008
1265,50.92312240600586
1266,36.853721618652344
1267,36.93703079223633
1268,54.449371337890625
1269,114.94778442382812
1270,-61.07278060913086
1271,-12.908270835876465
1272,34.58794021606445
1273,10.581977844238281
1274,231.69064331054688
1275,119.07534790039062
1276,21.994335174560547
1277,75.68125915527344
1278,-38.58008575439453
1279,88.968505859375
1280,163.4300994873047
1281,107.95547485351562
1282,296.504150390625
1283,-51.22328186035156
1284,-27.984811782836914
1285,-40.21170425415039
1286,-108.15504455566406
1287,104.756591796875
1288,43.47148132324219
1289,50.1456298828125
1290,61.81306076049805
1291,-137.70870971679688
1292,-15.313175201416016
1293,33.6446418762207
1294,28.831356048583984
1295,317.935791015625
1296,28.345558166503906
1297,-40.89575958251953
1298,45.03777313232422
1299,65.54225158691406
1300,35.31086349487305
1301,121.77098846435547
1302,-79.99232482910156
1303,-39.10285186767578
1304,-35.93360900878906
1305,-71.02176666259766
1306,122.25617980957031
1307,33.67778778076172
1308,209.88473510742188
1309,106.74153137207031
1310,-55.509639739990234
1311,65.11962127685547
1312,87.1676025390625
1313,92.66252136230469
1314,183.09153747558594
1315,66.56123352050781
1316,16.58843994140625
1317,114.50428771972656
1318,108.86270904541016
1319,84.25694274902344
1320,83.67864227294922
1321,53.72446060180664
1322,60.58628845214844
1323,85.34371948242188
1324,68.00599670410156
1325,180.19073486328125
1326,106.3131332397461
1327,89.07652282714844
1328,80.39041137695312
1329,-69.60563659667969
1330,83.084228515625
1331,-141.05360412597656
1332,217.5299530029297
1333,288.43011474609375
1334,177.817138671875
1335,300.19189453125
1336,-10.849922180175781
1337,-24.254295349121094
1338,288.8645935058594
1339,185.3208770751953
1340,216.55490112304688
1341,215.72096252441406
1342,-226.4047088623047
1343,26.981426239013672
1344,-221.0694580078125
1345,31.044309616088867
1346,80.82782745361328
1347,96.39993286132812
1348,278.8057861328125
1349,35.50996780395508
1350,19.168027877807617
1351,75.90530395507812
1352,29.043800354003906
1353,177.7084503173828
1354,212.02557373046875
1355,-37.79397964477539
1356,68.10757446289062
1357,-80.3187255859375
1358,-5.942651748657227
1359,-5.639762878417969
1360,20.476911544799805
1361,-46.920108795166016
1362,35.71248245239258
1363,10.558453559875488
1364,80.51449584960938
1365,131.35198974609375
1366,82.18997192382812
1367,173.410888671875
1368,20.754257202148438
1369,58.238128662109375
1370,57.805877685546875
1371,91.60684204101562
1372,6.633207321166992
1373,42.82414245605469
1374,-0.7344417572021484
1375,18.990684509277344
1376,211.197265625
1377,87.07763671875
1378,78.88975524902344
1379,55.488250732421875
1380,-40.5479621887207
1381,52.313045501708984
1382,-23.789400100708008
1383,128.8043975830078
1384,206.70733642578125
1385,41.330177307128906
1386,119.67955780029297
1387,-49.05461120605469
1388,-19.93248176574707
1389,51.908416748046875
1390,40.98558807373047
1391,102.09437561035156
1392,71.3645248413086
1393,201.56109619140625
1394,104.63455200195312
1395,40.25858688354492
1396,75.27617645263672
1397,77.42198181152344
1398,71.08396911621094
1399,143.0850067138672
1400,-11.169719696044922
1401,-27.828533172607422
1402,14.287556648254395
1403,-8.762404441833496
1404,31.894466400146484
1405,-20.90148162841797
1406,137.0497283935547
1407,65.7021713256836
1408,65.20144653320312
1409,50.486480712890625
1410,15.000368118286133
1411,25.246177673339844
1412,47.037391662597656
1413,13.637880325317383
1414,26.640827178955078
1415,0.40592578053474426
1416,41.63286209106445
1417,-40.826393127441406
1418,-71.50639343261719
1419,-2.8950228691101074
1420,-34.89521789550781
1421,37.722537994384766
1422,-10.017389297485352
1423,163.04559326171875
1424,101.73826599121094
1425,36.00498580932617
1426,57.16344451904297
1427,51.44063186645508
1428,57.820011138916016
1429,223.86648559570312
1430,59.738155364990234
1431,-31.441566467285156
1432,54.67588806152344
1433,-57.90132141113281
1434,122.88107299804688
1435,64.28330993652344
1436,166.13888549804688
1437,176.7852325439453
1438,49.7623291015625
1439,68.21269226074219
1440,97.45306396484375
1441,60.8193473815918
1442,310.4677734375
1443,167.71990966796875
1444,70.76719665527344
1445,94.42181396484375
1446,-49.99020767211914
1447,59.67681121826172
1448,15.961115837097168
1449,51.73656463623047
1450,-140.08294677734375
1451,190.4633026123047
1452,65.07156372070312
1453,323.3658447265625
1454,342.9049072265625
1455,144.24310302734375
1456,230.324951171875
1457,30.363622665405273
1458,123.88407897949219
1459,-76.07805633544922
1460,51.3173942565918
1461,-103.46478271484375
1462,38.49869155883789
1463,-10.326034545898438
1464,85.88664245605469
1465,65.95255279541016
1466,144.49166870117188
1467,228.7926025390625
1468,100.36912536621094
1469,202.49703979492188
1470,-20.023479461669922
1471,8.693380355834961
1472,45.747222900390625
1473,43.025596618652344
1474,-12.0454740524292
1475,31.47091293334961
1476,-105.15888977050781
1477,-10.032882690429688
1478,-50.098052978515625
1479,25.2419490814209
1480,110.84461975097656
1481,77.03294372558594
1482,217.1090545654297
1483,24.871063232421875
1484,-14.807766914367676
1485,50.620033264160156
1486,-21.130956649780273
1487,166.0633544921875
1488,173.64605712890625
1489,68.42798614501953
1490,123.48303985595703
1491,34.2374382019043
1492,72.22222137451172
1493,52.554283142089844
1494,63.45920181274414
1495,133.4936065673828
1496,69.4469223022461
1497,11.986078262329102
1498,33.83086395263672
1499,-126.8787841796875
1500,121.75981140136719
1501,213.64749145507812
1502,69.29006958007812
1503,136.37442016601562
1504,34.45564651489258
1505,68.72068786621094
1506,15.09740924835205
1507,43.096073150634766
1508,2.324885368347168
1509,45.071746826171875
1510,-7.688444137573242
1511,42.234642028808594
1512,145.57040405273438
1513,85.59605407714844
1514,383.7494201660156
1515,48.98720169067383
1516,-17.395584106445312
1517,16.051437377929688
1518,-103.8639907836914
1519,56.652339935302734
1520,-19.097211837768555
1521,86.27530670166016
1522,41.5089111328125
1523,99.65699768066406
1524,90.61735534667969
1525,-34.41920852661133
1526,-2.3734207153320312
1527,138.90072631835938
1528,38.90522003173828
1529,28.993053436279297
1530,-2.5788207054138184
1531,-148.26808166503906
1532,-6.840353965759277
1533,-10.712311744689941
1534,-10.76827335357666
1535,-16.24505615234375
1536,-21.83053970336914
1537,-39.47032928466797
1538,31.19471549987793
1539,19.439388275146484
1540,106.18045043945312
1541,101.88775634765625
1542,60.859764099121094
1543,86.76412963867188
1544,-62.336456298828125
1545,36.47979736328125
1546,128.9302978515625
1547,84.44035339355469
1548,168.64459228515625
1549,78.47099304199219
1550,-9.560903549194336
1551,109.17298889160156
1552,98.79269409179688
1553,97.79426574707031
1554,128.8101806640625
1555,44.25690841674805
1556,61.84297180175781
1557,40.2861328125
1558,11.054271697998047
1559,219.55027770996094
1560,109.25335693359375
1561,260.35614013671875
1562,140.27459716796875
1563,81.4837646484375
1564,91.81140899658203
1565,27.548133850097656
1566,50.08393096923828
1567,-21.934242248535156
1568,36.51921081542969
1569,-87.22130584716797
1570,128.26031494140625
1571,-71.26826477050781
1572,434.6658935546875
1573,338.1014099121094
1574,186.42623901367188
1575,268.1224365234375
1576,-118.65943908691406
1577,73.89815521240234
1578,-49.67043685913086
1579,57.16471481323242
1580,-48.26467514038086
1581,58.475379943847656
1582,18.546926498413086
1583,77.40180969238281
1584,49.62915802001953
1585,131.5038604736328
1586,170.52420043945312
1587,128.3214874267578
1588,225.89215087890625
1589,-68.6847915649414
1590,-1.4161920547485352
1591,-11.62661361694336
1592,-5.437662124633789
1593,10.825767517089844
1594,21.749635696411133
1595,-158.5574188232422
1596,-16.74810218811035
1597,-26.378976821899414
1598,42.50154113769531
1599,174.18699645996094
1600,82.2065658569336
1601,191.82350158691406
1602,44.82502746582031
1603,60.05387878417969
1604,50.95482635498047
1605,3.6688265800476074
1606,181.41099548339844
1607,164.6799774169922
1608,45.169288635253906
1609,85.45753479003906
1610,48.39189910888672
1611,56.25146484375
1612,122.36512756347656
1613,67.43724822998047
1614,33.664939880371094
1615,48.722957611083984
1616,-44.83271026611328
1617,61.54368591308594
1618,-10.731249809265137
1619,116.98011016845703
1620,150.15951538085938
1621,77.71333312988281
1622,136.12364196777344
1623,48.38841247558594
1624,105.18739318847656
1625,-20.733837127685547
1626,41.520423889160156
1627,-71.45130920410156
1628,1.2193412780761719
1629,36.18565368652344
1630,46.24979019165039
1631,172.73431396484375
1632,94.48243713378906
1633,301.35601806640625
1634,31.57176971435547
1635,50.87639617919922
1636,-19.24829864501953
1637,-102.29021453857422
1638,60.925174713134766
1639,-7.827756881713867
1640,63.34763717651367
1641,19.581878662109375
1642,45.1391716003418
1643,7.802964210510254
1644,77.97152709960938
1645,15.078361511230469
1646,183.47100830078125
1647,32.643524169921875
1648,39.85826873779297
1649,-20.43105125427246
1650,-152.35853576660156
1651,-24.266380310058594
1652,-86.23777770996094
1653,-28.106761932373047
1654,-70.90013122558594
1655,-22.10662269592285
1656,-87.82828521728516
1657,127.8321533203125
1658,73.31654357910156
1659,107.64979553222656
1660,101.45504760742188
1661,53.30469512939453
1662,83.88832092285156
1663,-0.4166712760925293
1664,72.99911499023438
1665,73.04911804199219
1666,95.27421569824219
1667,143.6292724609375
1668,82.75871276855469
1669,22.207183837890625
1670,129.5151824951172
1671,136.7957305908203
1672,63.03653335571289
1673,97.78363800048828
1674,12.35991382598877
1675,18.765962600708008
1676,147.8102264404297
1677,87.37770080566406
1678,167.8525848388672
1679,106.48751831054688
1680,203.46322631835938
1681,109.34937286376953
1682,73.44424438476562
1683,79.49617767333984
1684,87.98710632324219
1685,29.611934661865234
1686,-15.016523361206055
1687,19.329349517822266
1688,-56.40288543701172
1689,66.81990051269531
1690,-51.71470642089844
1691,258.6479187011719
1692,113.54901885986328
1693,391.1458740234375
1694,272.55255126953125
1695,-14.447644233703613
1696,122.9178695678711
1697,-155.3713836669922
1698,50.073280334472656
1699,-59.32945251464844
1700,60.30447769165039
1701,-32.386905670166016
1702,97.17889404296875
1703,4.5691070556640625
1704,192.27301025390625
1705,218.61715698242188
1706,109.63365173339844
1707,190.42393493652344
1708,-3.199115753173828
1709,95.98258972167969
1710,-81.15750122070312
1711,18.659345626831055
1712,-131.52655029296875
1713,-29.47101593017578
1714,-173.2173614501953
1715,-9.10148811340332
1716,-3.1119284629821777
1717,87.91835021972656
1718,302.8252258300781
1719,73.79719543457031
1720,189.44161987304688
1721,40.80696105957031
1722,81.48252868652344
1723,48.03084182739258
1724,42.45500564575195
1725,105.58668518066406
1726,90.06134796142578
1727,110.37728881835938
1728,93.22056579589844
1729,58.022979736328125
1730,60.72260284423828
1731,111.67252349853516
1732,46.068504333496094
1733,-78.9814453125
1734,48.01519012451172
1735,-11.40064811706543
1736,89.68853759765625
1737,93.41914367675781
1738,99.15430450439453
1739,125.14370727539062
1740,66.60627746582031
1741,119.2664794921875
1742,2.0228018760681152
1743,45.20399475097656
1744,21.424633026123047
1745,41.200050354003906
1746,-42.982181549072266
1747,24.172077178955078
1748,-38.44407272338867
1749,47.761192321777344
1750,158.68223571777344
1751,54.34429931640625
1752,120.00172424316406
1753,46.2247314453125
1754,111.75306701660156
1755,-10.831987380981445
1756,19.03847312927246
1757,-30.497520446777344
1758,-54.48483657836914
1759,57.35047149658203
1760,17.26832389831543
1761,-13.986268997192383
1762,-17.36581039428711
1763,128.1644744873047
1764,22.26944351196289
1765,192.7981414794922
1766,-3.620525360107422
1767,-65.06051635742188
1768,-26.559551239013672
1769,-59.325294494628906
1770,-36.929195404052734
1771,-78.990478515625
1772,-42.187347412109375
1773,-96.0142822265625
1774,-2.161651611328125
1775,-70.37332916259766
1776,154.66012573242188
1777,56.64733123779297
1778,182.81924438476562
1779,120.02921295166016
1780,-10.614376068115234
1781,64.1973876953125
1782,-38.660255432128906
1783,65.76165008544922
1784,48.600746154785156
1785,97.95753479003906
1786,156.17425537109375
1787,56.673500061035156
1788,22.352293014526367
1789,83.11341857910156
1790,61.19235610961914
1791,111.4718246459961
1792,124.09406280517578
1793,22.694480895996094
1794,64.43423461914062
1795,66.11997985839844
1796,64.98958587646484
1797,160.3251953125
1798,91.10677337646484
1799,228.35842895507812
1800,77.18161010742188
1801,69.60655975341797
1802,39.196598052978516
1803,-39.584007263183594
1804,52.840675354003906
1805,38.81051254272461
1806,28.237491607666016
1807,7.711173057556152
1808,53.06928634643555
1809,6.829753875732422
1810,157.098388671875
1811,103.94290161132812
1812,76.13336181640625
1813,94.16189575195312
1814,136.77267456054688
1815,99.5157241821289
1816,35.736671447753906
1817,66.57501220703125
1818,24.97536277770996
1819,44.940128326416016
1820,-11.886739730834961
1821,69.16829681396484
1822,-24.230419158935547
1823,176.82073974609375
1824,148.63912963867188
1825,88.81874084472656
1826,132.5643768310547
1827,-98.908203125
1828,6.447139739990234
1829,-59.81378173828125
1830,-1.7316474914550781
1831,52.06089782714844
1832,20.56560516357422
1833,-87.76573944091797
1834,18.664409637451172
1835,-92.51214599609375
1836,127.33747100830078
1837,211.166259765625
1838,131.79010009765625
1839,259.58740234375
1840,19.91431999206543
1841,125.4002685546875
1842,-47.17816925048828
1843,6.728145599365234
1844,63.92860412597656
1845,45.79201889038086
1846,130.68243408203125
1847,86.0118637084961
1848,7.713489055633545
1849,51.573055267333984
1850,80.9168472290039
1851,53.00529098510742
1852,90.77849578857422
1853,39.03202438354492
1854,22.10137176513672
1855,61.162105560302734
1856,50.665771484375
1857,89.6451644897461
1858,111.81884002685547
1859,17.012121200561523
1860,55.053680419921875
1861,-21.83111572265625
1862,12.253860473632812
1863,54.54756164550781
1864,42.51839828491211
1865,23.552433013916016
1866,44.012962341308594
1867,-20.04530143737793
1868,66.11488342285156
1869,128.63369750976562
1870,69.38227081298828
1871,189.34259033203125
1872,-0.3286018371582031
1873,74.61018371582031
1874,-46.32951736450195
1875,-43.24523162841797
1876,18.566020965576172
1877,-28.279563903808594
1878,72.07392120361328
1879,19.39931869506836
1880,26.730913162231445
1881,10.660004615783691
1882,113.45816040039062
1883,17.47499656677246
1884,93.42483520507812
1885,-19.74129867553711
1886,30.680728912353516
1887,-72.37322235107422
1888,-112.01235961914062
1889,-60.65778350830078
1890,-119.17178344726562
1891,-2.980158805847168
1892,-26.74932861328125
1893,-34.12384796142578
1894,-45.49501419067383
1895,132.00189208984375
1896,52.15699005126953
1897,218.3622283935547
1898,102.98375701904297
1899,68.09713745117188
1900,56.25950241088867
1901,0.37145042419433594
1902,44.109519958496094
1903,-6.646533966064453
1904,65.81886291503906
1905,52.59223175048828
1906,70.42120361328125
1907,69.76171875
1908,45.7472038269043
1909,31.959692001342773
1910,97.8525390625
1911,71.00897979736328
1912,94.94302368164062
1913,90.42764282226562
1914,35.47597122192383
1915,68.95248413085938
1916,118.70398712158203
1917,85.38150024414062
1918,170.29714965820312
1919,60.826629638671875
1920,32.929893493652344
1921,60.97960662841797
1922,63.36741638183594
1923,13.143061637878418
1924,16.10309410095215
1925,-4.8123626708984375
1926,-33.82056427001953
1927,100.30139923095703
1928,37.901092529296875
1929,112.32197570800781
1930,60.35605239868164
1931,108.0535659790039
1932,82.86410522460938
1933,121.41319274902344
1934,74.66465759277344
1935,-58.62388229370117
1936,66.09172821044922
1937,4.258638381958008
1938,63.97118377685547
1939,33.59552001953125
1940,71.16033935546875
1941,22.162046432495117
1942,141.54933166503906
1943,109.73089599609375
1944,71.66896057128906
1945,75.31085205078125
1946,-9.900712013244629
1947,44.634891510009766
1948,-128.95643615722656
1949,-4.00920295715332
1950,-16.888080596923828
1951,10.164485931396484
1952,-20.77372932434082
1953,18.569416046142578
1954,-81.87939453125
1955,127.28050231933594
1956,125.3675308227539
1957,177.86859130859375
1958,248.98033142089844
1959,84.97438049316406
1960,193.9652557373047
1961,-77.15463256835938
1962,59.87930679321289
1963,-109.00848388671875
1964,-9.079490661621094
1965,86.45634460449219
1966,45.64855194091797
1967,100.71466064453125
1968,54.73162841796875
1969,55.09703826904297
1970,57.56943130493164
1971,80.49515533447266
1972,50.63638687133789
1973,77.61820220947266
1974,41.355743408203125
1975,71.78944396972656
1976,16.696130752563477
1977,56.598419189453125
1978,-5.0540242195129395
1979,25.71660614013672
1980,38.249717712402344
1981,36.201210021972656
1982,80.06483459472656
1983,45.8984375
1984,3.03067684173584
1985,36.928672790527344
1986,-22.111452102661133
1987,71.29316711425781
1988,113.54183959960938
1989,68.11363220214844
1990,149.2249755859375
1991,8.870292663574219
1992,92.61172485351562
1993,-41.223670959472656
1994,25.024017333984375
1995,-79.48262023925781
1996,-51.42152786254883
1997,77.58744812011719
1998,13.103540420532227
1999,44.654937744140625
2000,17.934709548950195
2001,59.22749328613281
2002,21.781997680664062
2003,138.3665771484375
2004,-9.53205680847168
2005,99.57684326171875
2006,-85.17406463623047
2007,-43.83229446411133
2008,-99.13231658935547
2009,-99.99559783935547
2010,-48.660945892333984
2011,-64.3851547241211
2012,-29.316877365112305
2013,-47.92180633544922
2014,112.60610961914062
2015,32.13515853881836
2016,218.5592498779297
2017,80.94712829589844
2018,236.4417266845703
2019,53.35133361816406
2020,82.6337890625
2021,-4.341327667236328
2022,-67.93516540527344
2023,1.4708023071289062
2024,-60.775794982910156
2025,64.95600891113281
2026,22.303340911865234
2027,73.46572875976562
2028,36.66625213623047
2029,82.13600158691406
2030,46.54524230957031
2031,137.3639678955078
2032,90.49301147460938
2033,119.74406433105469
2034,87.77422332763672
2035,141.49432373046875
2036,72.21173858642578
2037,69.23930358886719
2038,40.581478118896484
2039,-10.383091926574707
2040,68.6195068359375
2041,42.656768798828125
2042,63.394989013671875
2043,68.31024932861328
2044,-7.720907211303711
2045,-3.573019027709961
2046,57.88086700439453
2047,32.09035873413086
2048,71.02772521972656
2049,35.33529281616211
2050,134.10523986816406
2051,65.97193908691406
2052,159.40542602539062
2053,53.45323181152344
2054,-34.15326690673828
2055,56.365089416503906
2056,-71.21142578125
2057,122.20143127441406
2058,110.55545043945312
2059,29.525259017944336
2060,11.308723449707031
2061,73.20340728759766
2062,38.84729766845703
2063,101.22482299804688
2064,61.46860122680664
2065,24.33343505859375
2066,42.29487991333008
2067,-107.99547576904297
2068,12.11797046661377
2069,-65.5520248413086
2070,37.388580322265625
2071,18.14890480041504
2072,52.23784255981445
2073,42.41200256347656
2074,76.85816955566406
2075,58.172508239746094
2076,121.78089904785156
2077,114.91915130615234
2078,142.0600128173828
2079,161.6380157470703
2080,-33.26072311401367
2081,74.44908142089844
2082,-166.94644165039062
2083,1.4989585876464844
2084,-63.81709289550781
2085,43.728023529052734
2086,155.0702667236328
2087,68.75117492675781
2088,136.37503051757812
2089,39.0711669921875
2090,28.7365665435791
2091,54.71497344970703
2092,66.36634063720703
2093,77.17819213867188
2094,120.17469024658203
2095,-18.262617111206055
2096,53.16572189331055
2097,-69.885498046875
2098,-3.8222427368164062
2099,6.929738998413086
2100,20.595497131347656
2101,118.35273742675781
2102,49.57818603515625
2103,127.84443664550781
2104,41.089046478271484
2105,5.204233646392822
2106,47.42332458496094
2107,33.76564025878906
2108,58.85594940185547
2109,83.12725830078125
2110,11.194061279296875
2111,66.62557983398438
2112,-71.01011657714844
2113,-5.860082626342773
2114,-76.18770599365234
2115,-37.74989700317383
2116,109.62908172607422
2117,17.345863342285156
2118,98.56427764892578
2119,16.66239356994629
2120,-32.54496383666992
2121,12.57863998413086
2122,36.471534729003906
2123,7.282269477844238
2124,74.50006866455078
2125,-41.375274658203125
2126,39.28253173828125
2127,-127.75943756103516
2128,-87.79643249511719
2129,-74.53857421875
2130,-79.80904388427734
2131,50.76335906982422
2132,1.428762435913086
2133,74.03038024902344
2134,37.318145751953125
2135,21.049442291259766
2136,44.512393951416016
2137,153.1121826171875
2138,47.156593322753906
2139,201.19076538085938
2140,-44.981101989746094
2141,-9.370439529418945
2142,-57.24235916137695
2143,-87.8728256225586
2144,20.793262481689453
2145,-38.2713623046875
2146,116.86731719970703
2147,48.5537223815918
2148,76.18426513671875
2149,48.039974212646484
2150,59.830135345458984
2151,51.23958969116211
2152,142.51998901367188
2153,70.34526062011719
2154,112.8763656616211
2155,48.49661636352539
2156,37.58795166015625
2157,37.52430725097656
2158,19.665542602539062
2159,42.03588104248047
2160,14.09408187866211
2161,75.98043060302734
2162,44.51756286621094
2163,63.72611999511719
2164,41.230369567871094
2165,53.75303649902344
2166,34.11725616455078
2167,89.17086791992188
2168,40.546409606933594
2169,83.10136413574219
2170,23.36163330078125
2171,44.05543899536133
2172,-3.3572235107421875
2173,-70.15898132324219
2174,33.21107864379883
2175,-49.118621826171875
2176,122.8346176147461
2177,99.76819610595703
2178,53.873451232910156
2179,70.65631866455078
2180,-27.46257781982422
2181,-11.335624694824219
2182,87.65077209472656
2183,27.28870964050293
2184,116.82640838623047
2185,32.410614013671875
2186,20.565452575683594
2187,-1.7749691009521484
2188,-148.47702026367188
2189,19.809829711914062
2190,-77.30255889892578
2191,85.80473327636719
2192,105.00645446777344
2193,18.04361915588379
2194,39.565673828125
2195,3.7109224796295166
2196,-23.72249412536621
2197,179.73355102539062
2198,94.2525863647461
2199,153.62034606933594
2200,102.33360290527344
2201,-27.177255630493164
2202,40.868289947509766
2203,-145.61004638671875
2204,30.757394790649414
2205,-60.8804817199707
2206,68.75051879882812
2207,85.31802368164062
2208,40.60375213623047
2209,27.854248046875
2210,68.54776763916016
2211,41.34978103637695
2212,124.48204040527344
2213,119.97064208984375
2214,26.69799041748047
2215,72.6247787475586
2216,-56.92198944091797
2217,26.996715545654297
2218,-39.08024597167969
2219,28.065757751464844
2220,2.3938047885894775
2221,40.14591979980469
2222,53.59456253051758
2223,39.602840423583984
2224,39.676902770996094
2225,47.98677062988281
2226,35.30202102661133
2227,61.439369201660156
2228,52.89577865600586
2229,57.15234375
2230,62.902828216552734
2231,15.282144546508789
2232,52.03949737548828
2233,-41.36888885498047
2234,17.648521423339844
2235,-35.73588180541992
2236,7.518479347229004
2237,3.031900405883789
2238,9.438555717468262
2239,11.965842247009277
2240,5.8669586181640625
2241,-19.68290901184082
2242,20.750869750976562
2243,15.19845962524414
2244,28.43724822998047
2245,52.079463958740234
2246,-28.699953079223633
2247,30.98862075805664
2248,-101.96310424804688
2249,-25.320083618164062
2250,-69.5693359375
2251,-19.336843490600586
2252,-13.048297882080078
2253,5.476269721984863
2254,-59.73881530761719
2255,47.702701568603516
2256,50.71176528930664
2257,105.46026611328125
2258,220.92031860351562
2259,40.361812591552734
2260,149.129150390625
2261,-75.13235473632812
2262,2.35225248336792
2263,-75.3927230834961
2264,-38.498268127441406
2265,-0.3667116165161133
2266,-0.6510124206542969
2267,45.617698669433594
2268,24.368696212768555
2269,40.663360595703125
2270,45.94763946533203
2271,120.5228271484375
2272,71.9583511352539
2273,148.94088745117188
2274,51.3658447265625
2275,56.82199478149414
2276,40.457435607910156
2277,26.110658645629883
2278,72.40088653564453
2279,59.77808380126953
2280,50.66546630859375
2281,43.53785705566406
2282,73.73440551757812
2283,52.116416931152344
2284,5.892388343811035
2285,28.052257537841797
2286,-11.929147720336914
2287,26.007890701293945
2288,34.270904541015625
2289,35.547218322753906
2290,49.70701599121094
2291,46.247047424316406
2292,101.15170288085938
2293,35.05330276489258
2294,66.96286010742188
2295,7.751971244812012
2296,-3.810344696044922
2297,87.46212768554688
2298,50.248870849609375
2299,61.98878479003906
2300,53.18141174316406
2301,-18.4443302154541
2302,14.453203201293945
2303,18.950721740722656
2304,15.950081825256348
2305,119.5823974609375
2306,-9.565603256225586
2307,70.28175354003906
2308,-57.667423248291016
2309,-73.64117431640625
2310,-22.788246154785156
2311,-55.99785614013672
2312,21.73598861694336
2313,-18.096084594726562
2314,49.393104553222656
2315,7.045269012451172
2316,148.20574951171875
2317,64.14226531982422
2318,220.7547607421875
2319,91.31036376953125
2320,70.10250091552734
2321,27.50776481628418
2322,-59.34210968017578
2323,6.186270713806152
2324,-62.71882629394531
2325,30.635326385498047
2326,-22.913524627685547
2327,67.05850982666016
2328,29.155906677246094
2329,55.06472396850586
2330,37.09074783325195
2331,70.42227935791016
2332,59.014949798583984
2333,61.92699432373047
2334,62.4554328918457
2335,53.03646469116211
2336,51.05061340332031
2337,95.71659851074219
2338,49.44390106201172
2339,71.63417053222656
2340,9.263519287109375
2341,-56.89894485473633
2342,28.398717880249023
2343,-24.391395568847656
2344,68.85293579101562
2345,51.29905700683594
2346,59.25526428222656
2347,48.63425827026367
2348,25.252599716186523
2349,20.23318862915039
2350,50.67797088623047
2351,27.317020416259766
2352,42.935707092285156
2353,30.97974395751953
2354,-32.84048843383789
2355,16.656803131103516
2356,-54.84233474731445
2357,47.016761779785156
2358,88.56640625
2359,12.54066276550293
2360,65.95752716064453
2361,-64.99302673339844
2362,-84.44157409667969
2363,25.845237731933594
2364,-20.485280990600586
2365,67.904541015625
2366,25.98457908630371
2367,-13.542059898376465
2368,4.235475540161133
2369,-67.10595703125
2370,-13.735689163208008
2371,-57.85785675048828
2372,0.2497650384902954
2373,-22.23550033569336
2374,17.062969207763672
2375,8.63467788696289
2376,46.289329528808594
2377,44.10163116455078
2378,68.16592407226562
2379,99.28578186035156
2380,4.611337184906006
2381,45.0627326965332
2382,-22.973281860351562
2383,25.73064422607422
2384,7.235967636108398
2385,40.60315704345703
2386,10.224679946899414
2387,49.72905349731445
2388,14.642090797424316
2389,53.741458892822266
2390,26.48240089416504
2391,87.66209411621094
2392,95.99964141845703
2393,105.56370544433594
2394,126.01283264160156
2395,96.35505676269531
2396,125.00068664550781
2397,33.676422119140625
2398,93.9021987915039
2399,-59.98740005493164
2400,22.768505096435547
2401,-82.82109069824219
2402,-2.0243453979492188
2403,41.208251953125
2404,28.340843200683594
2405,85.66390228271484
2406,38.56272888183594
2407,8.770036697387695
2408,57.919620513916016
2409,37.624061584472656
2410,103.14326477050781
2411,138.1519012451172
2412,59.0220947265625
2413,140.98794555664062
2414,-56.68268966674805
2415,19.65863609313965
2416,-42.94655227661133
2417,-11.388980865478516
2418,54.289939880371094
2419,20.4418888092041
2420,-20.600664138793945
2421,13.830639839172363
2422,-25.528614044189453
2423,32.00840377807617
2424,85.69010925292969
2425,30.400768280029297
2426,84.35096740722656
2427,0.2781660556793213
2428,68.6820297241211
2429,-45.403194427490234
2430,-1.5220017433166504
2431,-48.657081604003906
2432,-40.00897979736328
2433,45.13074493408203
2434,10.025506973266602
2435,53.60940170288086
2436,30.952848434448242
2437,111.37065124511719
2438,43.4012336730957
2439,99.30795288085938
2440,17.667654037475586
2441,-34.67401123046875
2442,25.637149810791016
2443,7.150237560272217
2444,56.78469467163086
2445,55.905582427978516
2446,30.54207420349121
2447,17.580591201782227
2448,33.005855560302734
2449,2.501497268676758
2450,106.03949737548828
2451,48.04951095581055
2452,163.1619873046875
2453,74.7869873046875
2454,62.77162170410156
2455,39.38241958618164
2456,-23.119932174682617
2457,15.046784400939941
2458,-22.307849884033203
2459,19.869768142700195
2460,-19.86281967163086
2461,29.32364273071289
2462,-31.039091110229492
2463,85.43370056152344
2464,40.314903259277344
2465,66.76106262207031
2466,38.99747085571289
2467,84.68121337890625
2468,44.83354949951172
2469,110.37025451660156
2470,50.02946472167969
2471,27.283750534057617
2472,9.689348220825195
2473,-81.47140502929688
2474,-10.94666862487793
2475,-92.7442626953125
2476,4.316840648651123
2477,-43.815086364746094
2478,18.145275115966797
2479,-17.653615951538086
2480,20.552196502685547
2481,-28.464635848999023
2482,86.48738098144531
2483,23.48847007751465
2484,88.61640930175781
2485,38.001365661621094
2486,-4.730010986328125
2487,-1.6931419372558594
2488,-131.4842071533203
2489,-33.78831481933594
2490,-153.0150146484375
2491,-6.733729362487793
2492,-35.9486198425293
2493,23.911666870117188
2494,36.82750701904297
2495,21.143428802490234
2496,34.93864822387695
2497,39.48654556274414
2498,42.165321350097656
2499,88.17765045166016
2500,78.24073028564453
2501,60.86951446533203
2502,70.47114562988281
2503,19.80310821533203
2504,56.42816162109375
2505,18.907106399536133
2506,49.43146896362305
2507,21.099929809570312
2508,40.36996078491211
2509,18.891481399536133
2510,47.359378814697266
2511,43.30744552612305
2512,66.27780151367188
2513,96.12982940673828
2514,21.035846710205078
2515,57.85536575317383
2516,-10.28373908996582
2517,29.931150436401367
2518,-3.1604065895080566
2519,36.09682083129883
2520,8.721404075622559
2521,47.5481071472168
2522,27.797332763671875
2523,66.77040100097656
2524,109.91883850097656
2525,84.98461151123047
2526,154.74810791015625
2527,59.25859069824219
2528,148.51382446289062
2529,-34.39399337768555
2530,27.426170349121094
2531,-70.30353546142578
2532,-23.55483055114746
2533,-56.84820556640625
2534,-18.97757339477539
2535,-50.23336410522461
2536,-15.879756927490234
2537,18.89975929260254
2538,14.415315628051758
2539,137.18576049804688
2540,48.7504997253418
2541,163.26800537109375
2542,35.6363410949707
2543,104.64386749267578
2544,1.493992805480957
2545,61.783145904541016
2546,-68.15282440185547
2547,-14.00196361541748
2548,-122.95417785644531
2549,-94.32181549072266
2550,-17.652267456054688
2551,-36.555877685546875
2552,60.00617599487305
2553,22.125967025756836
2554,14.982711791992188
2555,41.79923629760742
2556,58.44096755981445
2557,86.09579467773438
2558,184.3875274658203
2559,94.31612396240234
2560,183.3084716796875
2561,36.10585021972656
2562,81.92573547363281
2563,-3.898080825805664
2564,20.163516998291016
2565,-19.66494369506836
2566,-13.313587188720703
2567,-18.1153507232666
2568,-22.719511032104492
2569,-5.397465705871582
2570,-11.516355514526367
2571,51.67522048950195
2572,17.613372802734375
2573,72.89772033691406
2574,29.905025482177734
2575,66.1883544921875
2576,24.803298950195312
2577,27.25051498413086
2578,36.66082000732422
2579,34.77598571777344
2580,53.28813171386719
2581,45.76979446411133
2582,63.32352828979492
2583,55.16359329223633
2584,30.692201614379883
2585,32.2812614440918
2586,13.868653297424316
2587,18.287246704101562
2588,6.358122825622559
2589,13.544584274291992
2590,12.754316329956055
2591,10.279417037963867
2592,-9.548492431640625
2593,4.403759002685547
2594,-48.71055603027344
2595,42.847190856933594
2596,17.10564422607422
2597,57.16782760620117
2598,52.72474670410156
2599,29.262788772583008
2600,33.77115249633789
2601,-13.138076782226562
2602,-4.476260185241699
2603,-14.239198684692383
2604,-18.34149169921875
2605,-30.89275550842285
2606,-30.58295440673828
2607,-92.00804901123047
2608,-28.689308166503906
2609,-53.21626281738281
2610,2.0965089797973633
2611,-2.496591567993164
2612,25.029306411743164
2613,14.438591003417969
2614,60.37377166748047
2615,42.17011260986328
2616,95.64706420898438
2617,72.03250122070312
2618,111.68824768066406
2619,79.88340759277344
2620,98.28560638427734
2621,63.42690658569336
2622,-0.5922404527664185
2623,16.705102920532227
2624,-58.966636657714844
2625,5.513230323791504
2626,-31.353744506835938
2627,10.412863731384277
2628,-6.034580707550049
2629,14.351120948791504
2630,-0.6357420682907104
2631,35.08426284790039
2632,25.104108810424805
2633,71.91116333007812
2634,58.84253692626953
2635,90.01739501953125
2636,78.13469696044922
2637,64.18396759033203
2638,62.786895751953125
2639,85.97147369384766
2640,57.04875946044922
2641,96.07716369628906
2642,27.239377975463867
2643,20.479774475097656
2644,1.4867439270019531
2645,-25.481952667236328
2646,0.7647004127502441
2647,-20.113994598388672
2648,13.134407043457031
2649,-5.936300277709961
2650,30.472108840942383
2651,12.994471549987793
2652,58.21284103393555
2653,33.585906982421875
2654,76.42755126953125
2655,49.78079605102539
2656,77.8154525756836
2657,44.24436950683594
2658,80.64242553710938
2659,22.28889274597168
2660,49.273948669433594
2661,-22.362598419189453
2662,-23.889812469482422
2663,-31.165386199951172
2664,-33.845664978027344
2665,-30.873558044433594
2666,-20.62540626525879
2667,-37.55478286743164
2668,-21.563695907592773
2669,4.658331394195557
2670,14.366559028625488
2671,67.85823822021484
2672,52.975860595703125
2673,134.17669677734375
2674,82.1207275390625
2675,142.84649658203125
2676,75.84453582763672
2677,112.82650756835938
2678,53.561676025390625
2679,89.75713348388672
2680,-5.626131057739258
2681,19.694089889526367
2682,-53.05915451049805
2683,-50.282867431640625
2684,-22.90534782409668
2685,-33.05548095703125
2686,6.042720794677734
2687,-7.223921775817871
2688,-7.960440635681152
2689,9.552541732788086
2690,20.810903549194336
2691,39.58830642700195
2692,97.00765991210938
2693,70.09562683105469
2694,166.46035766601562
2695,40.41189193725586
2696,101.18834686279297
2697,4.03953742980957
2698,24.27440643310547
2699,0.6946682929992676
2700,13.189985275268555
2701,-5.539146423339844
2702,4.881036281585693
2703,-14.117097854614258
2704,0.6529970169067383
2705,-1.7916898727416992
2706,4.254171371459961
2707,48.483360290527344
2708,25.46582794189453
2709,101.6572036743164
2710,22.309831619262695
2711,71.32672119140625
2712,-5.273447036743164
2713,-4.5899248123168945
2714,-15.862767219543457
2715,-28.503860473632812
2716,5.643056869506836
2717,-5.3230156898498535
2718,-8.373835563659668
2719,-3.6097054481506348
2720,-35.244422912597656
2721,-19.750953674316406
2722,-23.877674102783203
2723,-11.427453994750977
2724,5.110612869262695
2725,-0.661742627620697
2726,-9.360599517822266
2727,14.985569953918457
2728,-0.8081085681915283
2729,37.4454345703125
2730,30.319448471069336
2731,67.10768127441406
2732,68.27725219726562
2733,59.83476257324219
2734,71.72581481933594
2735,14.956079483032227
2736,28.766904830932617
2737,17.21637725830078
2738,18.411712646484375
2739,3.719943046569824
2740,3.6000757217407227
2741,-16.645832061767578
2742,-3.5698931217193604
2743,-25.229108810424805
2744,2.479188919067383
2745,-12.434462547302246
2746,28.45537757873535
2747,1.3364157676696777
2748,75.88400268554688
2749,52.80008316040039
2750,97.5520248413086
2751,76.39437866210938
2752,77.97972106933594
2753,71.41083526611328
2754,46.75910186767578
2755,49.71320343017578
2756,16.965099334716797
2757,26.10358428955078
2758,-2.974325180053711
2759,2.465895652770996
2760,-64.26305389404297
2761,6.583056926727295
2762,-62.95337677001953
2763,45.87413024902344
2764,9.011713981628418
2765,73.8072509765625
2766,55.205543518066406
2767,69.52373504638672
2768,68.85909271240234
2769,35.969749450683594
2770,49.54325866699219
2771,-15.677520751953125
2772,15.961470603942871
2773,-33.887855529785156
2774,-2.911656379699707
2775,-9.53603744506836
2776,-1.7732527256011963
2777,0.9546186923980713
2778,-3.832943916320801
2779,-7.531674861907959
2780,6.4508256912231445
2781,-3.636908531188965
2782,30.38542938232422
2783,25.066076278686523
2784,45.44477081298828
2785,43.290260314941406
2786,47.11885070800781
2787,50.52886962890625
2788,45.788978576660156
2789,48.23379135131836
2790,53.30254364013672
2791,46.76866912841797
2792,66.7877197265625
2793,33.9986457824707
2794,57.38225555419922
2795,5.129449844360352
2796,-6.0809831619262695
2797,-0.17175960540771484
2798,-12.226629257202148
2799,8.201412200927734
2800,6.163331985473633
2801,-10.572870254516602
2802,-1.1677913665771484
2803,-0.6852536201477051
2804,7.251792907714844
2805,43.08255386352539
2806,31.61416244506836
2807,120.15398406982422
2808,50.28156280517578
2809,93.80699157714844
2810,38.497562408447266
2811,49.764827728271484
2812,25.890274047851562
2813,41.799251556396484
2814,2.6983375549316406
2815,7.580718040466309
2816,-18.79412078857422
2817,-29.375812530517578
2818,2.499678611755371
2819,-21.022239685058594
2820,37.47972106933594
2821,7.707516670227051
2822,61.02128982543945
2823,26.735244750976562
2824,63.06122970581055
2825,29.22405433654785
2826,63.14635467529297
2827,12.01944351196289
2828,34.378334045410156
2829,-21.31265640258789
2830,-32.13601303100586
2831,-29.372743606567383
2832,-51.190818786621094
2833,-8.196929931640625
2834,-30.585168838500977
2835,11.806695938110352
2836,-2.852311134338379
2837,8.657991409301758
2838,5.038702011108398
2839,10.089017868041992
2840,12.430904388427734
2841,2.6363325119018555
2842,15.522083282470703
2843,14.381842613220215
2844,23.316997528076172
2845,39.199344635009766
2846,18.341339111328125
2847,33.54273986816406
2848,2.826638698577881
2849,0.49447202682495117
2850,15.255338668823242
2851,13.916677474975586
2852,-0.19238364696502686
2853,5.502110481262207
2854,-23.529958724975586
2855,-7.0141448974609375
2856,-3.4005050659179688
2857,2.180720090866089
2858,8.40926742553711
2859,12.631558418273926
2860,7.134298324584961
2861,22.52515983581543
2862,18.372840881347656
2863,38.266502380371094
2864,45.64403533935547
2865,36.69259262084961
2866,44.44776153564453
2867,32.58231735229492
2868,33.26537322998047
2869,40.07649612426758
2870,39.036895751953125
2871,20.41544532775879
2872,29.978912353515625
2873,-36.47633361816406
2874,9.714493751525879
2875,-41.656497955322266
2876,12.795991897583008
2877,-0.1324537992477417
2878,30.939558029174805
2879,37.754058837890625
2880,40.54401397705078
2881,47.421173095703125
2882,52.49840545654297
2883,66.19278717041016
2884,30.10304832458496
2885,57.78224563598633
2886,-24.97706413269043
2887,13.675949096679688
2888,-31.3143367767334
2889,3.444615364074707
2890,-0.8425037860870361
2891,13.202116012573242
2892,25.405242919921875
2893,24.95100975036621
2894,27.165273666381836
2895,31.54269790649414
2896,25.89608383178711
2897,45.961212158203125
2898,41.2193603515625
2899,57.410499572753906
2900,64.07862854003906
2901,47.22563552856445
2902,51.100440979003906
2903,44.43768310546875
2904,46.9935188293457
2905,21.279151916503906
2906,32.26356506347656
2907,-18.357479095458984
2908,18.34109878540039
2909,8.880136489868164
2910,20.389375686645508
2911,18.284950256347656
2912,23.583580017089844
2913,20.01263427734375
2914,29.025604248046875
2915,35.90620040893555
2916,31.931053161621094
2917,31.97925567626953
2918,34.15370178222656
2919,28.756057739257812
2920,45.15403366088867
2921,35.77910232543945
2922,36.0130615234375
2923,34.23805236816406
2924,30.25587272644043
2925,25.988204956054688
2926,18.095298767089844
2927,15.485610961914062
2928,1.929725170135498
2929,3.3805289268493652
2930,-11.199687957763672
2931,4.70470666885376
2932,-17.01109504699707
2933,22.049571990966797
2934,2.57369327545166
2935,42.833763122558594
2936,25.8752384185791
2937,39.99209213256836
2938,26.186599731445312
2939,49.41069030761719
2940,23.950611114501953
2941,15.486459732055664
2942,5.4156904220581055
2943,-32.1852912902832
2944,-11.731892585754395
2945,-51.95326232910156
2946,-4.464366912841797
2947,-26.409236907958984
2948,7.741037845611572
2949,3.917280673980713
2950,11.316302299499512
2951,14.273476600646973
2952,5.499456405639648
2953,10.377622604370117
2954,12.821284294128418
2955,12.870746612548828
2956,26.280529022216797
2957,21.26165199279785
2958,26.579158782958984
2959,19.37051773071289
2960,16.940040588378906
2961,13.162081718444824
2962,13.221292495727539
2963,3.2228848934173584
2964,1.5369491577148438
2965,1.9196968078613281
2966,2.0291619300842285
2967,1.9609769582748413
2968,-3.516486883163452
2969,28.842662811279297
2970,22.098630905151367
2971,26.49141502380371
2972,27.327350616455078
2973,26.078994750976562
2974,27.42780303955078
2975,26.174116134643555
2976,28.181398391723633
2977,42.533084869384766
2978,29.795835494995117
2979,46.504905700683594
2980,29.40412139892578
2981,42.052364349365234
2982,23.58201026916504
2983,31.134822845458984
2984,18.17044448852539
2985,27.962982177734375
2986,1.362962245941162
2987,13.887776374816895
2988,3.027696132659912
2989,10.641691207885742
2990,45.113067626953125
2991,30.735095977783203
2992,70.04229736328125
2993,43.306396484375
2994,78.41987609863281
2995,43.080257415771484
2996,67.52827453613281
2997,27.03835678100586
2998,40.975826263427734
2999,4.382332801818848
3000,6.327611923217773
3001,3.7709097862243652
3002,-2.124785900115967
3003,25.99553680419922
3004,16.89020538330078
3005,38.690284729003906
3006,32.3492546081543
3007,31.503713607788086
3008,35.9257698059082
3009,43.578983306884766
3010,43.607818603515625
3011,73.9444351196289
3012,43.72674560546875
3013,63.64813232421875
3014,30.65694808959961
3015,40.13288497924805
3016,21.075794219970703
3017,30.52300262451172
3018,2.768477201461792
3019,11.87193775177002
3020,-4.405695915222168
3021,3.04951810836792
3022,11.985750198364258
3023,11.677362442016602
3024,50.483158111572266
3025,31.060367584228516
3026,63.84497833251953
3027,39.258304595947266
3028,35.51103591918945
3029,42.40039825439453
3030,52.81610107421875
3031,37.11669921875
3032,42.413814544677734
3033,28.988998413085938
3034,39.02992630004883
3035,15.584156036376953
3036,18.323392868041992
3037,39.417381286621094
3038,30.47899055480957
3039,37.585636138916016
3040,27.51776123046875
3041,38.91509246826172
3042,28.18220329284668
3043,3.430356979370117
3044,23.661876678466797
3045,6.739933967590332
3046,32.42279052734375
3047,30.476669311523438
3048,41.2347297668457
3049,49.016876220703125
3050,37.753379821777344
3051,43.720481872558594
3052,30.274154663085938
3053,35.74188995361328
3054,18.824726104736328
3055,22.48600959777832
3056,22.36272621154785
3057,24.248600006103516
3058,8.875079154968262
3059,19.188434600830078
3060,-11.016561508178711
3061,17.060361862182617
3062,6.599096775054932
3063,22.486400604248047
3064,19.24462890625
3065,31.604753494262695
3066,32.04033660888672
3067,37.80625915527344
3068,46.56501388549805
3069,28.22138786315918
3070,40.55244064331055
3071,5.987929344177246
3072,19.555885314941406
3073,15.236343383789062
3074,15.87192153930664
3075,14.35877799987793
3076,13.236408233642578
3077,-2.9030675888061523
3078,11.55190658569336
3079,3.6894896030426025
3080,22.26572036743164
3081,16.37582778930664
3082,34.9006462097168
3083,39.022361755371094
3084,36.7418098449707
3085,39.80206298828125
3086,35.39825439453125
3087,36.527915954589844
3088,37.484500885009766
3089,33.13890075683594
3090,37.26203918457031
3091,34.42820358276367
3092,13.949701309204102
3093,26.84725570678711
3094,22.06082534790039
3095,30.313241958618164
3096,31.006664276123047
3097,29.44917106628418
3098,37.16970443725586
3099,22.812400817871094
3100,17.309234619140625
3101,30.202022552490234
3102,21.366472244262695
3103,45.25751876831055
3104,30.308740615844727
3105,60.87197494506836
3106,44.821205139160156
3107,61.729583740234375
3108,44.49281311035156
3109,46.19862365722656
3110,35.03549575805664
3111,12.058253288269043
3112,20.033658981323242
3113,-3.3340296745300293
3114,18.58527183532715
3115,2.791670322418213
3116,23.732254028320312
3117,25.965147018432617
3118,18.173259735107422
3119,23.570003509521484
3120,5.998680114746094
3121,8.986141204833984
3122,35.29432678222656
3123,22.504825592041016
3124,46.089717864990234
3125,30.772727966308594
3126,55.245521545410156
3127,30.25787925720215
3128,23.099956512451172
3129,25.073808670043945
3130,29.50548553466797
3131,17.934614181518555
3132,28.74828338623047
3133,8.540304183959961
3134,3.168471336364746
3135,16.864681243896484
3136,4.375685691833496
3137,47.664581298828125
3138,27.456436157226562
3139,62.35530090332031
3140,45.84269714355469
3141,58.4043083190918
3142,47.65652847290039
3143,31.464859008789062
3144,42.648399353027344
3145,58.248992919921875
3146,39.146846771240234
3147,52.625240325927734
3148,32.759681701660156
3149,32.01463317871094
3150,26.23645782470703
3151,20.75893783569336
3152,32.18388366699219
3153,25.2163028717041
3154,28.495891571044922
3155,27.376972198486328
3156,29.627851486206055
3157,25.164945602416992
3158,48.32695007324219
3159,33.960411071777344
3160,45.643157958984375
3161,31.642303466796875
3162,51.962860107421875
3163,31.994083404541016
3164,37.223697662353516
3165,28.962478637695312
3166,38.85576629638672
3167,25.79973602294922
3168,30.498703002929688
3169,20.859905242919922
3170,22.52530860900879
3171,28.127370834350586
3172,19.127532958984375
3173,53.5054817199707
3174,35.512115478515625
3175,53.87632369995117
3176,37.2464485168457
3177,27.7947998046875
3178,35.753273010253906
3179,45.43241882324219
3180,36.361202239990234
3181,50.4083251953125
3182,34.764652252197266
3183,48.96478271484375
3184,19.760696411132812
3185,28.240392684936523
3186,9.444467544555664
3187,2.130314350128174
3188,28.366701126098633
3189,12.694436073303223
3190,47.55110168457031
3191,27.133033752441406
3192,23.554222106933594
3193,23.891712188720703
3194,20.981788635253906
3195,22.947891235351562
3196,32.29487609863281
3197,24.97954559326172
3198,28.56772804260254
3199,23.50872802734375
3200,26.54155921936035
3201,23.064682006835938
3202,23.064313888549805
3203,9.98236083984375
3204,5.93095588684082
3205,17.167495727539062
3206,7.109606742858887
3207,9.003204345703125
3208,1.9222452640533447
3209,14.920812606811523
3210,2.799008846282959
3211,-3.155623435974121
3212,4.767431259155273
3213,1.0442615747451782
3214,11.284265518188477
3215,9.603960990905762
3216,20.059436798095703
3217,19.03961753845215
3218,15.513494491577148
3219,6.648017883300781
3220,23.075183868408203
3221,11.238441467285156
3222,23.85850715637207
3223,18.65598487854004
3224,5.731657028198242
3225,12.23499870300293
3226,-4.7762041091918945
3227,10.093746185302734
3228,-16.574466705322266
3229,7.844742774963379
3230,-2.0639328956604004
3231,12.148706436157227
3232,7.877653121948242
3233,14.122749328613281
3234,13.35562515258789
3235,12.726797103881836
3236,12.467422485351562
3237,13.146037101745605
3238,20.35909652709961
3239,-3.4782462120056152
3240,9.926006317138672
3241,2.0281291007995605
3242,13.00959300994873
3243,-3.3390703201293945
3244,9.727794647216797
3245,-1.7979683876037598
3246,8.522578239440918
3247,-7.11760950088501
3248,12.129112243652344
3249,10.763702392578125
3250,13.403493881225586
3251,20.172330856323242
3252,11.03857707977295
3253,25.837053298950195
3254,0.6674317121505737
3255,18.152685165405273
3256,-7.886569976806641
3257,7.987817764282227
3258,-3.7213730812072754
3259,7.5213518142700195
3260,-14.373772621154785
3261,3.4870564937591553
3262,-4.495238304138184
3263,8.878872871398926
3264,32.53662872314453
3265,11.706382751464844
3266,47.72431564331055
3267,1.9029595851898193
3268,28.74106216430664
3269,-3.560232639312744
3270,9.818958282470703
3271,4.26926326751709
3272,3.4924302101135254
3273,21.374237060546875
3274,12.475027084350586
3275,19.339427947998047
3276,11.259693145751953
3277,23.910343170166016
3278,11.889665603637695
3279,37.53973388671875
3280,8.733858108520508
3281,18.770755767822266
3282,3.4849720001220703
3283,3.5078506469726562
3284,4.618088722229004
3285,-4.475451946258545
3286,17.9735107421875
3287,9.53477668762207
3288,11.418412208557129
3289,6.171472549438477
3290,7.738916397094727
3291,3.3168694972991943
3292,11.859871864318848
3293,7.665908336639404
3294,14.062484741210938
3295,10.781814575195312
3296,10.881624221801758
3297,15.569849967956543
3298,21.988012313842773
3299,17.063915252685547
3300,14.141267776489258
3301,19.202545166015625
3302,16.253950119018555
3303,11.565696716308594
3304,3.9591424465179443
3305,19.77931785583496
3306,9.566402435302734
3307,19.572166442871094
3308,12.468610763549805
3309,4.361166954040527
3310,3.6729001998901367
3311,-10.62651252746582
3312,-2.5715365409851074
3313,-8.70718765258789
3314,-2.7049388885498047
3315,10.861298561096191
3316,-9.870115280151367
3317,-7.151394844055176
3318,-14.021688461303711
3319,-13.752056121826172
3320,-12.108015060424805
3321,-17.38014030456543
3322,1.8547474145889282
3323,-4.346373558044434
3324,5.60404109954834
3325,0.8941417932510376
3326,5.070152282714844
3327,2.517714500427246
3328,-2.478834629058838
3329,1.9350107908248901
3330,17.99247932434082
3331,0.41687679290771484
3332,-0.7753812670707703
3333,-6.680419445037842
3334,-20.54306411743164
3335,-1.5242658853530884
3336,-11.531959533691406
3337,4.0443830490112305
3338,-0.8135727047920227
3339,1.6830412149429321
3340,-0.15861326456069946
3341,1.231692910194397
3342,0.617801308631897
3343,-3.7161619663238525
3344,0.4430692791938782
3345,0.6400109529495239
3346,4.670939922332764
3347,6.625743865966797
3348,6.193873882293701
3349,-6.163663387298584
3350,13.813331604003906
3351,20.354080200195312
3352,14.837106704711914
3353,21.901382446289062
3354,13.199649810791016
3355,14.617548942565918
3356,22.61861801147461
3357,17.40549659729004
3358,36.8678092956543
3359,29.83572769165039
3360,19.635555267333984
3361,26.79808807373047
3362,18.606279373168945
3363,25.193401336669922
3364,11.579839706420898
3365,23.40798568725586
3366,23.060039520263672
3367,23.024795532226562
3368,24.323780059814453
3369,19.231182098388672
3370,19.78899574279785
3371,16.897844314575195
3372,16.43621063232422
3373,19.53672218322754
3374,22.614885330200195
3375,-0.6764998435974121
3376,10.884990692138672
3377,13.888296127319336
3378,16.634746551513672
3379,20.854965209960938
3380,16.904617309570312
3381,10.610487937927246
3382,16.18362045288086
3383,8.625086784362793
3384,19.71247100830078
3385,19.909597396850586
3386,21.844825744628906
3387,33.9791374206543
3388,1.5989460945129395
3389,12.472911834716797
3390,11.327031135559082
3391,14.146221160888672
3392,26.367382049560547
3393,25.688823699951172
3394,-2.2244882583618164
3395,14.472565650939941
3396,-5.436896324157715
3397,15.617931365966797
3398,27.12155532836914
3399,19.61431121826172
3400,34.64862823486328
3401,18.445026397705078
3402,43.53784942626953
3403,3.828836441040039
3404,20.563350677490234
3405,14.126008987426758
3406,20.924575805664062
3407,21.179367065429688
3408,25.273242950439453
3409,8.634934425354004
3410,13.708695411682129
3411,27.427326202392578
3412,17.880577087402344
3413,27.02718734741211
3414,17.886825561523438
3415,29.813941955566406
3416,19.071395874023438
3417,33.281837463378906
3418,16.359859466552734
3419,30.374874114990234
3420,12.789514541625977
3421,23.30251121520996
3422,-0.6275744438171387
3423,3.8098959922790527
3424,9.430270195007324
3425,2.360811710357666
3426,17.724815368652344
3427,4.068042278289795
3428,14.624948501586914
3429,2.244342803955078
3430,10.161999702453613
3431,3.3909456729888916
3432,25.051982879638672
3433,-2.3954100608825684
3434,3.7214598655700684
3435,-1.6747353076934814
3436,4.494461536407471
3437,-6.6970014572143555
3438,-6.832430839538574
3439,1.752497673034668
3440,-5.369534015655518
3441,4.473047256469727
3442,-6.920707702636719
3443,15.114556312561035
3444,-2.515184164047241
3445,23.602676391601562
3446,5.311497688293457
3447,18.807249069213867
3448,4.531440258026123
3449,4.452655792236328
3450,4.238277435302734
3451,-1.4712612628936768
3452,4.152622222900391
3453,-7.714957237243652
3454,8.63900089263916
3455,-8.316126823425293
3456,12.472651481628418
3457,-5.274246692657471
3458,22.836711883544922
3459,3.6266865730285645
3460,25.009357452392578
3461,11.986026763916016
3462,9.303535461425781
3463,9.560029983520508
3464,-5.2007927894592285
3465,10.542637825012207
3466,-1.3028512001037598
3467,12.610145568847656
3468,-13.061935424804688
3469,24.12425994873047
3470,4.391544342041016
3471,31.922893524169922
3472,26.054283142089844
3473,24.207046508789062
3474,25.893522262573242
3475,9.756772994995117
3476,16.406883239746094
3477,17.808029174804688
3478,18.47930145263672
3479,22.047565460205078
3480,19.850461959838867
3481,9.292675971984863
3482,17.445419311523438
3483,4.933346748352051
3484,18.003490447998047
3485,4.913422107696533
3486,12.247827529907227
3487,0.09330010414123535
3488,15.447750091552734
3489,8.824918746948242
3490,17.621360778808594
3491,17.414567947387695
3492,16.97580909729004
3493,19.95499038696289
3494,24.297962188720703
3495,24.694984436035156
3496,17.740224838256836
3497,22.09299087524414
3498,11.271257400512695
3499,19.35586929321289
3500,-1.8166217803955078
3501,17.956857681274414
3502,5.9890642166137695
3503,21.037445068359375
3504,22.263744354248047
3505,13.746238708496094
3506,17.290416717529297
3507,12.695696830749512
3508,18.12755584716797
3509,-1.2086551189422607
3510,7.242267608642578
3511,1.7849903106689453
3512,3.0742063522338867
3513,14.35008716583252
3514,6.508721351623535
3515,9.485064506530762
3516,6.411015033721924
3517,-5.323111534118652
3518,15.961730003356934
3519,21.8234920501709
3520,14.149947166442871
3521,20.835756301879883
3522,2.904038667678833
3523,7.83840274810791
3524,0.10770457983016968
3525,1.832655906677246
3526,21.359121322631836
3527,12.33534049987793
3528,29.746671676635742
3529,18.814834594726562
3530,20.252283096313477
3531,14.84826374053955
3532,-2.2453866004943848
3533,9.347824096679688
3534,-1.063867211341858
3535,7.7853593826293945
3536,6.365153789520264
3537,7.45768404006958
3538,9.305441856384277
3539,13.264894485473633
3540,21.616907119750977
3541,5.734979629516602
3542,17.252655029296875
3543,5.538244247436523
3544,15.728459358215332
3545,11.044533729553223
3546,15.405937194824219
3547,21.9876708984375
3548,15.41008472442627
3549,22.78647804260254
3550,16.597867965698242
3551,27.960506439208984
3552,23.154367446899414
3553,43.47478485107422
3554,23.838970184326172
3555,38.98553466796875
3556,28.030216217041016
3557,36.94621658325195
3558,31.084674835205078
3559,32.6390380859375
3560,41.41036605834961
3561,32.94475555419922
3562,48.85441589355469
3563,30.41959571838379
3564,53.138023376464844
3565,29.23573875427246
3566,56.17229461669922
3567,31.758024215698242
3568,56.50445556640625
3569,31.05360984802246
3570,39.6513786315918
3571,30.77371597290039
3572,21.912311553955078
3573,43.61840057373047
3574,22.285659790039062
3575,55.755210876464844
3576,27.989898681640625
3577,78.2337646484375
3578,43.62944030761719
3579,63.949302673339844
3580,42.46524429321289
3581,52.694427490234375
3582,39.026695251464844
3583,46.119895935058594
3584,39.0309944152832
3585,18.076393127441406
3586,52.09012985229492
3587,33.67387771606445
3588,61.95636749267578
3589,43.83985900878906
3590,57.49491882324219
3591,39.581443786621094
3592,64.65896606445312
3593,45.3989372253418
3594,60.249794006347656
3595,44.95951843261719
3596,38.58245086669922
3597,36.96827697753906
3598,30.499801635742188
3599,36.8831787109375
3600,35.86336898803711
3601,36.00017166137695
3602,23.20248794555664
3603,42.28864288330078
3604,23.377166748046875
3605,48.68063735961914
3606,33.657230377197266
3607,47.09421157836914
3608,41.646121978759766
3609,21.072490692138672
3610,23.63888931274414
3611,36.09254837036133
3612,28.5563907623291
3613,53.05558776855469
3614,40.37086486816406
3615,-2.556180000305176
3616,37.187931060791016
3617,47.92600631713867
3618,37.7726936340332
3619,32.25623321533203
3620,28.915340423583984
3621,5.452735424041748
3622,42.99683380126953
3623,38.465492248535156
3624,17.768754959106445
3625,25.02770233154297
3626,-0.5539575219154358
3627,7.844402313232422
3628,-1.5141329765319824
3629,6.145271301269531
3630,12.883665084838867
3631,8.502493858337402
3632,18.749080657958984
3633,6.783629417419434
3634,7.175440788269043
3635,0.19466114044189453
3636,-1.1687885522842407
3637,-5.431896209716797
3638,-8.606163024902344
3639,-6.47813606262207
3640,-12.926839828491211
3641,6.53530216217041
3642,1.1365432739257812
3643,-10.987302780151367
3644,-4.665499687194824
3645,-17.49254035949707
3646,-9.162853240966797
3647,-9.99442195892334
3648,-9.544565200805664
3649,-2.7697224617004395
3650,-11.154284477233887
3651,-2.279813528060913
3652,-10.125198364257812
3653,-0.6610788106918335
3654,-16.94771385192871
3655,-17.043411254882812
3656,-17.584033966064453
3657,-26.78609848022461
3658,-13.017480850219727
3659,-20.819032669067383
3660,-12.903770446777344
3661,-18.26531982421875
3662,-4.668702602386475
3663,-10.942859649658203
3664,-10.616643905639648
3665,-8.175546646118164
3666,-7.591350555419922
3667,-3.038402557373047
3668,5.029454708099365
3669,-5.766542911529541
3670,-14.396175384521484
3671,3.3213274478912354
3672,-3.985607147216797
3673,10.721260070800781
3674,6.666192054748535
3675,13.37326431274414
3676,9.070657730102539
3677,33.708961486816406
3678,28.409793853759766
3679,18.262115478515625
3680,24.56566047668457
3681,8.169697761535645
3682,19.732481002807617
3683,13.246631622314453
3684,16.399051666259766
3685,9.451292037963867
3686,13.6649808883667
3687,10.224363327026367
3688,9.561468124389648
3689,11.578781127929688
3690,0.2243785858154297
3691,-4.281499862670898
3692,10.999696731567383
3693,5.477899551391602
3694,-3.911710023880005
3695,-1.1820087432861328
3696,-1.2521005868911743
3697,1.7810548543930054
3698,11.797833442687988
3699,7.201451778411865
3700,5.251500129699707
3701,4.241793632507324
3702,-19.339080810546875
3703,8.737615585327148
3704,2.265964984893799
3705,1.5979974269866943
3706,-8.376522064208984
3707,-0.779186487197876
3708,-10.386457443237305
3709,-6.864479064941406
3710,-13.531238555908203
3711,-6.315812110900879
3712,-7.724881172180176
3713,-42.613014221191406
3714,-19.158174514770508
3715,-48.97515869140625
3716,-19.845754623413086
3717,-37.6767692565918
3718,-13.81311321258545
3719,-7.554261207580566
3720,-15.010713577270508
3721,-5.857793807983398
3722,-20.53844451904297
3723,-13.181360244750977
3724,-33.01176452636719
3725,-37.12310791015625
3726,-6.1177263259887695
3727,-8.345699310302734
3728,-28.768348693847656
3729,-12.99245834350586
3730,-14.741005897521973
3731,-8.11357593536377
3732,-16.04153823852539
3733,-11.135522842407227
3734,-28.742279052734375
3735,-21.013671875
3736,-37.1353645324707
3737,-25.99502182006836
3738,-19.922025680541992
3739,-40.36430358886719
3740,-29.795026779174805
3741,-42.836036682128906
3742,-39.21864700317383
3743,-20.267803192138672
3744,-16.043798446655273
3745,-29.22504425048828
3746,-19.304271697998047
3747,-16.035900115966797
3748,-17.284996032714844
3749,-11.34408187866211
3750,-23.558528900146484
3751,-53.89064407348633
3752,-28.328763961791992
3753,-20.56878662109375
3754,-35.67753601074219
3755,-26.144906997680664
3756,-43.96544647216797
3757,-49.09016418457031
3758,-34.948490142822266
3759,-37.604461669921875
3760,-25.87305450439453
3761,-24.95352554321289
3762,-39.704933166503906
3763,-34.09613037109375
3764,-33.427207946777344
3765,-37.6279296875
3766,-78.08456420898438
3767,-52.60297775268555
3768,-67.95059204101562
3769,-49.776615142822266
3770,-28.253890991210938
3771,-47.43701171875
3772,-29.666221618652344
3773,-43.900474548339844
3774,-10.323349952697754
3775,-62.08063507080078
3776,-35.577392578125
3777,-52.602962493896484
3778,-46.66228103637695
3779,-38.69464111328125
3780,-52.211727142333984
3781,-17.99203109741211
3782,-48.169185638427734
3783,-28.770278930664062
3784,-49.00808334350586
3785,-34.403831481933594
3786,-36.70166015625
3787,-27.562198638916016
3788,-21.68598175048828
3789,-7.923553943634033
3790,-8.84288501739502
3791,6.263240814208984
3792,-16.234346389770508
3793,-12.79835033416748
3794,-24.127635955810547
3795,-35.985984802246094
3796,-0.14865827560424805
3797,-25.193052291870117
3798,20.444490432739258
3799,-15.611783981323242
3800,-20.27185821533203
3801,-11.934989929199219
3802,-4.819033622741699
3803,-5.490007400512695
3804,4.715482711791992
3805,-8.299274444580078
3806,-13.414315223693848
3807,-12.464393615722656
3808,-22.660839080810547
3809,-28.41834259033203
3810,-50.571502685546875
3811,-28.111846923828125
3812,-49.22547149658203
3813,4.495738506317139
3814,-22.427825927734375
3815,0.6687593460083008
3816,-9.8417387008667
3817,-43.35536193847656
3818,-17.23159408569336
3819,-50.870540618896484
3820,-21.004737854003906
3821,-55.1796875
3822,-27.46940803527832
3823,-34.25410079956055
3824,-49.880516052246094
3825,-56.2276611328125
3826,-53.135459899902344
3827,-47.122867584228516
3828,-40.35871887207031
3829,-26.457340240478516
3830,-63.31156539916992
3831,-33.718299865722656
3832,-57.015830993652344
3833,-44.64812469482422
3834,-81.68611907958984
3835,-53.967445373535156
3836,-64.77609252929688
3837,-62.84815216064453
3838,-52.85137176513672
3839,-54.32283401489258
3840,-10.844675064086914
3841,-87.75743865966797
3842,-50.765296936035156
3843,-70.39128875732422
3844,-48.537723541259766
3845,-57.9833869934082
3846,-45.76374435424805
3847,-63.151710510253906
3848,-66.26107788085938
3849,-43.09640884399414
3850,-69.88677978515625
3851,-32.05025863647461
3852,-82.58562469482422
3853,-56.278282165527344
3854,-81.2290267944336
3855,-58.438961029052734
3856,-75.48616790771484
3857,-45.23295593261719
3858,-92.13035583496094
3859,-101.56615447998047
3860,-59.10520935058594
3861,-83.73736572265625
3862,-99.52374267578125
3863,-128.91555786132812
3864,-39.04689407348633
3865,-107.03103637695312
3866,-41.0992546081543
3867,-105.5997543334961
3868,-88.67400360107422
3869,-106.47183227539062
3870,-130.16525268554688
3871,-93.58184814453125
3872,-109.15177154541016
3873,-79.72431945800781
3874,-108.81602478027344
3875,-60.42999267578125
3876,-74.53250122070312
3877,-72.32988739013672
3878,-74.9718246459961
3879,-99.53180694580078
3880,-84.68441009521484
3881,-19.529542922973633
3882,-38.002925872802734
3883,196.89930725097656
3884,31.99979019165039
3885,14.17852783203125
3886,-8.788148880004883
3887,-161.3397674560547
3888,14.536279678344727
3889,-59.86480712890625
3890,15.419669151306152
3891,-45.39234924316406
3892,63.739105224609375
3893,44.50726318359375
3894,9.52105712890625
3895,35.256900787353516
3896,-36.651100158691406
3897,4.717704772949219
3898,-47.45944595336914
3899,-5.5094451904296875
3900,15.653179168701172
3901,1.6033564805984497
3902,-9.028325080871582
3903,-20.244029998779297
3904,-75.2958984375
3905,-37.07880783081055
3906,-60.03050994873047
3907,-36.40507507324219
3908,-32.83629608154297
3909,-47.11405944824219
3910,-19.182344436645508
3911,-48.202327728271484
3912,-14.299877166748047
3913,-27.276325225830078
3914,1.8725528717041016
3915,-62.60234832763672
3916,-23.643903732299805
3917,-43.76113510131836
3918,-35.77684783935547
3919,-31.344533920288086
3920,-56.27118682861328
3921,-27.341075897216797
3922,-64.02330780029297
3923,-37.41912078857422
3924,-49.76653289794922
3925,-16.257444381713867
3926,-24.281095504760742
3927,11.944681167602539
3928,-41.17048645019531
3929,-11.182392120361328
3930,-31.645427703857422
3931,-31.85516357421875
3932,-20.669048309326172
3933,-41.58861541748047
3934,-47.092247009277344
3935,-61.1536865234375
3936,-38.21256637573242
3937,-50.8447151184082
3938,16.773208618164062
3939,-56.331214904785156
3940,-11.28626823425293
3941,-62.42963409423828
3942,-45.8137092590332
3943,-72.16961669921875
3944,-77.67178344726562
3945,-46.659420013427734
3946,-75.52811431884766
3947,-43.838409423828125
3948,-71.50971221923828
3949,-29.054582595825195
3950,-65.65377044677734
3951,-53.60024642944336
3952,-63.06002426147461
3953,-55.39337158203125
3954,-59.44589614868164
3955,-25.260766983032227
3956,-64.17415618896484
3957,-66.47021484375
3958,-40.71966552734375
3959,-24.840938568115234
3960,-57.77647399902344
3961,-60.568355560302734
3962,-39.67652130126953
3963,-51.683998107910156
3964,-58.45376205444336
3965,-68.41761779785156
3966,-2.793581485748291
3967,-42.251068115234375
3968,-35.986270904541016
3969,-38.18840789794922
3970,38.80988311767578
3971,-42.87242126464844
3972,-71.63318634033203
3973,-10.121908187866211
3974,-12.582773208618164
3975,80.63285064697266
3976,142.96682739257812
3977,75.57595825195312
3978,144.39117431640625
3979,135.72982788085938
3980,173.29824829101562
3981,115.6861343383789
3982,148.28799438476562
3983,189.119384765625
3984,147.17173767089844
3985,249.49798583984375
3986,154.3771209716797
3987,272.4093322753906
3988,135.1978302001953
3989,215.87069702148438
3990,150.69036865234375
3991,222.9816131591797
3992,146.53701782226562
3993,152.27752685546875
3994,234.61460876464844
3995,180.25230407714844
3996,242.50965881347656
3997,168.7626953125
3998,229.67471313476562
3999,146.40997314453125
4000,257.9593505859375
4001,176.2992401123047
4002,254.9405059814453
4003,198.25738525390625
4004,306.56024169921875
4005,209.76358032226562
4006,213.6812286376953
4007,244.7030029296875
4008,222.98458862304688
4009,273.65679931640625
4010,221.5879364013672
4011,260.8349304199219
4012,193.622802734375
4013,271.3720703125
4014,174.86407470703125
4015,290.1708679199219
4016,192.52267456054688
4017,235.56668090820312
4018,178.44638061523438
4019,210.94927978515625
4020,186.54164123535156
4021,209.48765563964844
4022,192.9404296875
4023,141.9285888671875
4024,241.40585327148438
4025,178.6055908203125
4026,242.8892364501953
4027,184.81234741210938
4028,230.79769897460938
4029,152.80291748046875
4030,230.55670166015625
4031,163.50286865234375
4032,161.59832763671875
4033,140.980712890625
4034,168.62582397460938
4035,162.4215545654297
4036,279.37347412109375
4037,151.19461059570312
4038,58.602149963378906
4039,128.63922119140625
4040,-21.401390075683594
4041,144.2381591796875
4042,56.26158142089844
4043,121.23164367675781
4044,47.84967803955078
4045,153.08006286621094
4046,128.24034118652344
4047,102.4419174194336
4048,136.5349578857422
4049,-47.37012481689453
4050,75.40858459472656
4051,124.67292785644531
4052,112.89682006835938
4053,102.57120513916016
4054,120.18072509765625
4055,81.57518005371094
4056,114.31808471679688
4057,132.89683532714844
4058,68.23591613769531
4059,50.867855072021484
4060,85.58580017089844
4061,84.55622863769531
4062,107.09461975097656
4063,114.3121337890625
4064,129.3341064453125
4065,156.47738647460938
4066,98.36456298828125
4067,140.664306640625
4068,82.89143371582031
4069,138.32095336914062
4070,169.71385192871094
4071,140.89730834960938
4072,194.5026397705078
4073,111.78992462158203
4074,96.8138198852539
4075,134.1793975830078
4076,172.5677032470703
4077,128.76007080078125
4078,158.04452514648438
4079,148.4610137939453
4080,156.01358032226562
4081,222.7655029296875
4082,202.00958251953125
4083,129.06155395507812
4084,168.54986572265625
4085,238.84503173828125
4086,176.24362182617188
4087,172.73965454101562
4088,181.9315185546875
4089,197.90733337402344
4090,186.05087280273438
4091,230.08563232421875
4092,163.50863647460938
4093,176.81080627441406
4094,163.0431365966797
4095,138.33749389648438
4096,266.81341552734375
4097,206.05189514160156
4098,240.06198120117188
4099,209.80374145507812
4100,185.39671325683594
4101,183.43499755859375
4102,172.40843200683594
4103,181.32650756835938
4104,120.92202758789062
4105,188.18020629882812
4106,214.15716552734375
4107,188.97369384765625
4108,206.71359252929688
4109,164.59347534179688
4110,152.68182373046875
4111,185.03382873535156
4112,160.93824768066406
4113,166.25265502929688
4114,150.2324981689453
4115,174.3516845703125
4116,143.23756408691406
4117,201.56436157226562
4118,165.6424560546875
4119,105.3953857421875
4120,159.0975799560547
4121,165.85791015625
4122,173.07223510742188
4123,171.76904296875
4124,130.62905883789062
4125,20.784271240234375
4126,211.0576171875
4127,169.17626953125
4128,164.15292358398438
4129,189.81732177734375
4130,41.021881103515625
4131,93.18806457519531
4132,87.7583999633789
4133,109.67657470703125
4134,150.14654541015625
4135,133.16412353515625
4136,56.83993148803711
4137,126.20945739746094
4138,119.71163940429688
4139,126.34370422363281
4140,176.62255859375
4141,74.40017700195312
4142,61.989356994628906
4143,48.73246383666992
4144,33.01228713989258
4145,48.7739143371582
4146,34.815948486328125
4147,88.86849975585938
4148,89.23764038085938
4149,107.90531921386719
4150,110.17250061035156
4151,81.25142669677734
4152,98.44348907470703
4153,22.73567008972168
4154,67.37125396728516
4155,26.41928482055664
4156,50.944339752197266
4157,23.793607711791992
4158,70.54946899414062
4159,108.588134765625
4160,74.24419403076172
4161,147.65036010742188
4162,19.41787338256836
4163,98.13294219970703
4164,19.137210845947266
4165,58.452640533447266
4166,59.599124908447266
4167,50.072509765625
4168,76.48063659667969
4169,35.918907165527344
4170,129.5222930908203
4171,21.48941421508789
4172,66.25625610351562
4173,-2.965632438659668
4174,20.518491744995117
4175,-2.4919776916503906
4176,-28.455032348632812
4177,73.91981506347656
4178,88.5547866821289
4179,47.77248001098633
4180,67.23011779785156
4181,17.97159767150879
4182,15.278696060180664
4183,75.91763305664062
4184,24.422439575195312
4185,9.943597793579102
4186,-2.1974847316741943
4187,29.27419662475586
4188,7.5115766525268555
4189,125.8367691040039
4190,24.153949737548828
4191,116.2458724975586
4192,7.003684997558594
4193,-2.758514404296875
4194,49.127174377441406
4195,21.37263298034668
4196,8.903657913208008
4197,-60.80369186401367
4198,145.24832153320312
4199,29.912445068359375
4200,63.31755828857422
4201,15.38313102722168
4202,98.96240997314453
4203,38.97338104248047
4204,76.79885864257812
4205,57.456809997558594
4206,32.3651123046875
4207,81.3171615600586
4208,53.12864685058594
4209,75.63611602783203
4210,-13.191143035888672
4211,108.27728271484375
4212,33.688106536865234
4213,59.395782470703125
4214,-12.650182723999023
4215,164.98460388183594
4216,93.1080322265625
4217,35.86631774902344
4218,67.73680877685547
4219,11.160813331604004
4220,88.74847412109375
4221,112.17828369140625
4222,133.7218475341797
4223,62.09987258911133
4224,147.79592895507812
4225,41.405982971191406
4226,158.3780975341797
4227,74.35174560546875
4228,163.5848388671875
4229,115.25785064697266
4230,139.007080078125
4231,151.6555938720703
4232,114.17656707763672
4233,183.7882080078125
4234,66.36360168457031
4235,183.7883758544922
4236,58.22516632080078
4237,180.88572692871094
4238,61.6180534362793
4239,161.7669219970703
4240,66.05404663085938
4241,154.58148193359375
4242,190.98281860351562
4243,129.2041778564453
4244,244.30406188964844
4245,43.88736343383789
4246,173.78282165527344
4247,17.72799301147461
4248,133.5250244140625
4249,64.37562561035156
4250,137.79525756835938
4251,181.89077758789062
4252,178.11766052246094
4253,223.36996459960938
4254,177.23385620117188
4255,177.62506103515625
4256,144.73019409179688
4257,196.4943389892578
4258,119.03770446777344
4259,151.619140625
4260,135.44688415527344
4261,208.85379028320312
4262,72.27702331542969
4263,126.79206848144531
4264,73.81964111328125
4265,89.8642807006836
4266,103.41244506835938
4267,82.76283264160156
4268,103.55242919921875
4269,68.54691314697266
4270,142.45907592773438
4271,65.68697357177734
4272,90.38700866699219
4273,62.12876510620117
4274,63.81172180175781
4275,94.35545349121094
4276,137.5501251220703
4277,92.45660400390625
4278,111.09397888183594
4279,84.1080322265625
4280,80.43791961669922
4281,43.883026123046875
4282,32.14429473876953
4283,28.25350570678711
4284,10.992053985595703
4285,161.0907440185547
4286,80.65933990478516
4287,43.67007827758789
4288,78.10199737548828
4289,96.32482147216797
4290,73.44475555419922
4291,26.853897094726562
4292,75.71602630615234
4293,17.399639129638672
4294,111.2014389038086
4295,123.30070495605469
4296,29.90967559814453
4297,39.69081497192383
4298,65.63688659667969
4299,66.97422790527344
4300,47.104286193847656
4301,64.54191589355469
4302,35.18708419799805
4303,52.57744598388672
4304,-10.65015697479248
4305,38.83897018432617
4306,28.187469482421875
4307,49.26959991455078
4308,92.8263168334961
4309,37.78925323486328
4310,76.96376037597656
4311,3.2968006134033203
4312,3.4658219814300537
4313,51.32444763183594
4314,46.05567169189453
4315,105.01248168945312
4316,114.73722839355469
4317,36.4835090637207
4318,82.8669204711914
4319,71.37911987304688
4320,93.0561752319336
4321,58.343650817871094
4322,102.87071228027344
4323,126.59544372558594
4324,110.87384033203125
4325,151.9965057373047
4326,95.64836883544922
4327,124.17333984375
4328,70.5462417602539
4329,94.72828674316406
4330,32.95295715332031
4331,39.4275016784668
4332,116.64134216308594
4333,102.92159271240234
4334,188.72451782226562
4335,182.81930541992188
4336,153.65835571289062
4337,211.86807250976562
4338,189.390380859375
4339,226.30923461914062
4340,110.81382751464844
4341,242.06881713867188
4342,239.2183837890625
4343,229.79290771484375
4344,243.40243530273438
4345,249.014892578125
4346,289.41912841796875
4347,294.0283203125
4348,378.8838806152344
4349,208.52081298828125
4350,333.1515197753906
4351,189.84222412109375
4352,317.2208251953125
4353,250.3409881591797
4354,322.7010498046875
4355,289.2476806640625
4356,315.1361083984375
4357,337.3236999511719
4358,305.04412841796875
4359,416.60076904296875
4360,256.41668701171875
4361,389.6534118652344
4362,173.99008178710938
4363,282.08099365234375
4364,174.79795837402344
4365,224.76425170898438
4366,301.22576904296875
4367,299.75616455078125
4368,340.3221435546875
4369,324.67266845703125
4370,333.9539794921875
4371,315.4090576171875
4372,318.01483154296875
4373,290.4039001464844
4374,305.3526611328125
4375,275.2261657714844
4376,295.572509765625
4377,262.6993103027344
4378,308.4490051269531
4379,234.83132934570312
4380,256.86279296875
4381,247.97311401367188
4382,267.6200256347656
4383,227.73670959472656
4384,248.999755859375
4385,271.5722961425781
4386,268.7115173339844
4387,239.95248413085938
4388,247.7955322265625
4389,215.65721130371094
4390,239.84490966796875
4391,240.980224609375
4392,229.6563262939453
4393,279.4410400390625
4394,209.99139404296875
4395,234.59495544433594
4396,231.80897521972656
4397,292.4576110839844
4398,110.5064697265625
4399,148.90133666992188
4400,189.09573364257812
4401,172.84510803222656
4402,170.97865295410156
4403,151.1837158203125
4404,245.30601501464844
4405,166.8110809326172
4406,150.8758544921875
4407,132.8645782470703
4408,60.75493621826172
4409,130.7890167236328
4410,104.78868103027344
4411,105.14896392822266
4412,105.54078674316406
4413,91.26661682128906
4414,125.45794677734375
4415,26.61536979675293
4416,71.81277465820312
4417,91.05784606933594
4418,104.79341125488281
4419,143.83969116210938
4420,152.2490997314453
4421,102.30397033691406
4422,144.4375457763672
4423,96.67324829101562
4424,142.27236938476562
4425,99.75220489501953
4426,137.3443145751953
4427,127.60379028320312
4428,154.70370483398438
4429,196.75753784179688
4430,120.3392333984375
4431,204.81915283203125
4432,61.66737365722656
4433,136.48538208007812
4434,96.23686218261719
4435,142.48193359375
4436,124.92494201660156
4437,143.40850830078125
4438,191.527099609375
4439,158.85989379882812
4440,119.79986572265625
4441,158.5799560546875
4442,204.91226196289062
4443,186.68353271484375
4444,244.87109375
4445,202.12762451171875
4446,254.05540466308594
4447,229.3187713623047
4448,248.95614624023438
4449,272.93023681640625
4450,287.46142578125
4451,245.56814575195312
4452,269.51397705078125
4453,285.6881103515625
4454,291.90826416015625
4455,274.85614013671875
4456,284.7137756347656
4457,237.76441955566406
4458,290.28887939453125
4459,328.15093994140625
4460,268.69012451171875
4461,279.197998046875
4462,310.2618408203125
4463,365.0166931152344
4464,290.4375915527344
4465,367.5495910644531
4466,289.17755126953125
4467,349.3153076171875
4468,312.986572265625
4469,351.05316162109375
4470,249.87945556640625
4471,292.7115478515625
4472,386.15924072265625
4473,300.7464904785156
4474,399.43646240234375
4475,289.31170654296875
4476,419.0699462890625
4477,277.1157531738281
4478,349.414306640625
4479,308.39019775390625
4480,351.0947265625
4481,364.14013671875
4482,368.6215515136719
4483,389.0855712890625
4484,361.14337158203125
4485,362.97906494140625
4486,304.00775146484375
4487,321.02972412109375
4488,264.6094970703125
4489,419.9920349121094
4490,276.21807861328125
4491,357.64776611328125
4492,293.8396911621094
4493,372.30047607421875
4494,305.7630310058594
4495,357.74224853515625
4496,276.4514465332031
4497,241.16705322265625
4498,294.7733154296875
4499,214.2153778076172
4500,354.087158203125
4501,248.21690368652344
4502,321.5418701171875
4503,250.4678192138672
4504,289.0298156738281
4505,246.65438842773438
4506,345.3703308105469
4507,263.34698486328125
4508,279.5774230957031
4509,251.10121154785156
4510,213.23779296875
4511,261.6848449707031
4512,227.61651611328125
4513,251.54434204101562
4514,239.84288024902344
4515,232.55194091796875
4516,198.5902557373047
4517,277.528076171875
4518,232.99403381347656
4519,248.8817596435547
4520,217.4991455078125
4521,292.806640625
4522,234.46514892578125
4523,233.8997802734375
4524,223.87899780273438
4525,241.64761352539062
4526,223.03347778320312
4527,214.0951385498047
4528,203.14581298828125
4529,181.18251037597656
4530,188.078857421875
4531,129.8228302001953
4532,224.00778198242188
4533,167.24493408203125
4534,203.4169921875
4535,163.868896484375
4536,150.48788452148438
4537,150.70167541503906
4538,169.87149047851562
4539,159.3944854736328
4540,198.4635467529297
4541,185.2210235595703
4542,181.99679565429688
4543,211.17160034179688
4544,219.83120727539062
4545,227.560302734375
4546,187.99261474609375
4547,246.09771728515625
4548,189.20892333984375
4549,261.78704833984375
4550,201.80987548828125
4551,242.373779296875
4552,213.3785858154297
4553,259.6580810546875
4554,236.081298828125
4555,274.4190368652344
4556,262.5511474609375
4557,181.16915893554688
4558,266.1940612792969
4559,266.9494323730469
4560,274.5640869140625
4561,202.12710571289062
4562,298.6566162109375
4563,244.474609375
4564,338.2645263671875
4565,314.4678039550781
4566,317.40008544921875
4567,331.459228515625
4568,286.8525390625
4569,307.9476318359375
4570,355.9439697265625
4571,354.45050048828125
4572,393.86138916015625
4573,378.83953857421875
4574,359.25244140625
4575,386.6148681640625
4576,321.714599609375
4577,384.3209533691406
4578,329.50897216796875
4579,396.931396484375
4580,360.8076171875
4581,364.11566162109375
4582,349.98077392578125
4583,360.0579528808594
4584,350.8867492675781
4585,374.58551025390625
4586,386.2427978515625
4587,334.94189453125
4588,376.260986328125
4589,355.5729064941406
4590,393.34417724609375
4591,328.1736145019531
4592,378.646240234375
4593,343.36260986328125
4594,357.93829345703125
4595,314.8076171875
4596,335.7225646972656
4597,328.4963073730469
4598,339.9756774902344
4599,368.1529541015625
4600,304.79229736328125
4601,374.03900146484375
4602,271.54022216796875
4603,355.27435302734375
4604,262.7633056640625
4605,349.8651123046875
4606,317.00933837890625
4607,341.4324645996094
4608,366.2353820800781
4609,330.04248046875
4610,359.76409912109375
4611,296.3226318359375
4612,366.76751708984375
4613,252.7401123046875
4614,301.6832580566406
4615,255.11709594726562
4616,309.2337646484375
4617,276.3830871582031
4618,314.1960144042969
4619,269.4779052734375
4620,295.2591247558594
4621,285.7333984375
4622,263.6256408691406
4623,232.44833374023438
4624,239.48263549804688
4625,372.5888671875
4626,225.64263916015625
4627,286.69451904296875
4628,225.34786987304688
4629,289.46038818359375
4630,201.08197021484375
4631,221.41830444335938
4632,243.7252960205078
4633,221.0260467529297
4634,278.6988830566406
4635,260.60284423828125
4636,205.0137176513672
4637,193.29086303710938
4638,249.15501403808594
4639,198.95989990234375
4640,274.3590087890625
4641,197.73550415039062
4642,266.3721008300781
4643,196.41603088378906
4644,224.51934814453125
4645,186.8889923095703
4646,197.08651733398438
4647,173.06394958496094
4648,104.54524230957031
4649,240.1601104736328
4650,188.41697692871094
4651,214.05752563476562
4652,167.90750122070312
4653,225.30113220214844
4654,190.00616455078125
4655,179.64736938476562
4656,178.27426147460938
4657,187.2388916015625
4658,194.52188110351562
4659,198.5618896484375
4660,205.71653747558594
4661,243.94830322265625
4662,182.49017333984375
4663,104.68710327148438
4664,238.32785034179688
4665,209.85940551757812
4666,237.99542236328125
4667,233.6786346435547
4668,207.81643676757812
4669,215.33197021484375
4670,292.31695556640625
4671,265.0059814453125
4672,206.48968505859375
4673,246.22042846679688
4674,237.95767211914062
4675,249.58035278320312
4676,244.6251220703125
4677,262.04583740234375
4678,246.55838012695312
4679,279.0804443359375
4680,320.8385925292969
4681,243.98336791992188
4682,244.79791259765625
4683,266.989013671875
4684,259.831298828125
4685,290.76995849609375
4686,271.1793212890625
4687,287.82623291015625
4688,278.9901428222656
4689,329.9818115234375
4690,298.47174072265625
4691,268.0497131347656
4692,297.79608154296875
4693,263.4690856933594
4694,293.345458984375
4695,282.64202880859375
4696,296.6700439453125
4697,279.6785888671875
4698,313.8837585449219
4699,319.3664855957031
4700,325.368408203125
4701,338.9161682128906
4702,301.2118225097656
4703,335.6239013671875
4704,304.01678466796875
4705,327.186767578125
4706,289.25762939453125
4707,311.41351318359375
4708,283.9535827636719
4709,293.0010070800781
4710,304.11505126953125
4711,287.85321044921875
4712,324.87939453125
4713,255.2303466796875
4714,301.3754577636719
4715,236.15884399414062
4716,262.3675537109375
4717,263.82745361328125
4718,289.420166015625
4719,281.1622314453125
4720,293.1482238769531
4721,276.45098876953125
4722,282.88543701171875
4723,305.12384033203125
4724,274.4554138183594
4725,308.0574951171875
4726,257.8422546386719
4727,221.33447265625
4728,254.06439208984375
4729,314.8238525390625
4730,255.2964630126953
4731,310.46588134765625
4732,236.7676544189453
4733,267.6748046875
4734,240.5804443359375
4735,256.4528503417969
4736,222.39981079101562
4737,228.02392578125
4738,254.0454559326172
4739,218.42276000976562
4740,251.6701202392578
4741,209.02146911621094
4742,255.32936096191406
4743,193.36976623535156
4744,220.4541015625
4745,194.23391723632812
4746,230.01406860351562
4747,193.6795654296875
4748,229.22903442382812
4749,196.98422241210938
4750,219.49697875976562
4751,192.68167114257812
4752,195.71929931640625
4753,223.62132263183594
4754,197.51747131347656
4755,229.72396850585938
4756,189.95236206054688
4757,263.5243835449219
4758,181.98965454101562
4759,178.8807830810547
4760,169.83953857421875
4761,249.60679626464844
4762,140.71957397460938
4763,140.49081420898438
4764,161.5249786376953
4765,154.70455932617188
4766,178.15615844726562
4767,172.4456787109375
4768,165.23562622070312
4769,147.68634033203125
4770,192.47271728515625
4771,164.24166870117188
4772,189.88821411132812
4773,157.58055114746094
4774,239.05984497070312
4775,173.58409118652344
4776,198.33889770507812
4777,176.3485565185547
4778,204.19454956054688
4779,174.1197967529297
4780,145.99989318847656
4781,196.93060302734375
4782,179.02728271484375
4783,180.51870727539062
4784,146.58114624023438
4785,205.5126190185547
4786,170.26803588867188
4787,189.6937255859375
4788,167.2918243408203
4789,137.35919189453125
4790,142.93002319335938
4791,183.53271484375
4792,161.23609924316406
4793,168.62130737304688
4794,179.37161254882812
4795,222.755615234375
4796,175.47828674316406
4797,158.64894104003906
4798,191.11361694335938
4799,158.48953247070312
4800,206.89398193359375
4801,168.26303100585938
4802,228.39019775390625
4803,195.07305908203125
4804,205.9215087890625
4805,192.179443359375
4806,196.15951538085938
4807,195.02127075195312
4808,174.21954345703125
4809,186.77931213378906
4810,158.12481689453125
4811,185.50244140625
4812,184.7362060546875
4813,178.4368896484375
4814,151.43170166015625
4815,193.83969116210938
4816,170.53631591796875
4817,204.3379669189453
4818,202.8054962158203
4819,182.89675903320312
4820,189.48040771484375
4821,184.64871215820312
4822,193.57130432128906
4823,171.5593719482422
4824,187.87664794921875
4825,217.13902282714844
4826,202.0653533935547
4827,179.59877014160156
4828,199.24105834960938
4829,199.82266235351562
4830,188.02850341796875
4831,167.39920043945312
4832,191.63035583496094
4833,192.78036499023438
4834,163.38082885742188
4835,155.55636596679688
4836,193.6513214111328
4837,190.06166076660156
4838,157.61361694335938
4839,172.803955078125
4840,188.1256561279297
4841,181.4218292236328
4842,181.760009765625
4843,165.06350708007812
4844,135.47772216796875
4845,151.5471954345703
4846,135.51889038085938
4847,145.42431640625
4848,144.191650390625
4849,146.61427307128906
4850,168.39663696289062
4851,103.35777282714844
4852,119.3115005493164
4853,135.94775390625
4854,136.05186462402344
4855,142.24537658691406
4856,145.2009735107422
4857,148.43252563476562
4858,138.0687713623047
4859,119.00091552734375
4860,130.892578125
4861,159.61656188964844
4862,122.03729248046875
4863,141.74208068847656
4864,119.8839111328125
4865,147.5900421142578
4866,108.73500061035156
4867,127.38856506347656
4868,122.71701049804688
4869,115.4544677734375
4870,158.27072143554688
4871,142.06704711914062
4872,159.24819946289062
4873,134.31256103515625
4874,168.78726196289062
4875,132.7378387451172
4876,149.49610900878906
4877,119.85445404052734
4878,108.75930786132812
4879,125.13748168945312
4880,141.0733642578125
4881,119.74285888671875
4882,121.319091796875
4883,119.35877990722656
4884,96.8766860961914
4885,126.77146911621094
4886,118.43267059326172
4887,79.68457794189453
4888,66.52530670166016
4889,136.1519012451172
4890,96.29402923583984
4891,125.9149169921875
4892,105.14625549316406
4893,77.48416137695312
4894,111.61162567138672
4895,130.0745086669922
4896,103.62796020507812
4897,88.83228302001953
4898,111.07586669921875
4899,97.23692321777344
4900,115.70142364501953
4901,108.64167785644531
4902,128.29977416992188
4903,118.2216567993164
4904,100.29116821289062
4905,102.6904296875
4906,114.71660614013672
4907,108.78700256347656
4908,109.52833557128906
4909,109.89904022216797
4910,97.98152160644531
4911,98.68479919433594
4912,102.06906127929688
4913,97.56510162353516
4914,97.03115844726562
4915,97.53407287597656
4916,102.65925598144531
4917,100.2147216796875
4918,95.47004699707031
4919,94.30416870117188
4920,81.67353057861328
4921,122.91423797607422
4922,95.38825988769531
4923,100.55702209472656
4924,92.24333953857422
4925,83.35260009765625
4926,86.8853988647461
4927,73.00313568115234
4928,97.23979187011719
4929,123.57456970214844
4930,92.21807861328125
4931,74.09152221679688
4932,110.23794555664062
4933,98.07232666015625
4934,98.24015808105469
4935,87.30941772460938
4936,96.66725158691406
4937,73.70925903320312
4938,113.19627380371094
4939,94.82559967041016
4940,108.91668701171875
4941,100.54913330078125
4942,75.70752716064453
4943,97.9878158569336
4944,93.48912811279297
4945,99.27548217773438
4946,87.56460571289062
4947,98.49819946289062
4948,74.09429931640625
4949,94.91780090332031
4950,85.87884521484375
4951,91.39469909667969
4952,78.55335235595703
4953,120.67583465576172
4954,116.42658233642578
4955,117.0354995727539
4956,123.58563232421875
4957,40.318870544433594
4958,85.7131576538086
4959,94.53023529052734
4960,93.03564453125
4961,106.05253601074219
4962,92.08650207519531
4963,93.81414031982422
4964,76.04779052734375
4965,89.91400146484375
4966,61.88270950317383
4967,61.57725524902344
4968,68.2191390991211
4969,68.72077941894531
4970,65.02910614013672
4971,69.33631896972656
4972,40.72206497192383
4973,49.013919830322266
4974,100.04620361328125
4975,69.90019989013672
4976,107.85768127441406
4977,73.46452331542969
4978,61.37836456298828
4979,64.60425567626953
4980,53.64849853515625
4981,69.85740661621094
4982,80.8535385131836
4983,49.849971771240234
4984,43.08802032470703
4985,56.917320251464844
4986,49.44525909423828
4987,61.37409210205078
4988,50.50276184082031
4989,63.72248840332031
4990,51.72559356689453
4991,52.442962646484375
4992,51.88825607299805
4993,48.004154205322266
4994,55.146018981933594
4995,57.111968994140625
4996,58.746620178222656
4997,58.123634338378906
4998,58.414039611816406
4999,52.37083435058594
5000,58.20618438720703
5001,59.267677307128906
5002,46.903438568115234
5003,44.98075866699219
5004,42.537689208984375
5005,37.60548782348633
5006,59.575714111328125
5007,49.69586181640625
5008,54.91392517089844
5009,54.417755126953125
5010,9.379793167114258
5011,44.371971130371094
5012,20.526124954223633
5013,52.98175811767578
5014,79.97176361083984
5015,37.45545196533203
5016,32.12353515625
5017,47.10914993286133
5018,55.60845947265625
5019,18.79644012451172
5020,25.737892150878906
5021,25.214275360107422
5022,22.29544448852539
5023,20.656185150146484
5024,25.276683807373047
5025,34.89344787597656
5026,32.747222900390625
5027,30.470142364501953
5028,32.182071685791016
5029,-6.256540298461914
5030,29.788543701171875
5031,35.114463806152344
5032,30.137893676757812
5033,38.51799774169922
5034,26.571319580078125
5035,38.71834182739258
5036,33.33446502685547
5037,48.12857437133789
5038,8.451759338378906
5039,23.69207000732422
5040,55.290504455566406
5041,41.59172821044922
5042,18.776199340820312
5043,26.097187042236328
5044,42.35424041748047
5045,22.023075103759766
5046,13.445013999938965
5047,27.022876739501953
5048,20.818561553955078
5049,30.530986785888672
5050,38.47381591796875
5051,36.161258697509766
5052,49.027427673339844
5053,26.48691749572754
5054,35.04150390625
5055,51.45381164550781
5056,42.66590881347656
5057,45.79338073730469
5058,43.61155700683594
5059,24.717561721801758
5060,30.455524444580078
5061,60.46245193481445
5062,37.384117126464844
5063,23.75806999206543
5064,37.786888122558594
5065,39.821495056152344
5066,42.89186096191406
5067,45.02649688720703
5068,44.542049407958984
5069,51.351810455322266
5070,48.69904327392578
5071,50.753204345703125
5072,48.182613372802734
5073,49.4104118347168
5074,52.00714111328125
5075,44.02997970581055
5076,46.09051513671875
5077,41.439002990722656
5078,58.92680358886719
5079,38.64342498779297
5080,57.17604064941406
5081,29.407310485839844
5082,20.767473220825195
5083,28.323204040527344
5084,16.719194412231445
5085,47.52532196044922
5086,44.55892562866211
5087,45.34843063354492
5088,47.02490234375
5089,64.98220825195312
5090,60.32006072998047
5091,49.615325927734375
5092,50.06791687011719
5093,48.7041130065918
5094,38.61839294433594
5095,73.48296356201172
5096,34.31779479980469
5097,30.077165603637695
5098,28.092174530029297
5099,12.727945327758789
5100,43.422637939453125
5101,35.47456359863281
5102,53.41517639160156
5103,48.22633743286133
5104,54.31984329223633
5105,47.1102294921875
5106,48.38966751098633
5107,42.72674560546875
5108,31.05982208251953
5109,25.61301040649414
5110,5.262277603149414
5111,10.374879837036133
5112,23.056041717529297
5113,10.591256141662598
5114,24.41944122314453
5115,14.246625900268555
5116,17.553497314453125
5117,17.180965423583984
5118,10.917987823486328
5119,24.22922134399414
5120,8.031498908996582
5121,48.70516586303711
5122,43.64076614379883
5123,7.500494956970215
5124,14.331379890441895
5125,40.330963134765625
5126,27.29430389404297
5127,14.225587844848633
5128,18.940933227539062
5129,15.383344650268555
5130,13.716632843017578
5131,15.52878189086914
5132,6.041295051574707
5133,-11.641546249389648
5134,18.082109451293945
5135,16.1517333984375
5136,11.051095962524414
5137,18.1082763671875
5138,-3.9310874938964844
5139,0.052002549171447754
5140,6.159064292907715
5141,3.4771525859832764
5142,11.075658798217773
5143,6.758770942687988
5144,-10.50826358795166
5145,1.9656810760498047
5146,29.220535278320312
5147,5.524272918701172
5148,6.149637222290039
5149,4.666877746582031
5150,-4.477747917175293
5151,7.814852237701416
5152,1.3755395412445068
5153,12.760575294494629
5154,8.90020751953125
5155,15.586000442504883
5156,16.736614227294922
5157,-2.3298051357269287
5158,4.199215888977051
5159,3.275923728942871
5160,3.941274642944336
5161,15.00167179107666
5162,6.551070213317871
5163,11.89871883392334
5164,1.940537452697754
5165,-7.470308303833008
5166,4.064294815063477
5167,11.453056335449219
5168,-1.0103445053100586
5169,-6.1208367347717285
5170,18.0357723236084
5171,14.816459655761719
5172,23.65264320373535
5173,23.774343490600586
5174,24.209394454956055
5175,24.351160049438477
5176,30.446624755859375
5177,27.630760192871094
5178,-2.2592475414276123
5179,21.638795852661133
5180,37.292999267578125
5181,26.152381896972656
5182,35.35820007324219
5183,24.27046012878418
5184,25.228748321533203
5185,25.802146911621094
5186,27.756128311157227
5187,21.392681121826172
5188,19.397523880004883
5189,31.86994743347168
5190,30.724048614501953
5191,25.441875457763672
5192,28.334156036376953
5193,53.915748596191406
5194,38.90766906738281
5195,60.26610565185547
5196,39.92864227294922
5197,32.06196594238281
5198,35.11492156982422
5199,8.24217414855957
5200,51.729408264160156
5201,75.52849578857422
5202,17.63199806213379
5203,2.3060569763183594
5204,51.813968658447266
5205,31.459562301635742
5206,61.05076217651367
5207,49.6967887878418
5208,26.113462448120117
5209,26.662883758544922
5210,14.866592407226562
5211,17.314916610717773
5212,24.325944900512695
5213,19.44509506225586
5214,25.9668025970459
5215,23.758468627929688
5216,30.743921279907227
5217,21.91059112548828
5218,-1.1098642349243164
5219,43.421180725097656
5220,24.940650939941406
5221,43.341949462890625
5222,29.778366088867188
5223,32.3518180847168
5224,20.824947357177734
5225,32.21580505371094
5226,25.551218032836914
5227,11.813491821289062
5228,23.536487579345703
5229,12.594478607177734
5230,28.98150062561035
5231,21.5086612701416
5232,33.73493957519531
5233,18.349323272705078
5234,34.941802978515625
5235,20.359880447387695
5236,29.044754028320312
5237,17.682819366455078
5238,18.0876407623291
5239,9.26025676727295
5240,16.280624389648438
5241,13.397912979125977
5242,10.191545486450195
5243,17.14148712158203
5244,6.254411220550537
5245,13.572556495666504
5246,9.760819435119629
5247,8.959623336791992
5248,-13.16662311553955
5249,2.187077522277832
5250,-18.99568748474121
5251,7.867424488067627
5252,-6.986595630645752
5253,22.225261688232422
5254,29.44098663330078
5255,2.2555480003356934
5256,10.972610473632812
5257,7.242449760437012
5258,15.971293449401855
5259,-7.809794902801514
5260,4.6006340980529785
5261,-3.6158344745635986
5262,3.6994166374206543
5263,4.977222442626953
5264,3.4927024841308594
5265,9.196892738342285
5266,4.352334022521973
5267,-7.589189052581787
5268,9.58246898651123
5269,10.23468017578125
5270,13.493684768676758
5271,15.853141784667969
5272,10.305254936218262
5273,18.92569923400879
5274,1.2345141172409058
5275,6.571355819702148
5276,2.5425660610198975
5277,5.5199666023254395
5278,7.596884727478027
5279,6.452994346618652
5280,13.812784194946289
5281,13.352691650390625
5282,8.84067153930664
5283,12.103302955627441
5284,19.24931526184082
5285,15.385818481445312
5286,23.176410675048828
5287,5.272156715393066
5288,7.500411033630371
5289,18.167137145996094
5290,12.150655746459961
5291,31.602811813354492
5292,29.422409057617188
5293,34.83852767944336
5294,32.149803161621094
5295,28.551668167114258
5296,36.241966247558594
5297,33.192596435546875
5298,33.020790100097656
5299,30.193431854248047
5300,34.62501525878906
5301,30.350873947143555
5302,29.16358184814453
5303,33.166351318359375
5304,22.684001922607422
5305,17.37847900390625
5306,33.70197296142578
5307,36.783573150634766
5308,29.400802612304688
5309,33.517478942871094
5310,25.659135818481445
5311,37.23197937011719
5312,35.1931037902832
5313,35.71757888793945
5314,29.941730499267578
5315,38.612396240234375
5316,38.78147506713867
5317,34.23943328857422
5318,34.58097457885742
5319,43.15592575073242
5320,50.56191635131836
5321,24.077903747558594
5322,39.83861541748047
5323,10.487642288208008
5324,13.348160743713379
5325,28.57762336730957
5326,27.486331939697266
5327,28.32138442993164
5328,27.599761962890625
5329,23.223094940185547
5330,29.30443572998047
5331,26.96116828918457
5332,26.233211517333984
5333,37.660499572753906
5334,30.062786102294922
5335,30.59087562561035
5336,27.3468017578125
5337,36.29538345336914
5338,28.910593032836914
5339,32.2957878112793
5340,24.837112426757812
5341,27.581912994384766
5342,32.70839309692383
5343,25.061784744262695
5344,40.21685028076172
5345,29.283111572265625
5346,17.103771209716797
5347,16.397411346435547
5348,1.2435429096221924
5349,21.267925262451172
5350,14.033407211303711
5351,28.364233016967773
5352,40.399696350097656
5353,32.7651252746582
5354,42.7119140625
5355,17.168827056884766
5356,18.272109985351562
5357,29.04344940185547
5358,19.72133445739746
5359,25.678464889526367
5360,18.251972198486328
5361,29.584936141967773
5362,15.455300331115723
5363,1.5217012166976929
5364,11.243569374084473
5365,8.114727020263672
5366,8.950133323669434
5367,-3.5235018730163574
5368,15.646540641784668
5369,7.868002891540527
5370,18.1469669342041
5371,12.452985763549805
5372,27.196876525878906
5373,22.20682716369629
5374,14.363675117492676
5375,15.4324951171875
5376,3.321016311645508
5377,6.328752040863037
5378,6.223042964935303
5379,10.255043983459473
5380,12.551139831542969
5381,13.47732925415039
5382,5.244805335998535
5383,17.183963775634766
5384,7.282759189605713
5385,20.58483123779297
5386,15.851367950439453
5387,19.74818229675293
5388,18.25751495361328
5389,8.417312622070312
5390,2.971529245376587
5391,26.006940841674805
5392,20.521053314208984
5393,11.703028678894043
5394,17.07558250427246
5395,15.24116325378418
5396,20.42292594909668
5397,20.00612449645996
5398,24.19354248046875
5399,21.67934226989746
5400,23.755754470825195
5401,12.89989185333252
5402,21.847917556762695
5403,2.1552038192749023
5404,31.22278594970703
5405,18.476490020751953
5406,30.965476989746094
5407,31.354825973510742
5408,29.298843383789062
5409,36.274383544921875
5410,9.242999076843262
5411,27.86578369140625
5412,18.691375732421875
5413,30.401206970214844
5414,23.179872512817383
5415,35.04341125488281
5416,16.09447479248047
5417,41.39509201049805
5418,51.496456146240234
5419,36.22252655029297
5420,29.284395217895508
5421,37.92282485961914
5422,42.83922576904297
5423,30.407045364379883
5424,35.798973083496094
5425,28.570171356201172
5426,39.966392517089844
5427,10.535886764526367
5428,25.200115203857422
5429,33.92012405395508
5430,32.71141052246094
5431,9.212539672851562
5432,29.329357147216797
5433,44.11549758911133
5434,29.032756805419922
5435,25.661540985107422
5436,22.410362243652344
5437,26.33383560180664
5438,23.007423400878906
5439,28.146081924438477
5440,14.659444808959961
5441,22.304210662841797
5442,22.60483169555664
5443,22.22787857055664
5444,33.0382194519043
5445,32.250518798828125
5446,17.422374725341797
5447,25.563785552978516
5448,23.091232299804688
5449,27.267831802368164
5450,5.134531021118164
5451,29.4715633392334
5452,35.21794128417969
5453,36.39727020263672
5454,46.47203063964844
5455,30.583147048950195
5456,41.095943450927734
5457,27.971511840820312
5458,31.518156051635742
5459,21.35892105102539
5460,24.62255859375
5461,28.527212142944336
5462,22.534835815429688
5463,10.658578872680664
5464,17.74236488342285
5465,7.102505683898926
5466,15.476327896118164
5467,26.181209564208984
5468,18.52044677734375
5469,28.279895782470703
5470,13.88471794128418
5471,15.960648536682129
5472,27.760662078857422
5473,30.371990203857422
5474,17.29657745361328
5475,17.33942413330078
5476,46.99099349975586
5477,34.35234069824219
5478,20.260120391845703
5479,22.93053436279297
5480,28.800146102905273
5481,18.82599639892578
5482,7.3919854164123535
5483,15.510221481323242
5484,5.50106143951416
5485,16.90247917175293
5486,21.82137680053711
5487,21.2747745513916
5488,27.116165161132812
5489,14.390521049499512
5490,18.14567756652832
5491,17.104671478271484
5492,17.07042694091797
5493,7.913431167602539
5494,10.122648239135742
5495,23.180789947509766
5496,13.440191268920898
5497,42.319087982177734
5498,20.436511993408203
5499,9.478967666625977
5500,16.469942092895508
5501,19.912656784057617
5502,17.744295120239258
5503,17.388763427734375
5504,15.26496410369873
5505,7.786660671234131
5506,26.97633171081543
5507,25.01926040649414
5508,14.201196670532227
5509,11.287759780883789
5510,30.21198081970215
5511,18.835798263549805
5512,12.911052703857422
5513,14.46290397644043
5514,26.065622329711914
5515,18.760026931762695
5516,26.032455444335938
5517,21.14810562133789
5518,14.045929908752441
5519,23.498844146728516
5520,20.5714111328125
5521,25.452608108520508
5522,21.960851669311523
5523,28.567913055419922
5524,22.073577880859375
5525,37.670066833496094
5526,31.970739364624023
5527,25.04174041748047
5528,26.009262084960938
5529,32.809478759765625
5530,30.005706787109375
5531,8.872980117797852
5532,26.293033599853516
5533,39.82649230957031
5534,30.508319854736328
5535,31.761917114257812
5536,33.905006408691406
5537,37.488521575927734
5538,30.948104858398438
5539,28.308265686035156
5540,36.53268814086914
5541,36.09260940551758
5542,26.268648147583008
5543,25.3293514251709
5544,30.94359588623047
5545,25.59983253479004
5546,36.83643341064453
5547,30.571714401245117
5548,41.75742721557617
5549,34.262699127197266
5550,49.56364059448242
5551,29.55937957763672
5552,8.637038230895996
5553,34.277427673339844
5554,28.514266967773438
5555,31.07897186279297
5556,23.496349334716797
5557,32.24404525756836
5558,24.31627655029297
5559,30.567785263061523
5560,25.192665100097656
5561,28.326988220214844
5562,25.234947204589844
5563,19.82906723022461
5564,21.838470458984375
5565,25.074270248413086
5566,22.022663116455078
5567,18.177684783935547
5568,23.666763305664062
5569,24.294078826904297
5570,20.895591735839844
5571,7.510226249694824
5572,35.40685272216797
5573,30.219907760620117
5574,37.579593658447266
5575,35.59490203857422
5576,32.07494354248047
5577,29.795597076416016
5578,18.680400848388672
5579,20.49738311767578
5580,10.068603515625
5581,15.472107887268066
5582,20.67177963256836
5583,18.487321853637695
5584,23.669551849365234
5585,14.371891975402832
5586,3.7655258178710938
5587,16.76287269592285
5588,15.442726135253906
5589,15.488868713378906
5590,16.229095458984375
5591,14.587783813476562
5592,14.25198745727539
5593,19.109155654907227
5594,18.97784423828125
5595,26.674280166625977
5596,22.005163192749023
5597,20.17251205444336
5598,18.22698974609375
5599,10.1221284866333
5600,13.578944206237793
5601,11.590246200561523
5602,12.858091354370117
5603,13.677013397216797
5604,13.306095123291016
5605,20.272930145263672
5606,8.492720603942871
5607,8.524619102478027
5608,18.975994110107422
5609,21.81803321838379
5610,9.50222110748291
5611,11.51500129699707
5612,22.69927978515625
5613,16.222320556640625
5614,27.040115356445312
5615,18.437847137451172
5616,10.495424270629883
5617,15.840499877929688
5618,27.11741065979004
5619,14.398459434509277
5620,17.055370330810547
5621,15.634334564208984
5622,18.298967361450195
5623,12.796899795532227
5624,8.594297409057617
5625,19.491100311279297
5626,14.591838836669922
5627,8.507535934448242
5628,7.60262393951416
5629,7.120471000671387
5630,5.913261413574219
5631,14.800619125366211
5632,9.006437301635742
5633,18.473237991333008
5634,10.113748550415039
5635,9.093420028686523
5636,10.936860084533691
5637,16.914608001708984
5638,6.081840515136719
5639,2.9787864685058594
5640,10.924066543579102
5641,8.423521995544434
5642,15.596373558044434
5643,12.073421478271484
5644,23.924869537353516
5645,19.338302612304688
5646,15.753372192382812
5647,16.87502670288086
5648,9.98740005493164
5649,15.089845657348633
5650,19.67404556274414
5651,15.885766983032227
5652,17.582612991333008
5653,18.480859756469727
5654,22.79034423828125
5655,18.91739273071289
5656,20.709945678710938
5657,21.145320892333984
5658,23.605148315429688
5659,14.101582527160645
5660,14.873631477355957
5661,17.398815155029297
5662,13.788683891296387
5663,30.6552734375
5664,21.385486602783203
5665,28.842639923095703
5666,20.661785125732422
5667,22.617900848388672
5668,19.606660842895508
5669,12.005748748779297
5670,19.71738624572754
5671,19.170452117919922
5672,18.822364807128906
5673,18.176227569580078
5674,18.56387710571289
5675,13.453112602233887
5676,23.651424407958984
5677,16.351560592651367
5678,23.13451385498047
5679,19.901073455810547
5680,15.749235153198242
5681,17.481151580810547
5682,16.492340087890625
5683,19.50621795654297
5684,17.70563507080078
5685,16.970348358154297
5686,8.378998756408691
5687,15.311080932617188
5688,4.979213714599609
5689,22.388038635253906
5690,22.798969268798828
5691,20.672035217285156
5692,23.64775848388672
5693,16.176822662353516
5694,23.857385635375977
5695,12.309320449829102
5696,18.540311813354492
5697,16.138904571533203
5698,18.505741119384766
5699,13.026927947998047
5700,16.462520599365234
5701,5.906067848205566
5702,18.179943084716797
5703,22.895435333251953
5704,16.076007843017578
5705,24.50506591796875
5706,10.772588729858398
5707,11.154083251953125
5708,16.88396453857422
5709,23.46990966796875
5710,5.549137115478516
5711,11.516033172607422
5712,6.763154983520508
5713,9.410455703735352
5714,10.953337669372559
5715,10.856918334960938
5716,13.060418128967285
5717,13.69863510131836
5718,27.14073944091797
5719,11.670809745788574
5720,5.72782039642334
5721,12.530649185180664
5722,6.255312919616699
5723,12.453203201293945
5724,8.493326187133789
5725,14.667957305908203
5726,16.768814086914062
5727,-1.0596249103546143
5728,6.168898582458496
5729,2.927405834197998
5730,6.498989105224609
5731,6.480816841125488
5732,11.432086944580078
5733,1.6617488861083984
5734,11.640059471130371
5735,16.968976974487305
5736,14.367582321166992
5737,19.082355499267578
5738,9.750408172607422
5739,9.86056137084961
5740,10.952166557312012
5741,10.289767265319824
5742,11.253881454467773
5743,14.1778564453125
5744,6.208005905151367
5745,8.467172622680664
5746,10.260568618774414
5747,13.344781875610352
5748,-2.37873911857605
5749,7.274215221405029
5750,11.682979583740234
5751,10.397247314453125
5752,13.237045288085938
5753,8.898344039916992
5754,12.000357627868652
5755,8.001934051513672
5756,11.648086547851562
5757,2.0502970218658447
5758,5.42618989944458
5759,4.466299533843994
5760,4.238965034484863
5761,13.001241683959961
5762,16.03472328186035
5763,1.0939470529556274
5764,7.725998401641846
5765,19.420438766479492
5766,13.638214111328125
5767,12.008862495422363
5768,9.707436561584473
5769,7.50992488861084
5770,9.994241714477539
5771,9.622257232666016
5772,10.735316276550293
5773,18.639854431152344
5774,9.892406463623047
5775,14.904024124145508
5776,5.600444793701172
5777,10.232648849487305
5778,8.659323692321777
5779,8.844691276550293
5780,20.426925659179688
5781,16.564096450805664
5782,10.740821838378906
5783,11.47708511352539
5784,8.533944129943848
5785,11.528034210205078
5786,20.076457977294922
5787,9.76753044128418
5788,11.708745002746582
5789,14.494588851928711
5790,24.378950119018555
5791,0.9294600486755371
5792,0.5639185905456543
5793,12.172221183776855
5794,7.497906684875488
5795,13.94836711883545
5796,12.283366203308105
5797,10.261476516723633
5798,8.858928680419922
5799,16.811573028564453
5800,13.046223640441895
5801,9.502666473388672
5802,10.347455978393555
5803,5.3368754386901855
5804,12.733037948608398
5805,14.303261756896973
5806,9.701083183288574
5807,7.566350936889648
5808,15.250445365905762
5809,14.79644775390625
5810,10.457237243652344
5811,15.82914924621582
5812,0.5829088687896729
5813,2.980696201324463
5814,15.593737602233887
5815,11.09789752960205
5816,1.756777286529541
5817,5.696556091308594
5818,5.180558681488037
5819,8.08647632598877
5820,10.969690322875977
5821,7.429091930389404
5822,1.2938529253005981
5823,15.24315357208252
5824,16.660125732421875
5825,9.551868438720703
5826,12.878662109375
5827,10.015296936035156
5828,9.900227546691895
5829,8.059184074401855
5830,11.559675216674805
5831,2.4353675842285156
5832,6.952631950378418
5833,12.841626167297363
5834,10.627769470214844
5835,10.61483383178711
5836,5.963641166687012
5837,-3.3469860553741455
5838,7.145539283752441
5839,3.7179067134857178
5840,6.404642581939697
5841,8.048078536987305
5842,6.835319519042969
5843,7.097931861877441
5844,2.3956613540649414
5845,5.345001220703125
5846,5.586234092712402
5847,7.400379657745361
5848,-4.155375003814697
5849,4.092060089111328
5850,7.232392311096191
5851,4.7066473960876465
5852,-2.1642158031463623
5853,6.495232582092285
5854,16.105987548828125
5855,2.3325746059417725
5856,1.3287014961242676
5857,5.310035705566406
5858,4.5465874671936035
5859,2.8449606895446777
5860,4.976912498474121
5861,6.676519393920898
5862,7.610206604003906
5863,-0.8864225745201111
5864,3.751229763031006
5865,3.2096266746520996
5866,2.323498249053955
5867,12.64910888671875
5868,6.4001665115356445
5869,7.458616733551025
5870,4.142787933349609
5871,3.8707971572875977
5872,5.4000372886657715
5873,2.744029998779297
5874,5.365967273712158
5875,6.385025978088379
5876,6.215754508972168
5877,4.942403793334961
5878,5.018172264099121
5879,6.525628089904785
5880,1.8583850860595703
5881,2.297929286956787
5882,4.308712959289551
5883,5.12326717376709
5884,6.904438018798828
5885,6.029606342315674
5886,6.960297107696533
5887,7.576253890991211
5888,6.483064651489258
5889,6.353625774383545
5890,8.93320083618164
5891,7.062466621398926
5892,5.9007720947265625
5893,7.7973527908325195
5894,10.426799774169922
5895,3.21628999710083
5896,5.092726707458496
5897,0.9466143846511841
5898,3.5517401695251465
5899,7.862579345703125
5900,5.445693016052246
5901,5.415329933166504
5902,6.517395496368408
5903,9.483386993408203
5904,6.522465705871582
5905,15.207422256469727
5906,5.46113920211792
5907,2.105612277984619
5908,8.166367530822754
5909,9.050154685974121
5910,8.454888343811035
5911,9.20740795135498
5912,6.0777058601379395
5913,5.098841190338135
5914,14.899558067321777
5915,8.367313385009766
5916,7.118849754333496
5917,6.7275285720825195
5918,8.295289993286133
5919,6.701112270355225
5920,5.249187469482422
5921,9.549385070800781
5922,12.572099685668945
5923,9.264493942260742
5924,10.016864776611328
5925,12.112625122070312
5926,10.802732467651367
5927,10.199636459350586
5928,6.225216865539551
5929,14.673583030700684
5930,7.751535892486572
5931,15.906831741333008
5932,10.375018119812012
5933,11.905606269836426
5934,9.544437408447266
5935,4.41942834854126
5936,8.581892013549805
5937,5.108898162841797
5938,8.135886192321777
5939,6.633429527282715
5940,9.843583106994629
5941,4.936056137084961
5942,11.311736106872559
5943,5.664639472961426
5944,13.225308418273926
5945,6.767500877380371
5946,18.82345199584961
5947,15.55949878692627
5948,5.237973213195801
5949,8.995534896850586
5950,1.1766854524612427
5951,6.392289638519287
5952,6.324027061462402
5953,6.679867744445801
5954,4.120482921600342
5955,8.570673942565918
5956,7.534337043762207
5957,7.465423583984375
5958,4.398014068603516
5959,6.952739238739014
5960,4.823291778564453
5961,4.322831630706787
5962,3.1265392303466797
5963,5.951386451721191
5964,3.955029010772705
5965,6.142256736755371
5966,5.102327346801758
5967,9.081356048583984
5968,6.544895648956299
5969,3.1429638862609863
5970,6.660140037536621
5971,4.084441661834717
5972,6.321648597717285
5973,3.4280266761779785
5974,5.311697483062744
5975,1.626624345779419
5976,5.397336006164551
5977,4.011575222015381
5978,5.079327583312988
5979,4.267368316650391
5980,1.3999433517456055
5981,1.2419867515563965
5982,6.6225810050964355
5983,3.8488478660583496
5984,0.8263492584228516
5985,3.3339996337890625
5986,6.080832481384277
5987,3.805595874786377
5988,0.9902806282043457
5989,4.275660037994385
5990,1.4317622184753418
5991,5.677497863769531
5992,6.806203842163086
5993,5.397046089172363
5994,5.3021368980407715
5995,6.201017379760742
5996,6.638763904571533
5997,6.574951171875
5998,6.872544765472412
5999,5.952385902404785
6000,6.903018951416016
6001,14.515707015991211
6002,8.99000072479248
6003,1.2731516361236572
6004,8.220610618591309
6005,10.289284706115723
6006,7.088574409484863
6007,7.461440086364746
6008,7.291337966918945
6009,7.046635627746582
6010,6.123321533203125
6011,6.520405292510986
6012,6.979489803314209
6013,6.21259069442749
6014,7.4336042404174805
6015,7.449245452880859
6016,5.557647705078125
6017,5.944055080413818
6018,4.988894939422607
6019,7.245901107788086
6020,13.901355743408203
6021,7.368978023529053
6022,4.263003349304199
6023,8.975502967834473
6024,8.987953186035156
6025,7.611014366149902
6026,8.486905097961426
6027,8.237165451049805
6028,8.412433624267578
6029,6.210691452026367
6030,7.632717132568359
6031,8.283961296081543
6032,6.9408745765686035
6033,11.032736778259277
6034,9.048608779907227
6035,14.733758926391602
6036,9.160469055175781
6037,8.834577560424805
6038,8.877034187316895
6039,3.087604522705078
6040,9.465543746948242
6041,11.803175926208496
6042,7.526353359222412
6043,3.202913999557495
6044,13.444862365722656
6045,14.035146713256836
6046,11.424169540405273
6047,11.222904205322266
6048,10.365875244140625
6049,10.166471481323242
6050,14.227982521057129
6051,11.294257164001465
6052,5.758026123046875
6053,9.88710880279541
6054,15.77724838256836
6055,8.293664932250977
6056,7.731093883514404
6057,8.664422988891602
6058,4.912914752960205
6059,9.798545837402344
6060,10.961403846740723
6061,7.425947189331055
6062,5.481605529785156
6063,9.591029167175293
6064,6.751818656921387
6065,15.627618789672852
6066,10.99199104309082
6067,8.01612663269043
6068,8.759774208068848
6069,7.039534091949463
6070,6.330366134643555
6071,4.975398063659668
6072,7.649884223937988
6073,9.212797164916992
6074,5.897343635559082
6075,5.361575126647949
6076,6.14420223236084
6077,2.275623083114624
6078,7.437698841094971
6079,5.23914909362793
6080,9.30302906036377
6081,8.14337158203125
6082,6.185617446899414
6083,8.05476188659668
6084,5.163425445556641
6085,6.166769981384277
6086,8.409891128540039
6087,7.157406806945801
6088,4.123235702514648
6089,5.407336711883545
6090,4.999120712280273
6091,6.595898628234863
6092,7.962658882141113
6093,3.325362205505371
6094,4.468806743621826
6095,2.0375709533691406
6096,1.1500239372253418
6097,4.156523704528809
6098,3.848417043685913
6099,2.8345232009887695
6100,2.478628158569336
6101,-0.18880295753479004
6102,1.71672785282135
6103,3.7569031715393066
6104,2.6084210872650146
6105,8.469001770019531
6106,3.5970795154571533
6107,4.351484775543213
6108,2.310063362121582
6109,1.4247771501541138
6110,3.294710874557495
6111,1.7121185064315796
6112,4.891241073608398
6113,5.37408447265625
6114,2.565605401992798
6115,2.103224277496338
6116,7.466773509979248
6117,5.266809463500977
6118,5.419407844543457
6119,4.7721405029296875
6120,4.108763217926025
6121,5.331108093261719
6122,2.9903581142425537
6123,5.899271488189697
6124,4.6071577072143555
6125,7.671298027038574
6126,10.369421005249023
6127,3.4642493724823
6128,3.1738104820251465
6129,6.336546421051025
6130,6.571199417114258
6131,4.389795303344727
6132,5.331731796264648
6133,7.675162315368652
6134,6.744800090789795
6135,4.953256607055664
6136,6.457911491394043
6137,3.221923351287842
6138,6.4580183029174805
6139,11.623906135559082
6140,6.699306488037109
6141,4.489889621734619
6142,8.983986854553223
6143,10.441306114196777
6144,8.621345520019531
6145,10.279746055603027
6146,6.332760810852051
6147,6.39426326751709
6148,8.615629196166992
6149,7.86584997177124
6150,4.7388529777526855
6151,6.021066188812256
6152,5.6040239334106445
6153,5.733156204223633
6154,11.531288146972656
6155,7.06382417678833
6156,11.381608963012695
6157,4.800051689147949
6158,-2.438328742980957
6159,8.400997161865234
6160,9.788248062133789
6161,4.51300048828125
6162,4.05671501159668
6163,7.46089506149292
6164,6.448024749755859
6165,7.773368835449219
6166,7.974498748779297
6167,6.924074172973633
6168,6.5856099128723145
6169,11.7987642288208
6170,7.950248718261719
6171,4.789677619934082
6172,6.505105495452881
6173,5.032201766967773
6174,6.4466872215271
6175,4.16925048828125
6176,7.114836692810059
6177,5.728140354156494
6178,7.908591270446777
6179,6.154869079589844
6180,10.114127159118652
6181,11.126644134521484
6182,3.9165618419647217
6183,6.780953407287598
6184,2.4884939193725586
6185,5.402688026428223
6186,4.439082145690918
6187,5.755149841308594
6188,6.3119893074035645
6189,6.416726112365723
6190,9.215307235717773
6191,5.213248252868652
6192,3.4840335845947266
6193,6.289474964141846
6194,7.109331130981445
6195,4.435964584350586
6196,5.056998252868652
6197,7.571561813354492
6198,8.959746360778809
6199,-0.05743551254272461
6200,3.5538110733032227
6201,5.852962493896484
6202,5.560162544250488
6203,2.258720874786377
6204,4.9035325050354
6205,11.847393035888672
6206,4.627592086791992
6207,2.8484139442443848
6208,4.786097526550293
6209,5.400994777679443
6210,4.887105464935303
6211,7.094217777252197
6212,5.047640800476074
6213,6.002058982849121
6214,3.527442455291748
6215,3.557624578475952
6216,5.967644214630127
6217,3.9020097255706787
6218,8.198685646057129
6219,5.52822732925415
6220,5.704337120056152
6221,3.825972557067871
6222,-2.0040383338928223
6223,3.1838293075561523
6224,1.6869553327560425
6225,3.884519100189209
6226,6.60056734085083
6227,3.274164915084839
6228,4.726570129394531
6229,0.7512725591659546
6230,0.10843765735626221
6231,5.523183822631836
6232,4.39417839050293
6233,2.235353946685791
6234,3.3838589191436768
6235,2.3541624546051025
6236,2.3928377628326416
6237,2.783337354660034
6238,3.2363319396972656
6239,0.5305256843566895
6240,3.998379945755005
6241,8.674812316894531
6242,4.115065097808838
6243,3.0146267414093018
6244,4.699651718139648
6245,4.0128374099731445
6246,5.648231506347656
6247,5.404836654663086
6248,4.548118591308594
6249,6.338728427886963
6250,3.1912121772766113
6251,5.0636138916015625
6252,2.484807014465332
6253,4.756227493286133
6254,6.0103440284729
6255,5.453397274017334
6256,7.036052703857422
6257,6.558567047119141
6258,9.840287208557129
6259,4.8230814933776855
6260,2.731262445449829
6261,6.663177013397217
6262,6.626796722412109
6263,5.007044792175293
6264,7.044583797454834
6265,3.7691245079040527
6266,5.3686909675598145
6267,2.544187545776367
6268,3.7276992797851562
6269,8.779045104980469
6270,6.0601606369018555
6271,11.274484634399414
6272,7.226680755615234
6273,1.4645112752914429
6274,6.504833221435547
6275,7.493555545806885
6276,6.579536437988281
6277,7.878653049468994
6278,4.446899890899658
6279,5.10763692855835
6280,4.931490898132324
6281,3.17094087600708
6282,10.126073837280273
6283,7.902741432189941
6284,7.0562238693237305
6285,6.610869407653809
6286,3.501293182373047
6287,4.933862686157227
6288,5.873338222503662
6289,4.880162239074707
6290,1.3559246063232422
6291,5.940439224243164
6292,8.32027530670166
6293,4.333477020263672
6294,1.2654383182525635
6295,8.170760154724121
6296,9.562524795532227
6297,3.312131643295288
6298,3.891873359680176
6299,6.363808631896973
6300,5.538307189941406
6301,4.164729118347168
6302,5.2913289070129395
6303,5.339973449707031
6304,5.62003231048584
6305,7.750674247741699
6306,6.372435092926025
6307,5.61069393157959
6308,5.508474826812744
6309,6.849983215332031
6310,3.022785186767578
6311,-1.5305399894714355
6312,6.63428258895874
6313,4.535501003265381
6314,6.568086624145508
6315,5.345388412475586
6316,5.225207328796387
6317,6.402424335479736
6318,-0.9494104385375977
6319,2.7595202922821045
6320,2.7176499366760254
6321,4.016486167907715
6322,4.864211082458496
6323,4.383584499359131
6324,2.380506992340088
6325,4.695639133453369
6326,7.428049087524414
6327,3.0423741340637207
6328,1.3510472774505615
6329,6.278539657592773
6330,7.246420860290527
6331,1.875159502029419
6332,3.518918514251709
6333,-0.3027753531932831
6334,0.4830637574195862
6335,0.9670461416244507
6336,0.7676346302032471
6337,5.4405717849731445
6338,2.4076476097106934
6339,0.2773556113243103
6340,1.7923541069030762
6341,2.5139856338500977
6342,1.859304666519165
6343,2.346433401107788
6344,2.382542610168457
6345,3.3590922355651855
6346,0.9082362651824951
6347,0.8259904384613037
6348,3.176952362060547
6349,3.292764663696289
6350,-0.04994674026966095
6351,0.5745697021484375
6352,5.295529842376709
6353,2.6507930755615234
6354,6.560133457183838
6355,4.089842796325684
6356,-0.6752303838729858
6357,3.3932907581329346
6358,7.758426666259766
6359,2.0659003257751465
6360,-3.489750623703003
6361,4.5032267570495605
6362,4.698572158813477
6363,3.1482295989990234
6364,2.719508409500122
6365,3.9786877632141113
6366,4.222467422485352
6367,2.63755464553833
6368,3.235020160675049
6369,3.3311424255371094
6370,4.316865921020508
6371,2.8592844009399414
6372,4.181797027587891
6373,6.174620628356934
6374,5.209555625915527
6375,4.713401794433594
6376,6.0485124588012695
6377,8.285637855529785
6378,4.912962436676025
6379,1.7712739706039429
6380,8.764106750488281
6381,9.265400886535645
6382,3.4623377323150635
6383,3.650376081466675
6384,6.209950923919678
6385,5.439196586608887
6386,7.465712547302246
6387,6.060041904449463
6388,4.312249183654785
6389,5.211716175079346
6390,6.790402889251709
6391,4.598235607147217
6392,-0.12620699405670166
6393,6.015412330627441
6394,6.723461151123047
6395,5.1416916847229
6396,3.9104175567626953
6397,7.427586078643799
6398,6.211136817932129
6399,5.75712776184082
6400,6.072152137756348
6401,7.474781513214111
6402,7.853687763214111
6403,3.0878708362579346
6404,5.4237871170043945
6405,10.31563949584961
6406,6.3245368003845215
6407,1.2862095832824707
6408,5.439366340637207
6409,4.1948370933532715
6410,5.275973320007324
6411,5.0032477378845215
6412,5.97259521484375
6413,4.195702075958252
6414,6.863430976867676
6415,5.742372989654541
6416,8.964273452758789
6417,9.39225959777832
6418,2.9755256175994873
6419,5.72956657409668
6420,5.481080532073975
6421,5.810630798339844
6422,2.1929502487182617
6423,5.076187610626221
6424,9.350900650024414
6425,4.621814727783203
6426,1.914582371711731
6427,5.288022518157959
6428,4.6884589195251465
6429,4.261874198913574
6430,3.5220508575439453
6431,6.580217361450195
6432,8.383814811706543
6433,0.6994486451148987
6434,1.796712875366211
6435,8.166816711425781
6436,5.477980613708496
6437,3.0128283500671387
6438,4.0630364418029785
6439,5.8211565017700195
6440,4.23726749420166
6441,2.526921272277832
6442,3.939704418182373
6443,5.101595401763916
6444,2.327275276184082
6445,-2.0164687633514404
6446,6.603987693786621
6447,7.024689674377441
6448,3.910679817199707
6449,5.510474681854248
6450,2.640317916870117
6451,3.5865960121154785
6452,2.2706351280212402
6453,2.3744778633117676
6454,6.28475284576416
6455,4.086825847625732
6456,1.6655185222625732
6457,3.2943286895751953
6458,1.1131389141082764
6459,3.421593189239502
6460,5.724382400512695
6461,2.202510118484497
6462,1.9441320896148682
6463,2.221402645111084
6464,0.3140786588191986
6465,6.258515357971191
6466,6.780121803283691
6467,0.7550750970840454
6468,1.5077531337738037
6469,4.951340675354004
6470,3.9571034908294678
6471,2.1683716773986816
6472,3.1591105461120605
6473,3.414449691772461
6474,3.161550521850586
6475,-1.9004563093185425
6476,3.9387617111206055
6477,6.334338188171387
6478,3.5722599029541016
6479,3.31203556060791
6480,4.30607795715332
6481,4.11121940612793
6482,6.063963890075684
6483,7.76124906539917
6484,-1.0367146730422974
6485,0.612747311592102
6486,9.007672309875488
6487,6.105478286743164
6488,2.417078971862793
6489,4.349828720092773
6490,3.7560019493103027
6491,3.8741116523742676
6492,3.2366690635681152
6493,4.233257293701172
6494,2.0988967418670654
6495,5.120968818664551
6496,5.2863898277282715
6497,5.761513710021973
6498,7.512783050537109
6499,3.208709955215454
6500,4.407351493835449
6501,7.099799156188965
6502,7.736213684082031
6503,0.20881450176239014
6504,3.0687577724456787
6505,10.630584716796875
6506,6.016427040100098
6507,1.8343546390533447
6508,5.6436333656311035
6509,8.17396068572998
6510,6.071698188781738
6511,7.5410614013671875
6512,6.832864761352539
6513,8.648401260375977
6514,4.1078572273254395
6515,2.149789810180664
6516,9.813314437866211
6517,7.470320701599121
6518,7.23234748840332
6519,6.101280212402344
6520,10.27065372467041
6521,7.757229328155518
6522,2.1116864681243896
6523,5.3168721199035645
6524,4.273227214813232
6525,4.994474411010742
6526,5.0483078956604
6527,5.455728530883789
6528,4.449038982391357
6529,5.999396324157715
6530,8.79940414428711
6531,3.376173973083496
6532,2.8835439682006836
6533,6.449029445648193
6534,5.425572395324707
6535,7.643718242645264
6536,6.992140293121338
6537,4.455102443695068
6538,5.99388313293457
6539,8.438255310058594
6540,6.721877098083496
6541,6.372902870178223
6542,6.488751411437988
6543,3.840480327606201
6544,5.620786666870117
6545,6.011232852935791
6546,4.828494071960449
6547,4.134876251220703
6548,4.256336688995361
6549,4.454763412475586
6550,3.8573970794677734
6551,4.430988311767578
6552,3.038438081741333
6553,4.756678104400635
6554,1.5896354913711548
6555,2.7967593669891357
6556,4.77618932723999
6557,3.765019416809082
6558,2.536822557449341
6559,3.617388963699341
6560,6.759757041931152
6561,4.624006271362305
6562,6.179042816162109
6563,3.7652487754821777
6564,3.5732202529907227
6565,3.6902754306793213
6566,2.7884254455566406
6567,4.54727840423584
6568,5.262058258056641
6569,1.4953843355178833
6570,2.1436257362365723
6571,2.6776418685913086
6572,2.592113494873047
6573,0.0761498212814331
6574,1.6511183977127075
6575,4.735785484313965
6576,3.257049560546875
6577,2.878990411758423
6578,3.2641537189483643
6579,3.332785129547119
6580,3.1167073249816895
6581,3.7748231887817383
6582,2.4886326789855957
6583,4.490785598754883
6584,1.2655465602874756
6585,1.7081854343414307
6586,3.031996965408325
6587,2.7776684761047363
6588,4.605016708374023
6589,3.553271532058716
6590,1.2951581478118896
6591,3.6235008239746094
6592,2.0543553829193115
6593,4.382740020751953
6594,6.153163909912109
6595,4.9975175857543945
6596,5.329501152038574
6597,5.094162940979004
6598,7.613270282745361
6599,2.923572063446045
6600,2.540196657180786
6601,5.711966514587402
6602,5.463342666625977
6603,4.027929782867432
6604,4.155178070068359
6605,4.167479991912842
6606,4.004446506500244
6607,7.2210845947265625
6608,4.033834457397461
6609,0.09879469871520996
6610,3.413285255432129
6611,1.4327114820480347
6612,3.667214870452881
6613,4.867438316345215
6614,4.574601173400879
6615,5.803226470947266
6616,3.5458250045776367
6617,4.848569869995117
6618,2.0779693126678467
6619,1.488362193107605
6620,7.468868732452393
6621,6.2128520011901855
6622,0.9917157888412476
6623,3.576568841934204
6624,4.279512405395508
6625,4.499516487121582
6626,3.724173069000244
6627,4.432086944580078
6628,8.526705741882324
6629,3.289750099182129
6630,3.548548936843872
6631,3.005689859390259
6632,0.2882944941520691
6633,7.871078968048096
6634,6.976931571960449
6635,3.849029541015625
6636,5.597848892211914
6637,3.891294479370117
6638,5.116606712341309
6639,2.501725435256958
6640,4.567012310028076
6641,8.748668670654297
6642,5.771449089050293
6643,6.908421516418457
6644,5.674042224884033
6645,3.094919204711914
6646,6.678428649902344
6647,6.963478088378906
6648,6.8804402351379395
6649,7.443863391876221
6650,5.507059574127197
6651,6.581875801086426
6652,5.719470977783203
6653,6.406611442565918
6654,2.9559245109558105
6655,3.9370107650756836
6656,9.150440216064453
6657,5.753500938415527
6658,4.064100742340088
6659,4.965134620666504
6660,5.7548322677612305
6661,5.003486633300781
6662,6.257802963256836
6663,4.394147872924805
6664,0.15904095768928528
6665,7.545376777648926
6666,7.539580345153809
6667,5.729813575744629
6668,6.504023551940918
6669,3.853405475616455
6670,4.154604911804199
6671,6.552594184875488
6672,5.816989421844482
6673,2.835989236831665
6674,4.870007514953613
6675,0.39875978231430054
6676,4.128655433654785
6677,8.473573684692383
6678,4.206298828125
6679,4.847670555114746
6680,3.3666110038757324
6681,2.202721357345581
6682,4.67735481262207
6683,4.215200424194336
6684,4.330089569091797
6685,4.784146308898926
6686,1.641050934791565
6687,1.9916696548461914
6688,6.2896318435668945
6689,4.986895561218262
6690,-0.27920442819595337
6691,2.297968864440918
6692,7.600224018096924
6693,2.6982741355895996
6694,0.3880957365036011
6695,2.1998584270477295
6696,0.3759526014328003
6697,3.3628346920013428
6698,3.708801507949829
6699,3.1472766399383545
6700,3.941833257675171
6701,1.150339126586914
6702,2.1068286895751953
6703,1.145780086517334
6704,1.6109689474105835
6705,3.9777026176452637
6706,3.3901185989379883
6707,2.4427127838134766
6708,3.0479140281677246
6709,5.353503227233887
6710,3.7260842323303223
6711,2.9199695587158203
6712,3.3194785118103027
6713,1.0125341415405273
6714,4.917342662811279
6715,5.8153276443481445
6716,2.732112407684326
6717,3.058600902557373
6718,2.3215713500976562
6719,3.1240406036376953
6720,-0.20521782338619232
6721,1.9568325281143188
6722,-0.3473398685455322
6723,1.0503087043762207
6724,6.369898319244385
6725,3.7285614013671875
6726,2.0325164794921875
6727,3.5425407886505127
6728,5.13638162612915
6729,3.8140811920166016
6730,4.471680641174316
6731,2.681278705596924
6732,0.44482171535491943
6733,5.734304428100586
6734,5.455150604248047
6735,4.843490123748779
6736,6.457393169403076
6737,2.343600034713745
6738,4.1658782958984375
6739,-0.14409369230270386
6740,1.8953657150268555
6741,5.188215255737305
6742,3.570504903793335
6743,0.7270296812057495
6744,4.023974418640137
6745,8.286114692687988
6746,3.1499040126800537
6747,2.9769463539123535
6748,4.200501441955566
6749,3.383544445037842
6750,5.526195049285889
6751,4.77912712097168
6752,6.712547302246094
6753,6.318816184997559
6754,3.7163171768188477
6755,4.848182678222656
6756,2.485670566558838
6757,3.7675881385803223
6758,4.533303260803223
6759,4.397250175476074
6760,2.267240047454834
6761,4.462204933166504
6762,5.139761924743652
6763,4.836951732635498
6764,3.814793825149536
6765,5.056403160095215
6766,2.8966760635375977
6767,8.563472747802734
6768,8.568761825561523
6769,5.875695705413818
6770,7.457061767578125
6771,1.7249064445495605
6772,3.8561720848083496
6773,0.9690852165222168
6774,2.8918511867523193
6775,2.5460734367370605
6776,3.10259747505188
6777,6.007298469543457
6778,2.8714072704315186
6779,-1.3662927150726318
6780,3.3221311569213867
6781,3.538203477859497
6782,3.879328966140747
6783,5.207136154174805
6784,3.9540305137634277
6785,5.588634490966797
6786,2.971780776977539
6787,4.582896709442139
6788,1.8453963994979858
6789,3.100886344909668
6790,5.334583282470703
6791,4.402246475219727
6792,1.3386552333831787
6793,3.5638651847839355
6794,6.4192633628845215
6795,3.9761404991149902
6796,5.392378807067871
6797,4.571027755737305
6798,6.257616996765137
6799,3.372844934463501
6800,3.1800403594970703
6801,3.3776369094848633
6802,3.082648515701294
6803,2.2350399494171143
6804,1.1715883016586304
6805,6.007880210876465
6806,3.5232489109039307
6807,3.8118319511413574
6808,3.1451992988586426
6809,5.381474494934082
6810,3.3840246200561523
6811,1.3895313739776611
6812,2.800044536590576
6813,1.78726327419281
6814,2.1977548599243164
6815,1.1777732372283936
6816,2.6175479888916016
6817,2.7879152297973633
6818,1.8903329372406006
6819,1.1371346712112427
6820,5.044044494628906
6821,3.436105966567993
6822,2.936330795288086
6823,2.6969008445739746
6824,2.5141396522521973
6825,2.3978450298309326
6826,3.0551562309265137
6827,2.9099206924438477
6828,0.23566721379756927
6829,2.9389545917510986
6830,1.4012728929519653
6831,3.889392375946045
6832,3.4533488750457764
6833,4.193110942840576
6834,5.903016090393066
6835,2.0706162452697754
6836,3.018587112426758
6837,2.3008017539978027
6838,2.945455312728882
6839,1.4526512622833252
6840,1.7331209182739258
6841,5.381572723388672
6842,3.95640230178833
6843,1.80660080909729
6844,3.360795021057129
6845,3.0971760749816895
6846,3.8301167488098145
6847,4.97214412689209
6848,2.9291858673095703
6849,4.680561065673828
6850,1.589766263961792
6851,1.2148354053497314
6852,2.597897529602051
6853,2.994968891143799
6854,0.708511233329773
6855,0.8923507928848267
6856,3.2285244464874268
6857,2.5701470375061035
6858,5.48583984375
6859,3.283447027206421
6860,3.691518783569336
6861,3.457535743713379
6862,2.7851738929748535
6863,3.210700511932373
6864,2.7630109786987305
6865,4.1233978271484375
6866,3.3559765815734863
6867,4.770109176635742
6868,6.299198150634766
6869,2.3565444946289062
6870,2.6405129432678223
6871,3.0275211334228516
6872,2.1798524856567383
6873,7.299771308898926
6874,4.003669261932373
6875,4.3220720291137695
6876,3.6911959648132324
6877,1.9355424642562866
6878,3.0947296619415283
6879,2.2933807373046875
6880,4.99566650390625
6881,9.047369003295898
6882,2.6431198120117188
6883,1.6729607582092285
6884,5.417016506195068
6885,4.910053253173828
6886,3.4666380882263184
6887,2.7940030097961426
6888,5.691592216491699
6889,1.5404624938964844
6890,17.912818908691406
6891,10.561004638671875
6892,7.177742958068848
6893,7.206330299377441
6894,-0.36841100454330444
6895,5.10317325592041
6896,2.9501166343688965
6897,4.158182621002197
6898,2.7767913341522217
6899,4.0311174392700195
6900,0.25550878047943115
6901,7.027026653289795
6902,7.820242881774902
6903,3.5723273754119873
6904,4.318887233734131
6905,1.8686177730560303
6906,2.103015422821045
6907,7.669637680053711
6908,5.004931449890137
6909,3.0994176864624023
6910,4.348861217498779
6911,5.751981735229492
6912,3.95912766456604
6913,2.4827945232391357
6914,3.7933969497680664
6915,0.09762507677078247
6916,4.519677639007568
6917,4.356691360473633
6918,3.3625998497009277
6919,3.277189254760742
6920,2.1440582275390625
6921,2.321638822555542
6922,2.4338269233703613
6923,2.1559479236602783
6924,1.3827412128448486
6925,1.5277724266052246
6926,6.857897758483887
6927,3.178025484085083
6928,-1.4841731786727905
6929,2.5653183460235596
6930,2.623059034347534
6931,1.9375240802764893
6932,-0.9565735459327698
6933,4.56826114654541
6934,6.451290130615234
6935,1.4767019748687744
6936,2.252351760864258
6937,2.670053243637085
6938,3.1877260208129883
6939,0.5025486350059509
6940,0.4222865104675293
6941,5.46994161605835
6942,2.705385684967041
6943,0.5083444714546204
6944,1.771708369255066
6945,2.4630379676818848
6946,2.091308832168579
6947,0.6947081089019775
6948,2.7491936683654785
6949,3.967744827270508
6950,2.0939035415649414
6951,0.7909374833106995
6952,3.1474828720092773
6953,2.7665176391601562
6954,2.5869274139404297
6955,1.8065690994262695
6956,5.15128231048584
6957,4.617033004760742
6958,0.4350557029247284
6959,2.5679235458374023
6960,1.5853875875473022
6961,3.0891809463500977
6962,5.27170467376709
6963,2.9157309532165527
6964,3.6516847610473633
6965,3.220376491546631
6966,2.5312070846557617
6967,2.884857416152954
6968,1.8123610019683838
6969,4.593105792999268
6970,2.995828866958618
6971,5.644698143005371
6972,5.943715572357178
6973,2.48970103263855
6974,3.638746738433838
6975,3.758960247039795
6976,4.549261093139648
6977,4.283638000488281
6978,3.6895296573638916
6979,6.053893566131592
6980,3.969877243041992
6981,2.683159828186035
6982,3.8586199283599854
6983,5.1258225440979
6984,3.640474796295166
6985,1.7759780883789062
6986,5.625185966491699
6987,4.155407905578613
6988,8.38677978515625
6989,7.794942855834961
6990,-1.429155945777893
6991,1.9869807958602905
6992,9.163862228393555
6993,5.059732437133789
6994,5.603686332702637
6995,5.266453266143799
6996,5.310275077819824
6997,3.817798137664795
6998,2.7754311561584473
6999,3.940657615661621
7000,-0.08104537427425385
7001,5.042438507080078
7002,4.498696327209473
7003,5.022757053375244
7004,3.8213062286376953
7005,4.042516708374023
7006,5.215619087219238
7007,1.4749670028686523
7008,2.201464891433716
7009,8.33846664428711
7010,5.637519836425781
7011,0.8241152167320251
7012,2.9345507621765137
7013,1.317185401916504
7014,3.9646754264831543
7015,1.6251442432403564
7016,4.440404415130615
7017,6.854830741882324
7018,3.365224838256836
7019,1.6130445003509521
7020,5.256191253662109
7021,6.37869930267334
7022,2.7208428382873535
7023,3.4780893325805664
7024,4.593074321746826
7025,5.080643653869629
7026,3.090796947479248
7027,3.384964942932129
7028,5.374029159545898
7029,4.6641106605529785
7030,2.090364456176758
7031,3.53108811378479
7032,2.9363675117492676
7033,5.879255294799805
7034,7.1855926513671875
7035,3.768270969390869
7036,2.856224775314331
7037,8.04440689086914
7038,7.323844909667969
7039,1.1183581352233887
7040,2.8990461826324463
7041,3.997605323791504
7042,2.8283209800720215
7043,1.8584760427474976
7044,3.3845367431640625
7045,1.9653927087783813
7046,2.1590960025787354
7047,4.85548734664917
7048,2.1248366832733154
7049,-0.05602641403675079
7050,1.7008742094039917
7051,2.2682108879089355
7052,2.071584701538086
7053,0.39573466777801514
7054,3.973193407058716
7055,4.966307163238525
7056,1.199185848236084
7057,1.6798276901245117
7058,1.4185447692871094
7059,2.5803091526031494
7060,3.8134820461273193
7061,2.419163942337036
7062,3.325915575027466
7063,2.899113893508911
7064,0.3374987840652466
7065,1.8994247913360596
7066,3.0022530555725098
7067,2.1918272972106934
7068,0.9051206111907959
7069,2.169267416000366
7070,3.102522373199463
7071,1.651735782623291
7072,0.6835019588470459
7073,3.292052745819092
7074,4.014259338378906
7075,-1.2537908554077148
7076,0.40438568592071533
7077,3.7680952548980713
7078,2.531867504119873
7079,0.9988589882850647
7080,1.1920130252838135
7081,2.5464468002319336
7082,2.634519338607788
7083,2.1667640209198
7084,2.971107244491577
7085,5.633212566375732
7086,2.1428091526031494
7087,1.7049707174301147
7088,1.6569912433624268
7089,0.8087218999862671
7090,6.034671783447266
7091,3.8880934715270996
7092,1.672149896621704
7093,2.9521055221557617
7094,5.163958549499512
7095,2.9403162002563477
7096,0.17461755871772766
7097,3.5542726516723633
7098,4.948566436767578
7099,2.242868423461914
7100,1.5421905517578125
7101,4.0055952072143555
7102,2.787630081176758
7103,4.434847831726074
7104,5.990424633026123
7105,2.9482522010803223
7106,3.1672134399414062
7107,3.8808963298797607
7108,4.469329357147217
7109,4.83039665222168
7110,4.1293182373046875
7111,3.2742655277252197
7112,4.554133415222168
7113,4.792025566101074
7114,4.028608322143555
7115,6.140448570251465
7116,4.632101535797119
7117,5.177236080169678
7118,2.921114921569824
7119,2.7854158878326416
7120,4.917694091796875
7121,3.940990686416626
7122,4.8300275802612305
7123,5.352214336395264
7124,4.43196964263916
7125,3.839674472808838
7126,4.159189224243164
7127,4.577066421508789
7128,3.7989025115966797
7129,3.93748140335083
7130,4.840744495391846
7131,4.967761993408203
7132,3.513584613800049
7133,5.18614387512207
7134,9.333662033081055
7135,3.892430305480957
7136,5.167971611022949
7137,2.417987585067749
7138,2.371328830718994
7139,5.934990406036377
7140,4.368557929992676
7141,3.043051242828369
7142,3.3869991302490234
7143,4.380105018615723
7144,3.1512088775634766
7145,4.5317769050598145
7146,4.2380757331848145
7147,5.3620476722717285
7148,4.1487908363342285
7149,8.866019248962402
7150,2.7815470695495605
7151,1.3609029054641724
7152,0.9212182760238647
7153,-2.1734039783477783
7154,5.238574028015137
7155,2.8807599544525146
7156,3.231039047241211
7157,2.6006293296813965
7158,5.265199661254883
7159,4.270490646362305
7160,1.508776307106018
7161,3.2831437587738037
7162,4.421501159667969
7163,2.661696434020996
7164,-3.635185718536377
7165,3.429506540298462
7166,5.823553562164307
7167,2.8275139331817627
7168,5.032702922821045
7169,2.027317762374878
7170,1.5446360111236572
7171,2.5388128757476807
7172,4.021720886230469
7173,-0.8619946837425232
7174,-0.8606798052787781
7175,5.397601127624512
7176,3.365264415740967
7177,3.576166868209839
7178,2.272958755493164
7179,1.682316780090332
7180,2.1016907691955566
7181,1.044922113418579
7182,1.4431153535842896
7183,0.4202708303928375
7184,2.5691041946411133
7185,2.1725363731384277
7186,2.9445137977600098
7187,6.495446681976318
7188,-2.408968925476074
7189,-2.101421594619751
7190,1.0118967294692993
7191,0.22636359930038452
7192,2.7529211044311523
7193,1.3958301544189453
7194,1.9770745038986206
7195,2.0165207386016846
7196,3.7691197395324707
7197,2.387331485748291
7198,1.9192324876785278
7199,3.4238598346710205
7200,6.381277084350586
7201,1.8351657390594482
7202,0.7891894578933716
7203,2.9780664443969727
7204,0.11199755221605301
7205,5.134880542755127
7206,5.043444633483887
7207,2.2865548133850098
7208,1.709979772567749
7209,6.896379470825195
7210,5.182962417602539
7211,-0.6524151563644409
7212,1.8840739727020264
7213,6.147490501403809
7214,2.892719268798828
7215,0.00277024507522583
7216,1.9159460067749023
7217,-0.09455463290214539
7218,3.5398340225219727
7219,3.1475367546081543
7220,4.289952278137207
7221,5.505443096160889
7222,4.508225917816162
7223,5.783596038818359
7224,2.252269744873047
7225,3.8963687419891357
7226,2.387683153152466
7227,2.783573627471924
7228,7.171927452087402
7229,5.044314861297607
7230,4.824697494506836
7231,4.184512138366699
7232,2.019649028778076
7233,4.953580856323242
7234,4.094875812530518
7235,6.257969856262207
7236,10.681863784790039
7237,1.5932704210281372
7238,1.9712799787521362
7239,3.5441482067108154
7240,4.461163520812988
7241,0.7290382981300354
7242,1.1679140329360962
7243,6.870872497558594
7244,4.904341697692871
7245,5.472921371459961
7246,5.069256782531738
7247,5.254190444946289
7248,5.915002822875977
7249,5.723095417022705
7250,6.679160118103027
7251,12.320955276489258
7252,3.414773941040039
7253,2.6965389251708984
7254,4.4468488693237305
7255,4.227775573730469
7256,4.001914978027344
7257,2.3898181915283203
7258,8.544568061828613
7259,7.506213188171387
7260,0.701531171798706
7261,3.3798770904541016
7262,6.5408501625061035
7263,5.059247016906738
7264,5.592533588409424
7265,4.635040283203125
7266,5.008767127990723
7267,4.260420799255371
7268,7.397080421447754
7269,2.2183473110198975
7270,2.9205539226531982
7271,2.1599960327148438
7272,0.6147022843360901
7273,4.46803092956543
7274,3.5848517417907715
7275,3.9681692123413086
7276,4.228460788726807
7277,1.7878950834274292
7278,3.5028719902038574
7279,0.533534049987793
7280,2.82089900970459
7281,6.345024108886719
7282,3.996025562286377
7283,5.242497444152832
7284,4.569591522216797
7285,7.5801239013671875
7286,3.8463404178619385
7287,4.8777313232421875
7288,2.5381031036376953
7289,2.7468178272247314
7290,1.1909306049346924
7291,0.16055423021316528
7292,4.730802536010742
7293,2.817222833633423
7294,4.261076927185059
7295,2.8959274291992188
7296,2.2088212966918945
7297,1.9177289009094238
7298,-1.2334587574005127
7299,1.3953112363815308
7300,-0.5569533109664917
7301,3.299530029296875
7302,5.414897441864014
7303,2.8723745346069336
7304,4.25531005859375
7305,2.217912197113037
7306,3.6034603118896484
7307,0.6918631792068481
7308,1.9684418439865112
7309,1.898097038269043
7310,2.9005987644195557
7311,-1.0663580894470215
7312,1.0745744705200195
7313,4.105514049530029
7314,2.0369296073913574
7315,2.7629785537719727
7316,2.4506592750549316
7317,5.9700608253479
7318,1.6823474168777466
7319,0.7462434768676758
7320,2.6035256385803223
7321,2.446523666381836
7322,2.3674967288970947
7323,2.191758632659912
7324,3.8349411487579346
7325,4.616352558135986
7326,-1.945813536643982
7327,0.3120546340942383
7328,3.7673463821411133
7329,2.363754987716675
7330,2.6502115726470947
7331,2.8869009017944336
7332,3.6159613132476807
7333,3.6721837520599365
7334,8.80968952178955
7335,2.1921701431274414
7336,0.25645673274993896
7337,3.527369976043701
7338,2.6892402172088623
7339,3.6380603313446045
7340,2.1190106868743896
7341,6.005138874053955
7342,5.672652244567871
7343,1.9087800979614258
7344,2.6035101413726807
7345,7.600163459777832
7346,5.169247150421143
7347,2.6040151119232178
7348,3.997265338897705
7349,0.2738294005393982
7350,4.213744163513184
7351,3.4268922805786133
7352,5.302173614501953
7353,9.357315063476562
7354,3.479667901992798
7355,4.934666156768799
7356,3.3002429008483887
7357,3.353088855743408
7358,5.1095075607299805
7359,4.546896934509277
7360,5.1553263664245605
7361,4.8469014167785645
7362,5.259606838226318
7363,4.671198844909668
7364,6.461060523986816
7365,4.974385738372803
7366,7.421490669250488
7367,4.373241901397705
7368,5.2654876708984375
7369,4.356403827667236
7370,3.267462968826294
7371,4.44561767578125
7372,2.6683778762817383
7373,5.410607814788818
7374,3.7641189098358154
7375,5.694035530090332
7376,4.72790002822876
7377,5.599093914031982
7378,4.367918491363525
7379,7.292640686035156
7380,5.783452033996582
7381,3.4296281337738037
7382,4.913810729980469
7383,8.69730281829834
7384,4.178339004516602
7385,-1.1377122402191162
7386,5.11496639251709
7387,4.133039951324463
7388,4.429356098175049
7389,2.5224313735961914
7390,7.197502613067627
7391,6.774683952331543
7392,6.149794101715088
7393,6.813788890838623
7394,1.8710103034973145
7395,3.984347343444824
7396,5.955366611480713
7397,4.806879997253418
7398,2.82881498336792
7399,4.104642868041992
7400,3.1309916973114014
7401,3.798368453979492
7402,4.3300981521606445
7403,3.86323881149292
7404,6.386266231536865
7405,1.6258032321929932
7406,2.6037564277648926
7407,3.052764654159546
7408,3.0899953842163086
7409,2.5066628456115723
7410,2.5359363555908203
7411,3.6939454078674316
7412,2.709200143814087
7413,5.118078231811523
7414,3.2448320388793945
7415,5.351367950439453
7416,3.0266590118408203
7417,2.765873432159424
7418,2.557710647583008
7419,1.221557855606079
7420,2.265087127685547
7421,2.2388498783111572
7422,1.9541611671447754
7423,1.37276029586792
7424,1.8499460220336914
7425,1.9427233934402466
7426,0.5791134834289551
7427,1.4471311569213867
7428,0.3445385694503784
7429,1.1279683113098145
7430,4.062334060668945
7431,2.5782790184020996
7432,1.6163568496704102
7433,2.3811795711517334
7434,4.076879978179932
7435,1.8257415294647217
7436,1.5644025802612305
7437,1.650467038154602
7438,1.0889650583267212
7439,1.8240857124328613
7440,1.1692252159118652
7441,2.890636682510376
7442,3.601680278778076
7443,-0.7780871987342834
7444,0.49750763177871704
7445,2.0620784759521484
7446,1.9040069580078125
7447,0.07635140419006348
7448,1.6771916151046753
7449,2.790881633758545
7450,2.1302077770233154
7451,1.677451252937317
7452,2.3078596591949463
7453,2.8739442825317383
7454,3.014071226119995
7455,3.0991158485412598
7456,3.548022747039795
7457,4.882009506225586
7458,1.2652969360351562
7459,1.7651420831680298
7460,3.4733104705810547
7461,2.6867668628692627
7462,3.1674001216888428
7463,2.26162052154541
7464,3.6175363063812256
7465,2.4965906143188477
7466,-0.7400679588317871
7467,1.74595308303833
7468,-0.12935620546340942
7469,2.770723342895508
7470,2.067941188812256
7471,3.1989872455596924
7472,4.092330455780029
7473,2.8457143306732178
7474,2.7052183151245117
7475,5.305249214172363
7476,5.960063934326172
7477,1.4476196765899658
7478,2.110548973083496
7479,7.298573970794678
7480,5.05894136428833
7481,2.949023723602295
7482,3.3168675899505615
7483,-2.568394660949707
7484,2.6280388832092285
7485,2.061513662338257
7486,2.892026424407959
7487,3.9517014026641846
7488,3.219357967376709
7489,4.696784973144531
7490,2.385741710662842
7491,2.923130512237549
7492,4.320394992828369
7493,3.577117681503296
7494,4.728953838348389
7495,4.9827165603637695
7496,0.8133161664009094
7497,2.4579591751098633
7498,5.087341785430908
7499,3.550659418106079
7500,7.2613091468811035
7501,2.760457992553711
7502,1.9933669567108154
7503,2.3004038333892822
7504,2.4085404872894287
7505,1.3493962287902832
7506,-0.6710276007652283
7507,4.599459648132324
7508,2.8492133617401123
7509,3.0633578300476074
7510,2.929089069366455
7511,2.7390012741088867
7512,1.8098986148834229
7513,7.101184844970703
7514,4.215530872344971
7515,3.7805240154266357
7516,3.0118918418884277
7517,0.7007225751876831
7518,2.845290422439575
7519,2.9442660808563232
7520,2.437256336212158
7521,1.506032109260559
7522,2.6458382606506348
7523,0.8939167857170105
7524,2.0182666778564453
7525,0.547085702419281
7526,4.7995429039001465
7527,4.131490707397461
7528,-0.5810256004333496
7529,0.8965564370155334
7530,3.5594329833984375
7531,2.350677013397217
7532,1.4674311876296997
7533,2.4479315280914307
7534,1.9390310049057007
7535,2.1704273223876953
7536,1.3226462602615356
7537,2.4976418018341064
7538,1.2420768737792969
7539,2.4266698360443115
7540,2.834588050842285
7541,1.98610258102417
7542,2.89426589012146
7543,0.3898516297340393
7544,1.1581120491027832
7545,2.080267906188965
7546,1.5373895168304443
7547,0.13681930303573608
7548,0.9308083057403564
7549,1.0448071956634521
7550,0.9477617144584656
7551,2.855893135070801
7552,1.3990380764007568
7553,1.5731185674667358
7554,0.6002129316329956
7555,-1.7831488847732544
7556,2.561560869216919
7557,1.9598445892333984
7558,2.6196508407592773
7559,3.390310525894165
7560,0.9001669883728027
7561,1.507728099822998
7562,-0.014879178255796432
7563,1.2378568649291992
7564,-2.031736373901367
7565,-0.021206259727478027
7566,6.248042106628418
7567,1.9929471015930176
7568,-1.1369470357894897
7569,1.9844987392425537
7570,1.7651305198669434
7571,2.3498289585113525
7572,0.672004222869873
7573,4.7983574867248535
7574,6.954032897949219
7575,1.164602279663086
7576,1.7167434692382812
7577,3.576761484146118
7578,3.3973031044006348
7579,3.0278470516204834
7580,2.9081788063049316
7581,5.315568447113037
7582,3.7948107719421387
7583,-0.3165544271469116
7584,2.421937942504883
7585,1.226723074913025
7586,2.733086585998535
7587,2.9521634578704834
7588,2.718092679977417
7589,4.38691520690918
7590,1.6989775896072388
7591,1.2105069160461426
7592,3.777651309967041
7593,4.862227439880371
7594,-0.4962747097015381
7595,0.5490484237670898
7596,6.262999534606934
7597,4.07131814956665
7598,2.4636828899383545
7599,2.8483595848083496
7600,6.703679084777832
7601,3.5341567993164062
7602,-0.8039112687110901
7603,3.915381908416748
7604,6.400787830352783
7605,3.2437236309051514
7606,3.3720579147338867
7607,3.441558599472046
7608,3.3008463382720947
7609,3.2245068550109863
7610,3.0476362705230713
7611,2.4306700229644775
7612,1.4043481349945068
7613,8.746767044067383
7614,5.404445171356201
7615,4.7319207191467285
7616,5.203361988067627
7617,3.5824906826019287
7618,4.521315574645996
7619,4.373105525970459
7620,4.624383926391602
7621,5.890920162200928
7622,3.183034658432007
7623,2.1667118072509766
7624,3.444084644317627
7625,1.6302165985107422
7626,5.005263805389404
7627,4.5607380867004395
7628,2.8030388355255127
7629,3.306063652038574
7630,3.079406976699829
7631,3.609005928039551
7632,5.300954818725586
7633,3.7438573837280273
7634,2.6005918979644775
7635,3.289666175842285
7636,6.405479431152344
7637,2.747842788696289
7638,2.481703758239746
7639,3.118345022201538
7640,2.027045726776123
7641,3.5818023681640625
7642,4.398656845092773
7643,0.6947498321533203
7644,0.06871402263641357
7645,4.568302154541016
7646,3.1268930435180664
7647,3.546579360961914
7648,2.8786063194274902
7649,1.2963573932647705
7650,2.040635347366333
7651,5.935871124267578
7652,2.5500011444091797
7653,2.403459072113037
7654,3.1952269077301025
7655,3.628870964050293
7656,1.9657379388809204
7657,-0.3768126666545868
7658,5.252912521362305
7659,4.760176658630371
7660,2.0388946533203125
7661,2.387828826904297
7662,2.9433367252349854
7663,2.397618293762207
7664,2.167916774749756
7665,2.121840238571167
7666,4.460422515869141
7667,2.4885828495025635
7668,2.5853254795074463
7669,2.0559842586517334
7670,-1.1092381477355957
7671,1.6641333103179932
7672,2.0949344635009766
7673,1.2136479616165161
7674,0.6423441171646118
7675,1.5541361570358276
7676,1.1467058658599854
7677,3.259814500808716
7678,3.2565789222717285
7679,1.365732192993164
7680,2.618302583694458
7681,1.9407434463500977
7682,2.2661025524139404
7683,-0.3673897385597229
7684,1.5995529890060425
7685,3.421511650085449
7686,1.8599804639816284
7687,3.1086466312408447
7688,2.512576103210449
7689,2.663038730621338
7690,2.336059093475342
7691,2.7955989837646484
7692,1.3966031074523926
7693,0.5842182636260986
7694,2.5517354011535645
7695,2.5695908069610596
7696,1.4370877742767334
7697,1.0373799800872803
7698,4.85162878036499
7699,3.0728378295898438
7700,-0.009362101554870605
7701,1.769937515258789
7702,2.8912758827209473
7703,2.4220151901245117
7704,2.7846803665161133
7705,2.0303750038146973
7706,2.3106837272644043
7707,1.778212308883667
7708,0.6402528285980225
7709,2.3542051315307617
7710,1.9665756225585938
7711,3.5592823028564453
7712,2.6339051723480225
7713,4.0881266593933105
7714,3.778348445892334
7715,2.326087236404419
7716,2.868272066116333
7717,3.052700996398926
7718,3.462543487548828
7719,1.5954320430755615
7720,3.3657631874084473
7721,5.762993812561035
7722,2.37739634513855
7723,0.03868606686592102
7724,4.114584445953369
7725,5.9506072998046875
7726,1.9229176044464111
7727,1.900437831878662
7728,4.945887565612793
7729,4.8508453369140625
7730,2.2607531547546387
7731,3.0092544555664062
7732,3.888277530670166
7733,3.6461946964263916
7734,4.80639123916626
7735,3.4983534812927246
7736,4.327376365661621
7737,3.653006076812744
7738,4.473865032196045
7739,2.985261917114258
7740,3.4486961364746094
7741,3.951357126235962
7742,4.6737823486328125
7743,1.8842732906341553
7744,1.6782848834991455
7745,3.309345006942749
7746,1.9909234046936035
7747,3.52825665473938
7748,2.179828405380249
7749,7.464659690856934
7750,3.6901471614837646
7751,0.6677126884460449
7752,2.6836936473846436
7753,1.959404468536377
7754,2.658975124359131
7755,2.9719371795654297
7756,3.358323097229004
7757,4.62629508972168
7758,1.4265530109405518
7759,0.3272070288658142
7760,3.6069374084472656
7761,1.980997920036316
7762,3.776508331298828
7763,2.8740620613098145
7764,5.859542369842529
7765,4.566404342651367
7766,1.6392536163330078
7767,3.3816542625427246
7768,2.9829859733581543
7769,2.7411913871765137
7770,0.6716583371162415
7771,2.942960500717163
7772,2.658621072769165
7773,2.6911258697509766
7774,2.389024257659912
7775,3.4812796115875244
7776,4.030843257904053
7777,2.0565896034240723
7778,2.5570027828216553
7779,3.454441547393799
7780,2.998006820678711
7781,2.5379509925842285
7782,2.618922710418701
7783,3.7683098316192627
7784,2.6259305477142334
7785,-1.7861148118972778
7786,1.7179429531097412
7787,3.639038562774658
7788,1.5077358484268188
7789,2.5317859649658203
7790,1.11246657371521
7791,0.05891209840774536
7792,1.7613334655761719
7793,1.6925119161605835
7794,1.0321372747421265
7795,0.40810802578926086
7796,2.129674196243286
7797,1.7002880573272705
7798,2.125215530395508
7799,1.9142920970916748
7800,0.8767328858375549
7801,1.5955862998962402
7802,2.2658658027648926
7803,1.78294038772583
7804,2.0725224018096924
7805,2.0066540241241455
7806,0.02738773822784424
7807,2.5270538330078125
7808,2.285541534423828
7809,1.5952280759811401
7810,0.8661309480667114
7811,1.6580321788787842
7812,1.1960196495056152
7813,2.8251655101776123
7814,2.431619167327881
7815,1.8263095617294312
7816,2.089127540588379
7817,-0.4921722114086151
7818,0.71397864818573
7819,0.9107417464256287
7820,0.9947956800460815
7821,-0.16981039941310883
7822,1.1314789056777954
7823,0.8644090890884399
7824,1.3488584756851196
7825,1.2811241149902344
7826,1.3386116027832031
7827,1.4779940843582153
7828,1.9182028770446777
7829,2.2547571659088135
7830,1.3561959266662598
7831,1.8253381252288818
7832,0.7324725389480591
7833,1.044536828994751
7834,1.8167216777801514
7835,1.758985996246338
7836,0.35415855050086975
7837,1.7209986448287964
7838,1.113219141960144
7839,1.8924177885055542
7840,1.4518041610717773
7841,2.204800605773926
7842,3.19150710105896
7843,1.3516180515289307
7844,1.120314359664917
7845,3.1548550128936768
7846,3.437114953994751
7847,0.19310185313224792
7848,0.9377169609069824
7849,2.6746749877929688
7850,2.304090976715088
7851,-2.686518907546997
7852,0.9568992853164673
7853,1.9360584020614624
7854,1.8792823553085327
7855,3.3899102210998535
7856,1.834651231765747
7857,3.077955961227417
7858,0.8855330348014832
7859,0.06964199244976044
7860,2.194059133529663
7861,2.354656219482422
7862,1.8968576192855835
7863,2.6330597400665283
7864,0.048440806567668915
7865,1.010191798210144
7866,1.5346649885177612
7867,1.380406379699707
7868,1.0451520681381226
7869,1.022695541381836
7870,2.254037618637085
7871,0.8460364937782288
7872,0.4565802812576294
7873,1.2060556411743164
7874,1.221435308456421
7875,1.4864180088043213
7876,1.193152666091919
7877,3.4397881031036377
7878,4.372528076171875
7879,0.7599573135375977
7880,1.3127987384796143
7881,3.172154426574707
7882,2.513368606567383
7883,0.9675504565238953
7884,1.5175466537475586
7885,2.013132095336914
7886,1.6589739322662354
7887,1.8152817487716675
7888,2.0213358402252197
7889,1.8868440389633179
7890,1.7438340187072754
7891,1.2287113666534424
7892,2.4818270206451416
7893,3.80682635307312
7894,0.4082469642162323
7895,0.5223185420036316
7896,1.5989181995391846
7897,1.0771104097366333
7898,0.6713194251060486
7899,0.5441538095474243
7900,3.6933670043945312
7901,1.9942405223846436
7902,1.338949203491211
7903,1.6478972434997559
7904,0.1989603042602539
7905,1.0673091411590576
7906,-0.4616396725177765
7907,1.8978248834609985
7908,3.192990779876709
7909,0.5524791479110718
7910,1.1435778141021729
7911,0.03935152292251587
7912,-0.6052773594856262
7913,2.316610813140869
7914,2.0355536937713623
7915,2.330678939819336
7916,2.150623083114624
7917,1.3797669410705566
7918,1.9481974840164185
7919,-1.9890472888946533
7920,0.9971367120742798
7921,2.9531326293945312
7922,1.6641969680786133
7923,1.7835192680358887
7924,1.8209151029586792
7925,2.902588367462158
7926,1.6664915084838867
7927,1.980209231376648
7928,0.9600042104721069
7929,1.096661925315857
7930,1.4677395820617676
7931,1.0722458362579346
7932,0.2991965711116791
7933,0.46250733733177185
7934,1.6139177083969116
7935,0.7342857718467712
7936,-0.42568546533584595
7937,0.5275248885154724
7938,0.3087620735168457
7939,0.5112788677215576
7940,2.6252925395965576
7941,0.3418921232223511
7942,-0.25114527344703674
7943,0.33811452984809875
7944,-0.1318405568599701
7945,0.9174074530601501
7946,0.007674500346183777
7947,1.6013448238372803
7948,1.3860259056091309
7949,0.4754812717437744
7950,0.6084287166595459
7951,-0.44642239809036255
7952,0.6055422425270081
7953,0.9900496006011963
7954,0.5821706056594849
7955,2.3142242431640625
7956,0.6208552718162537
7957,-1.6203627586364746
7958,0.6138858795166016
7959,-0.7314328551292419
7960,2.208271026611328
7961,2.7171339988708496
7962,-0.2503059208393097
7963,0.41524234414100647
7964,0.44236788153648376
7965,0.20313215255737305
7966,0.03168781101703644
7967,0.3916780352592468
7968,1.626462697982788
7969,0.3990626037120819
7970,-0.9447199106216431
7971,0.3928053081035614
7972,0.7801810503005981
7973,-0.15807446837425232
7974,-1.0566778182983398
7975,0.6850195527076721
7976,1.0625276565551758
7977,-0.5731761455535889
7978,-0.6793094873428345
7979,1.1334141492843628
7980,0.29318222403526306
7981,0.7614644765853882
7982,1.179606556892395
7983,-1.7342095375061035
7984,-0.9799516201019287
7985,-0.21320763230323792
7986,-0.09127911925315857
7987,1.795096516609192
7988,0.04712764918804169
7989,0.5072556734085083
7990,-0.061039119958877563
7991,-1.254695177078247
7992,-0.327895849943161
7993,-1.1137443780899048
7994,0.9375178813934326
7995,0.022738024592399597
7996,0.5068751573562622
7997,1.0307245254516602
7998,-1.235778570175171
7999,-0.5781904458999634
