index,y
0,-0.00807071568470914
1,1.7382801392294382
2,-1.6074043625769716
3,-0.006181646827948394
4,-2.0916557826313
5,1.7899484797872594
6,-1.6130716129676805
7,-0.0010612730000292628
8,-2.0383927800284023
9,1.7722528951401086
10,-1.6047539893901417
11,0.03694473172482654
12,-1.7490518852846366
13,1.8563084440725328
14,-1.3984865304202125
15,0.07858378182969926
16,-1.7339733309844982
17,1.8821094936803826
18,-1.3007335733868144
19,0.1631237187842497
20,-1.3633924408981284
21,1.9469200343214268
22,-1.4662013340427373
23,0.14218414622529632
24,-1.2408413011034884
25,1.9263793763993375
26,-1.3858640354636345
27,0.1900404743773327
28,-1.3110838988308668
29,1.9992888152205113
30,-0.9684338304508283
31,0.18679071265963723
32,-1.4912203999031515
33,1.9510695349660845
34,-1.218965058594076
35,0.2728911252533808
36,-0.2237402456942331
37,2.184350222719896
38,-0.10529291051233779
39,0.3803962263856818
40,-0.6959771840528686
41,2.081609955715193
42,-1.3704160174902338
43,0.36967276726860687
44,0.06222131101967445
45,2.235407047654246
46,-0.1968880871309665
47,0.44916161547778666
48,-0.7194515388681505
49,2.198250387460807
50,-0.6518526634146835
51,0.42628152597386054
52,-0.3785253990768245
53,2.313583675771726
54,-0.07306918203015561
55,0.618270762196926
56,0.008542254204409445
57,2.3044054013524358
58,-0.6187806934484205
59,0.39753370750543626
60,0.08357154312786338
61,2.14769094522037
62,-0.783942952347286
63,0.449580345237647
64,-0.786389320502744
65,2.359087983425537
66,0.576414533551153
67,0.6099586008771029
68,-0.054592003493881935
69,2.470145285074459
70,1.515610882435965
71,0.77517521249673
72,0.7114683443284878
73,2.5437449563826338
74,1.292294844990187
75,0.7262877657823817
76,-0.08506854014763726
77,2.512479648973234
78,2.319573245520248
79,0.7089324911044628
80,-1.138477424107696
81,2.7112804817696703
82,3.7143840501654974
83,1.4465913896036569
84,2.2415238819505747
85,3.2047653472697877
86,1.1360429928878253
87,0.928545330943845
88,2.124218467365951
89,2.3782759909269857
90,-1.0858849765288474
91,0.5018215480398849
92,2.723564788338026
93,2.44570674396452
94,-1.144011711836038
95,0.9066778846742157
96,2.8306854939362163
97,2.9126219022575635
98,-0.27879814363869904
99,1.466646757734409
100,3.7469551935113747
101,3.472091257786193
102,-1.466535445995119
103,1.9158822049430764
104,9.098018611206303
105,3.6893240844268127
106,-0.0023072238353956487
107,1.4318008799431998
108,1.9989580847107842
109,2.9371441528358293
110,2.8948172314213547
111,0.7605881284421143
112,-1.6837577121965037
113,2.2044860698704785
114,0.025967174135113135
115,0.5313154085465842
116,-0.1395577090434992
117,2.527839837054565
118,1.2070751448788473
119,1.0499935430281613
120,2.115871388469993
121,2.940117187189994
122,2.651450107957524
123,0.797606090902029
124,-0.34152851006796997
125,2.5653250395557397
126,1.0096827360059348
127,1.3600296730306838
128,4.3023503159529435
129,3.202642468882558
130,-1.0050158409024872
131,0.7825332290070751
132,3.275212336500398
133,2.1414831736560886
134,-4.014859192627019
135,0.7307426460046775
136,5.400855513526248
137,2.941915575894867
138,-2.31268158601749
139,1.1535867060337757
140,4.169816355235929
141,2.838073958191943
142,-5.429671606062092
143,1.2894330871621649
144,8.039668022604797
145,3.054722837735738
146,-6.53996868225104
147,1.0462715020688353
148,8.340193691092919
149,2.5271430512277133
150,-12.96200950188517
151,0.9585883374068906
152,17.98563651752177
153,2.175195970973616
154,-25.506420310330352
155,5.888254736325421
156,143.7406953314056
157,16.001422471025702
158,8.432115869983082
159,16.95780068094625
160,8.573053765419338
161,15.814460162691503
162,67.55765926538781
163,6.273184017326791
164,-38.55628333855016
165,4.354203890406154
166,70.55874273545177
167,5.650036406285659
168,-11.193484303771392
169,7.832205986778074
170,13.978305488879936
171,5.97396007779995
172,13.546849463776658
173,4.501761677800964
174,-9.38515816366895
175,1.2273794104726825
176,16.995833843246704
177,2.4965953255815707
178,-5.13422433714333
179,1.5865550526638885
180,3.748233554989582
181,3.0652573612891914
182,4.904200656158534
183,1.1684521749981647
184,-5.3778448590147905
185,1.7937031457544008
186,6.007944491070647
187,0.6891924473953449
188,-2.3602320689448035
189,1.3790235402235216
190,0.28034488246074735
191,0.4392932038843998
192,0.4899194290625575
193,1.5069189673479249
194,0.790059739108906
195,0.41203219682741316
196,-1.4170175358807386
197,1.012744998272992
198,-0.10896293491408197
199,0.20071839527456076
200,-1.3055649264203522
201,1.0635209777360148
202,0.6624993037296104
203,0.24930678101353934
204,-1.364957428278712
205,0.7991727299781564
206,0.14680140236997427
207,0.24450751949126281
208,-0.6612107578718649
209,0.9973101888217996
210,0.1540150030048479
211,0.2972238087348909
212,-0.3828305729373961
213,0.6148217640571944
214,-0.15376819454407806
215,0.251618107563935
216,-0.038852579834013815
217,0.9422700179233328
218,0.500600253748801
219,0.33443911868677106
220,-0.3193160169526185
221,0.4527833744975106
222,-0.05388031476643953
223,0.24721196930658965
224,0.0035284016427722187
225,0.852554970530087
226,0.5602720121963121
227,0.3407283753185601
228,-0.08801407878703037
229,0.31382562839243977
230,-0.08040830381038638
231,0.2770785172683529
232,0.32799206721051527
233,0.8269315253593642
234,0.6466834309560139
235,0.35482835419395026
236,0.03958797336991048
237,0.19884530634115696
238,-0.04186670013336086
239,0.3012446560611846
240,0.5274778904858388
241,0.8164093437141128
242,0.7212676630667365
243,0.3648623057245073
244,0.09488369298814744
245,0.12044392368888816
246,0.0014110990424007544
247,0.3208015914487336
248,0.6359008756413002
249,0.8187873367510454
250,0.7757361113835225
251,0.3612247806871231
252,0.08471840848508475
253,0.07043076760687005
254,0.01039504929373027
255,0.3277738703526749
256,0.6977580775588047
257,0.832311699239659
258,0.781248554732798
259,0.3558442222612877
260,0.045488411963765914
261,0.05678613468329622
262,0.01487725314798012
263,0.33247105322113624
264,0.7161422647918344
265,0.8345477177443033
266,0.7566997835962015
267,0.34688968259981195
268,0.02543266094274586
269,0.058518491574170016
270,0.030431413948508616
271,0.33644246797939487
272,0.7241772965698965
273,0.8121731917045422
274,0.7221247201102353
275,0.3284268268555602
276,0.027944590953398577
277,0.07754482939432407
278,0.09746166749670268
279,0.3674911224603877
280,0.718848323402245
281,0.8220398704538138
282,0.6473273576199812
283,0.34206632894151257
284,-0.009016685065260844
285,0.08976305151314944
286,0.10416417611295517
287,0.3268934369451662
288,0.6578466433069385
289,0.7505761951886145
290,0.5271999694955153
291,0.3355677162165743
292,-0.07262027811369087
293,0.13965020155511368
294,0.07662110230839032
295,0.3119878725298118
296,0.575178593171652
297,0.665067744986398
298,0.4930010011507553
299,0.3173526494462853
300,0.055868235581514596
301,0.24897730690797015
302,0.2922085649327648
303,0.4474088339656423
304,0.7293423908608782
305,0.7287322491482303
306,0.5579418328440778
307,0.2918387422106534
308,0.13011369757570032
309,0.17927958898078453
310,0.44610632289537605
311,0.4346082500927218
312,0.9874213275193825
313,0.8978948264726029
314,0.8705465766093894
315,0.6471613718203111
316,0.32601079887133083
317,0.5007659671229612
318,0.3743942341270132
319,0.5262786206309776
320,0.6707484352116143
321,0.7955193072318076
322,0.5197656688657366
323,0.5717220077311733
324,0.011945452721005109
325,0.4831666633175867
326,0.15999893460019302
327,0.5852227551007373
328,0.7129266491378162
329,0.8560234235525308
330,0.8236215808805921
331,0.6493555952250453
332,0.24399976788962185
333,0.5353554928453522
334,-0.0399091570400772
335,0.575487077192685
336,0.2012044758436714
337,0.7745193980774445
338,0.5074402017338048
339,0.4828458361647064
340,0.42676060041958597
341,0.2813179585533652
342,0.5501903237691517
343,0.3780013791234043
344,0.8984213036183082
345,0.8209134101374214
346,1.0382076306535497
347,0.804761943113281
348,0.7031035196174218
349,0.6404758630839305
350,0.9880902241801224
351,0.6980574064575459
352,2.307113964478594
353,1.3800781961974995
354,3.698049455994675
355,1.935602484643693
356,3.551551769481372
357,2.1437622168029575
358,2.2993887316770056
359,1.8914959951848203
360,1.2650781541592808
361,1.6059312134871848
362,1.0773508664429712
363,1.0841121835186944
364,0.7969842358283635
365,0.6629857007052294
366,0.3575555107897775
367,0.5379912394636192
368,0.3397972480727639
369,1.0163497262361652
370,0.9853174129119374
371,1.3885404784880908
372,1.1056539675410177
373,1.376130239466653
374,0.4611745083060814
375,1.0212595295563132
376,-0.08167206574300688
377,1.0580091520174013
378,0.3865525742882694
379,1.2156546856450356
380,0.9341288833091607
381,1.1474918293912544
382,0.8611904823919843
383,0.6161178359930702
384,0.49623285103029247
385,0.4273761374936147
386,0.7091426871873644
387,0.6297520038235599
388,0.8365702558665826
389,0.9375510499736112
390,0.5715369845105129
391,0.9262244805592136
392,0.8569841326061816
393,1.2835923887253793
394,2.9321587093956727
395,2.037976088535709
396,5.290423715092224
397,2.7280295522087634
398,5.6859810655827525
399,2.6467047388893876
400,3.8749664289015002
401,2.3294645753127434
402,2.1637995496030475
403,1.9572612670770961
404,1.488734539134231
405,1.4354118917242709
406,1.1798306283796682
407,0.5477549680571241
408,0.6528816288872729
409,0.19050573608019203
410,0.6722871894594857
411,0.5666518971652565
412,0.9424028754398281
413,1.1637131478920912
414,0.6882221253165643
415,1.1411683467357296
416,-0.09475512607870484
417,0.9335543012645829
418,-0.2093880601914038
419,0.8948380603057366
420,0.3708913236000068
421,1.0907736099060603
422,0.9140690282643004
423,1.011886513211636
424,0.7158076311816264
425,0.7994584712266253
426,0.23713388601094507
427,0.5591854776626042
428,0.010027853434005057
429,0.5473500100697083
430,0.2129270244591661
431,0.5369319869273665
432,0.18146242634544743
433,0.6239285962867653
434,0.20769672241733075
435,0.8392344891581919
436,1.1262403116511128
437,1.318102878222414
438,2.697235203896358
439,1.547286864659172
440,3.1129477000295953
441,1.3608236290403841
442,2.228715580118119
443,0.9745266579192545
444,1.4135539265582193
445,0.8682314768044556
446,1.2090691666031288
447,0.750847058029833
448,0.868419901676758
449,0.46622833423268356
450,0.6317605097411736
451,0.16784512795951492
452,0.7469581715950259
453,0.22979860002340666
454,0.7238769689102786
455,0.4120467650867949
456,0.3245724043565473
457,0.5071534368352916
458,0.1611927139902197
459,0.43033359083440587
460,0.13937431665584177
461,0.4326770319578668
462,0.15512732560448708
463,0.5350227243794805
464,0.4585466323067808
465,0.6288390357390164
466,0.6903082818054923
467,0.5053934663896805
468,0.20741918488471703
469,0.4240692965583792
470,-0.08563554471638221
471,0.5479544609425752
472,0.3945206865725829
473,0.6312175094627074
474,0.5233721340389401
475,0.4180180166462785
476,0.0010980548170629871
477,0.35116236507581644
478,0.23610894099548285
479,0.6030992081188243
480,0.9463538258570753
481,0.6745563684590569
482,0.7119982709241772
483,0.36059919303057486
484,0.23448209162491984
485,0.2533044762650122
486,0.6912725607233754
487,0.4467229563498434
488,0.9577315183976061
489,0.41894843711277796
490,0.41700433082278265
491,0.17015734717050646
492,0.3962629392855939
493,0.19532757286796879
494,0.9358573029840872
495,0.3706039228710509
496,0.7554016620318792
497,0.303056067701962
498,0.36994087320599495
499,0.15647060876445576
500,0.6898803360545408
501,0.2271357772979748
502,0.8378036002803746
503,0.3534352444109754
504,0.45609771654485864
505,0.3458371104568769
506,0.5207968988669744
507,0.29619099619442174
508,0.7747334009734699
509,0.31571272201724365
510,0.45143941064829796
511,0.4145022511268455
512,0.3246770605437456
513,0.5019993973909816
514,0.6996325062452367
515,0.45021248806407055
516,0.5252052252897333
517,0.3745718520163714
518,0.10002870923648785
519,0.5007369339533675
520,0.4628937005887565
521,0.6292389381331728
522,0.7253836270337857
523,0.4767412732657283
524,0.16396746139006513
525,0.34754218795128844
526,0.09785265032692889
527,0.5302057009700544
528,0.7312214234738077
529,0.612582749339716
530,0.5727522374460103
531,0.36110498137681035
532,0.015317449986685874
533,0.2674622625329878
534,0.41331245402489236
535,0.47602658866354775
536,0.8500564469961781
537,0.46569234480190325
538,0.3550728021556331
539,0.2085323947654964
540,0.16800035081781992
541,0.2037987624413765
542,0.7109292393177403
543,0.38199644525938653
544,0.6914133626984879
545,0.317774002188751
546,0.23677087538852393
547,0.15171534089294844
548,0.4253658406988011
549,0.20532735268654234
550,0.6937439272087427
551,0.3184182818205543
552,0.3840978576045763
553,0.2783095759506568
554,0.27678706821822036
555,0.2166130899610556
556,0.5316869684275811
557,0.25076068492529363
558,0.39492035890613747
559,0.31211467086865036
560,0.17049220603367518
561,0.33625169242621444
562,0.36604200466492565
563,0.30644052431612057
564,0.37326373730923096
565,0.27213750886390553
566,0.068071200727316
567,0.327052712831266
568,0.1659183464104599
569,0.3940453612685666
570,0.3818528563381338
571,0.32423827961533247
572,0.10850493918686949
573,0.2446251790468756
574,-0.045156498606515126
575,0.3212351451465989
576,0.27037216808680226
577,0.3695181795128993
578,0.27802118551364274
579,0.24235801073522886
580,-0.05016043713649524
581,0.17333978430728827
582,0.060047676566277734
583,0.26470972726717107
584,0.32080351293897236
585,0.2652284613271527
586,0.12451214820206613
587,0.1334370481976545
588,-0.042050238280967316
589,0.11250834736562969
590,0.18641316240821443
591,0.18649103413143206
592,0.24318541574504468
593,0.15217771833230817
594,0.030890039451424517
595,0.06737678323501999
596,0.058675898079705364
597,0.08204172826230996
598,0.20709255634396675
599,0.11864331643768687
600,0.12022579486555063
601,0.08720213950642959
602,0.03998984761938745
603,0.058316190881845476
604,0.12741744779324868
605,0.07213833908619319
606,0.1229479584832785
607,0.07748187404514718
608,0.03744659745085934
609,0.06678416348534998
610,0.06406012731343518
611,0.05782021413557704
612,0.08594928055350595
613,0.04467542020251929
614,0.005474671643337846
615,0.03948668612505071
616,-0.01010825540072553
617,0.04916859134661953
618,0.03940634097041153
619,0.039594613010103905
620,0.005278780247545709
621,0.015088696437650366
622,-0.04222846035973262
623,0.01852555508599998
624,-0.011875621106278626
625,0.033764521423455394
626,0.004040489685470153
627,0.017794869761789952
628,-0.0492325593414281
629,-0.0032641727844551416
630,-0.06249005618590148
631,0.0019343340555367794
632,-0.0320233829406881
633,0.0024956069602606015
634,-0.054141323587941666
635,-0.019008973811151134
636,-0.08408901779124173
637,-0.028231673348729083
638,-0.07067711700724236
639,-0.0167054046852606
640,-0.04436988428330954
641,-0.013152357178749016
642,-0.04510135042046449
643,-0.01712421560814063
644,-0.018788093770033477
645,-0.010110695388131608
646,0.0043075873109932675
647,-0.0023068338062890528
648,0.006781038419592549
649,-0.002511582643870856
650,0.010293075753127918
651,-0.004958530784275425
652,0.024817935707893424
653,-0.015781542107840444
654,0.009048993379836109
655,-0.03070658787977017
656,-0.0007528338046343419
657,-0.02632415794040547
658,0.01851455381388366
659,-0.0164357625327991
660,0.013334839579832891
661,-0.026647287801490952
662,-0.023527800308971746
663,-0.027971053458154847
664,0.0024076196845576117
665,-0.004416934111098132
666,0.023036041339586373
667,-0.0010894379906987819
668,-0.01818994298766294
669,-0.020772365556671127
670,-0.03766987733218944
671,-0.017792946616694904
672,-0.017913895794273826
673,-0.0056193869109322
674,-0.06189099323815947
675,-0.02435983987852708
676,-0.10997899036938456
677,-0.042849022569591104
678,-0.08918894301653885
679,-0.030711905223278838
680,-0.08336383329524814
681,-0.019189099314176564
682,-0.12384352025846784
683,-0.018969206312459786
684,-0.08968991191213452
685,-0.006351937919793951
686,-0.030645576580601602
687,0.004731791680058656
688,-0.0522099028537348
689,0.0012005158339638302
690,-0.0639848430310402
691,0.0027788215178628055
692,-0.0094624388012559
693,0.002974738646212857
694,-0.0073063486247978955
695,-0.016742045439117163
696,-0.04467995410877853
697,-0.025549618091763385
698,-0.00205934357923658
699,-0.013394455221695706
700,0.03884263728246291
701,-0.01731221447451601
702,-0.0036825900746612302
703,-0.030397679226438528
704,0.0025043844823884674
705,-0.019108242510149056
706,0.05916454506787599
707,-0.011713004644795025
708,0.02846864256802262
709,-0.0319162319293208
710,-0.004418639579784619
711,-0.042418679194626156
712,0.0276148736766932
713,-0.03792450782685215
714,0.011984888538428405
715,-0.053812015949547945
716,-0.08242931308970995
717,-0.06574853760359846
718,-0.06748402442017418
719,-0.0476634006825276
720,-0.031039898667984418
721,-0.042044876467202605
722,-0.0939000914305951
723,-0.05537945112443581
724,-0.1381470136748566
725,-0.03651087418439012
726,-0.07472607147352972
727,-0.0051974866597274075
728,-0.07593471969123534
729,-0.016389712721581875
730,-0.14823144776511638
731,-0.03309109763715217
732,-0.11773763796515439
733,-0.017561599701968952
734,-0.07176993999176948
735,-0.010628793671673268
736,-0.12004895607552259
737,-0.026505531369395048
738,-0.12853458922948544
739,-0.028250618024640777
740,-0.06355096553375203
741,-0.01955118163145777
742,-0.07417921056222497
743,-0.01751879959014055
744,-0.09349100582844366
745,-0.014667274060331227
746,-0.02864804790020464
747,-0.02636263313651377
748,-0.018971684850604884
749,-0.05979551408529261
750,-0.0716440872428636
751,-0.06464131789076351
752,-0.030561260391233525
753,-0.05164521892846905
754,0.01002108527027393
755,-0.08711841105572914
756,-0.08272630791899123
757,-0.12749000483180706
758,-0.0986968931128409
759,-0.09382257164738941
760,0.0034556377827110675
761,-0.06227672732741054
762,-0.004949908686861659
763,-0.10471875449432039
764,-0.11186337097959743
765,-0.12457376607562615
766,-0.07110334113323977
767,-0.0762438554684262
768,-0.01117124533512673
769,-0.06649060779562968
770,-0.1200235850746625
771,-0.10338699334616687
772,-0.15339061927088976
773,-0.09464659947210223
774,-0.07978023368905411
775,-0.05716203627975495
776,-0.09815965545249146
777,-0.05059884223516401
778,-0.16133416001492037
779,-0.042365823420719234
780,-0.09361210535945964
781,-0.020365799560207704
782,-0.0788980014418532
783,-0.014927607016058714
784,-0.15161707078750106
785,0.0017396502631670605
786,-0.09194237078157316
787,0.026262055032732063
788,-0.027152862690956358
789,-0.004334735740803348
790,-0.12066811573996859
791,-0.041372820761262176
792,-0.14707340368190255
793,-0.006713380228630512
794,-0.013671609556875271
795,0.007545322418270043
796,-0.05212736315537888
797,-0.05792403114305065
798,-0.1739181715730192
799,-0.069278790276952
800,-0.07579159766769296
801,-0.006894892502400763
802,0.049752398615214896
803,-0.023259398379586287
804,-0.06658366304614054
805,-0.08481711238592826
806,-0.09208022657588466
807,-0.05799239344683004
808,0.04798043366161474
809,-0.026060766498549062
810,0.02278771147218331
811,-0.07656613018576883
812,-0.08505081994319286
813,-0.08849941609062663
814,0.032971627889270085
815,-0.038610964091658186
816,0.0910179288338255
817,-0.046186642371375645
818,-0.04548728046775241
819,-0.05755853115905695
820,-0.02088799384723272
821,0.007075950741569318
822,0.11645582174944752
823,0.025392852552931357
824,-0.007768837781151735
825,-0.020432291371250702
826,-0.09987210678474008
827,0.0225071036388345
828,0.06757224561605894
829,0.09311469505260361
830,0.08894581889681892
831,0.04963665663209399
832,-0.11457066307656101
833,0.03419221763509338
834,-0.03828938381224802
835,0.1310945273406264
836,0.12974809807223053
837,0.13765970952110812
838,-0.04718986441001811
839,0.05157807121238445
840,-0.16944977094252847
841,0.07729108452707749
842,0.0245518148152214
843,0.12461579006930362
844,0.015061790645606981
845,0.03857592847558753
846,-0.18775465259634583
847,-0.0027403424178374723
848,-0.08236881739964597
849,0.07190855743439142
850,0.08079912357092471
851,0.049326840998678144
852,-0.08286447894218503
853,-0.024975847338406586
854,-0.07602156975668181
855,0.04152059580418171
856,0.1894377574287192
857,0.08093204051304319
858,0.12711500763230513
859,-0.024690943401283787
860,-0.04484791117594994
861,-0.026625660082762927
862,0.15139341548096272
863,0.07780333151135195
864,0.2731221998642465
865,0.006839069314662493
866,-0.029735977915991384
867,-0.09830577478618935
868,-0.018022110907229123
869,0.012199402370282475
870,0.26766703892622296
871,0.08969957203796149
872,0.1508185318467338
873,-0.0092576624987738
874,-0.07761665514060885
875,0.028977138677473382
876,0.1937685172788607
877,0.19124065385592998
878,0.3058585021056772
879,0.14312743264255368
880,-0.026572261284811393
881,0.02871098883346102
882,-0.07602790134366144
883,0.10654154946397848
884,0.1382522629699646
885,0.129147257000205
886,-0.08232965112535538
887,-0.011248296628576716
888,-0.3123840715466813
889,-0.005102549046007552
890,-0.07171355111130213
891,0.09963561055279259
892,-0.009465676998670547
893,0.03664154300939442
894,-0.2637814806203667
895,0.0058350925442498215
896,-0.1070902206480783
897,0.14653966505352567
898,0.17422872627539465
899,0.12649037701328264
900,-0.04695630376672126
901,-0.02824883756433365
902,-0.1647019727446755
903,0.04308508641565122
904,0.21756033673709854
905,0.1322329448028325
906,0.20448563266074424
907,-0.05164331960982966
908,-0.13328244247469487
909,-0.1215209854483254
910,0.050692963361915436
911,0.08667522499152704
912,0.3809614407656215
913,0.09728215231963179
914,0.10723907263073269
915,-0.07805638783802654
916,-0.020256527835344734
917,0.034807483362832764
918,0.3779495972372369
919,0.21423153702734826
920,0.37884799493957655
921,0.06726064115223694
922,0.01526128892674083
923,-0.057540220616838826
924,0.09544125905133485
925,0.07617482644953898
926,0.28014193105312946
927,0.07464157031758249
928,-0.04789893541001044
929,-0.07433312033562449
930,-0.18989169283400162
931,-0.010133153747067586
932,0.0667132840029374
933,0.09141620239489168
934,0.0019631245445057796
935,0.004118238854498783
936,-0.24045610681949062
937,0.03557587455275544
938,-0.01139519521150356
939,0.19262023699152206
940,0.11636574656146488
941,0.11237589656359372
942,-0.1864572210919421
943,-0.003915748348895491
944,-0.14928346800526512
945,0.15462265464567093
946,0.2201285845397665
947,0.2125590599557279
948,0.10343544856351312
949,0.015472262739422147
950,-0.12059381319778432
951,0.05637488849445421
952,0.20085649268068914
953,0.290122044764376
954,0.3916242900626154
955,0.20738102051414287
956,0.09225732791010854
957,0.03284930376070203
958,0.1009672868847588
959,0.17772518380469876
960,0.4244468288603682
961,0.2690631704948336
962,0.3332593989833235
963,0.06867044162157653
964,0.09516404500609638
965,0.015535975337319298
966,0.2647730326721804
967,0.1515442973760253
968,0.35045473202266764
969,0.08356183535271615
970,0.11638240524407989
971,-0.027684472541762775
972,0.10739399820250582
973,0.08228423152426304
974,0.2462295080235063
975,0.12302829664584321
976,0.10902187920233379
977,-0.00032235590770954276
978,-0.005784512880294491
979,0.0458484482810603
980,0.13643252739999184
981,0.15549409010605264
982,0.09068637955940786
983,0.04624708076926206
984,-0.10999674366944395
985,-0.010721460762159152
986,-0.005180610499246676
987,0.15742945506357175
988,0.16485526722000737
989,0.19571613548783454
990,0.0690137232726838
991,0.09048221056864952
992,0.050365704743151336
993,0.18338374488474096
994,0.2253201124849745
995,0.3187310963660515
996,0.2419879262410504
997,0.2141026262121204
998,0.09838807704136052
999,0.13802445738935962
1000,0.1508789634444109
1001,0.23664063258235132
1002,0.1990166357701265
1003,0.21302200094987794
1004,0.12804234118619315
1005,0.09282919430350443
1006,0.1167141741925223
1007,0.14570494633567688
1008,0.2061365157573388
1009,0.20342184826666795
1010,0.2026324776832081
1011,0.07710998470225532
1012,0.16670940928892827
1013,0.02722191803866023
1014,0.19659831607759096
1015,0.11813332891336376
1016,0.16375512400057368
1017,0.06118885873061607
1018,0.10226809442627734
1019,-0.08547489623748793
1020,0.058196447711935634
1021,-0.06180846737102943
1022,0.035835718906344245
1023,-0.007693760131815045
1024,0.008686983315409805
1025,-0.09321659036944503
1026,0.03655857227912323
1027,-0.1290659546580743
1028,-0.009463476747399573
1029,-0.02897861722484407
1030,-0.002419570578290617
1031,0.02108154794433752
1032,0.10876058852464414
1033,-0.0012801015154522961
1034,0.12857770990378983
1035,0.010207255642136434
1036,-0.012619638357459103
1037,0.02332780081764539
1038,0.02631405471118697
1039,0.01642400628880478
1040,0.16598455453138133
1041,0.030918967252796845
1042,0.013524069688541356
1043,0.02227225181996748
1044,-0.15293669332946275
1045,-0.010166460912683464
1046,0.012436121020960804
1047,0.04315556312366787
1048,0.08493067313188127
1049,0.12840155461327618
1050,-0.08863604725017399
1051,0.09675943492472137
1052,-0.06468127366770196
1053,0.036927721213357134
1054,0.14398312524531168
1055,0.07513284069100679
1056,-0.006458954712816085
1057,0.08770804542453259
1058,-0.12431702683675529
1059,-0.01795979801703256
1060,0.015075519120743272
1061,-0.1022816232462278
1062,0.0003499795330007653
1063,-0.08037405397243892
1064,-0.19635542279810464
1065,-0.06205935043406158
1066,-0.02371417291313879
1067,-0.10656371475537116
1068,0.12152127335213557
1069,-0.14969322843391855
1070,-0.1042402228349446
1071,-0.12706062257539041
1072,-0.08808414477394307
1073,-0.08109782190256508
1074,0.2100210719696554
1075,-0.11699616902280724
1076,0.07817331698044357
1077,-0.20524514019426984
1078,-0.21979583378896822
1079,-0.18021015575055488
1080,0.10301920007727995
1081,-0.06127980101151068
1082,0.3334050272311255
1083,-0.05905634245810651
1084,-0.045794557936891585
1085,-0.13133369884987
1086,-0.18095762465142334
1087,-0.04884570948709104
1088,0.2917551021846414
1089,0.08358693898791707
1090,0.1737073417509242
1091,0.03675294166477427
1092,-0.2578412283863479
1093,-0.031156033475576012
1094,-0.0403208525530004
1095,0.06963371188311128
1096,0.23667011759057024
1097,0.14484252811994186
1098,-0.20326954112045162
1099,0.05796116208454614
1100,-0.3311477251654312
1101,0.013058167571130715
1102,0.06930797144586746
1103,0.07871916431738671
1104,0.010883430474486387
1105,0.1116040330725726
1106,-0.28158223691609613
1107,0.10129191147053757
1108,0.037744609596319735
1109,0.08504083270422817
1110,0.17580666085137386
1111,0.04505680961389364
1112,-0.1997082696319541
1113,0.019694179586825403
1114,-0.062176328559937925
1115,0.018507289416551494
1116,0.32375643811908683
1117,-0.08286571385359509
1118,-0.06043887541904913
1119,-0.1859661025458852
1120,-0.24179345516763637
1121,-0.08281075960070912
1122,0.3786978788451103
1123,0.0571472630285327
1124,0.4565112853181688
1125,-0.02322402264572493
1126,-0.07173095141487353
1127,-0.06016239038222262
1128,0.2224170977069571
1129,0.0975011091502271
1130,0.6194940166924339
1131,0.13288033822391057
1132,0.13869585028375775
1133,-0.055082122062236165
1134,-0.15950544348189374
1135,-0.08664982275188865
1136,0.3075646657644996
1137,0.023468542631731575
1138,0.19473057665770954
1139,0.004615286783325451
1140,-0.34496993251264196
1141,-0.0761930453745445
1142,-0.17568586417206838
1143,0.012789481776965267
1144,0.0435170931934314
1145,0.10362624785568375
1146,-0.22560524695995765
1147,0.0970513338700459
1148,-0.2631861911041398
1149,0.08683657381982546
1150,0.03544587717433017
1151,0.07830997524069559
1152,-0.22252939232533497
1153,-0.02033818912429691
1154,-0.4108101425893775
1155,-0.04331424952080732
1156,-0.19849718904066926
1157,-0.027435339521164285
1158,0.004481864580287413
1159,-0.09909161209156182
1160,-0.2476008410487558
1161,-0.15150754402248065
1162,-0.3370645421146416
1163,-0.03261754194296994
1164,0.14120978285968308
1165,0.04857400709651938
1166,0.22356185750975244
1167,-0.018813342451082345
1168,-0.015313721253749761
1169,-0.03115896073017671
1170,0.18575436289366962
1171,0.022994348041958934
1172,0.49841770916692957
1173,-0.05219739296858261
1174,-0.04736845424658878
1175,-0.16407168437799788
1176,-0.07214508602210722
1177,-0.12582293690266994
1178,0.29285797252140766
1179,-0.1698966104159213
1180,0.010224919337585951
1181,-0.30673138782107157
1182,-0.2775548243440362
1183,-0.2708268239128577
1184,-0.00500833223823835
1185,-0.14325038367532436
1186,-0.06436369268477804
1187,-0.20715022219228424
1188,-0.5941193814690283
1189,-0.22327910081405825
1190,-0.574675153390381
1191,-0.1730803013399385
1192,-0.0865942472151656
1193,-0.23599193093722334
1194,-0.4585424241500374
1195,-0.3988218281929283
1196,-0.9754636839641234
1197,-0.30553597541280947
1198,-0.45025352717883976
1199,-0.18382091947997448
1200,-0.06551720391708278
1201,-0.2391443079917299
1202,-0.7041938985194796
1203,-0.30998499883582253
1204,-0.40140407125593575
1205,-0.1425490857906158
1206,-0.05624223372983397
1207,-0.08967246320331777
1208,-0.4062856392812277
1209,-0.07707044049677109
1210,-0.36416627510143085
1211,-0.03490987063222976
1212,0.2033665498267938
1213,-0.04523460049592456
1214,-0.06498353029356331
1215,-0.1834933068486038
1216,-0.13972715461806165
1217,-0.06540348069748785
1218,0.20210993225579968
1219,-0.01651176886287475
1220,-0.00143537161249907
1221,-0.15810098109259257
1222,-0.20140128902700058
1223,-0.21099794266251945
1224,0.023655793351811033
1225,-0.05478993055734869
1226,0.320064916976888
1227,-0.1379857120128324
1228,-0.1587023832388224
1229,-0.30942315363402045
1230,-0.5046789448423142
1231,-0.25868761038872917
1232,-0.33166127534768136
1233,-0.1462408105835063
1234,-0.24177539879289356
1235,-0.4132063419108952
1236,-0.5174119161342704
1237,-0.4986227946536526
1238,-0.34851242491269513
1239,-0.1863010470904719
1240,-0.43805961544555494
1241,-0.02550914749114229
1242,-0.3823331136672568
1243,-0.1825193796934582
1244,-0.2501293299050811
1245,-0.1521436595403216
1246,0.07206091585394978
1247,-0.05026406947382039
1248,-0.19977112395642593
1249,-0.08172271146820323
1250,-0.12358434155552141
1251,-0.02597795389351744
1252,-0.3563231800309993
1253,0.11824165282863262
1254,-0.22227904667659026
1255,0.022909728267568593
1256,-0.24879638042281946
1257,-0.05010876656319468
1258,0.010776944016989733
1259,0.12767295545891208
1260,0.22460814341103116
1261,0.253723014796621
1262,0.1438732941717641
1263,0.11380321983201715
1264,-0.10195791229308517
1265,0.19237082354969073
1266,0.25846059134991684
1267,0.36181572669283624
1268,0.4427980410799294
1269,0.1118803884095041
1270,0.1259042240155198
1271,-0.07652045575577565
1272,-0.11983321989084633
1273,0.2876673260458885
1274,0.22957211794398114
1275,0.3455298943744247
1276,-0.2487042548988674
1277,-0.07601789956614662
1278,-0.20345900702994613
1279,-0.14675423150185044
1280,0.24939401092655442
1281,0.18576115445028876
1282,0.2856031853520744
1283,0.05381800059220771
1284,-0.776528716669016
1285,-0.21214505805993208
1286,-0.15044624514459412
1287,-0.10234851437958767
1288,0.19549441479361707
1289,-0.048634691977453834
1290,-0.40218362301396354
1291,-0.3227113190713797
1292,-0.21427485279911912
1293,-0.16723543690547424
1294,0.1470170841456686
1295,0.09396710116576407
1296,-0.25863425992687555
1297,-0.03290327834650156
1298,-0.7552479892038418
1299,-0.15210763737752012
1300,0.31882536602878114
1301,0.15007207032959557
1302,0.08557229409081145
1303,0.07789590419882642
1304,-0.24020721769565745
1305,-0.0800158469193561
1306,-0.6165597700689774
1307,0.10257020541704805
1308,0.15244024451561097
1309,0.2849418545333514
1310,0.008486497580534326
1311,-0.1344397624004971
1312,-0.28692715169120525
1313,-0.24739887684713294
1314,0.31199029706933057
1315,0.2180757092512059
1316,0.372836026492003
1317,0.3577930381787561
1318,-0.4554637022875596
1319,-0.05727573198062084
1320,-0.7754267574738186
1321,0.05873304291227824
1322,0.24064979626768576
1323,0.2351837632450655
1324,0.2292465178245092
1325,-0.1777165093345157
1326,-0.8576086061272296
1327,-0.3962417390897396
1328,-0.35019714465738816
1329,-0.08227521220907082
1330,-0.2666759319038852
1331,-0.22327165491543807
1332,-0.5441750958285649
1333,-0.6207685996708251
1334,-0.5189581570588077
1335,-0.49355492617012825
1336,0.218584633826971
1337,-0.2958677704156263
1338,-0.6768703951705115
1339,-0.46062614106103433
1340,-0.760588203994615
1341,-0.4830928705431486
1342,0.25110182876339787
1343,-0.12748513346932175
1344,0.3097734103843811
1345,-0.3261778990529058
1346,-0.9722494647109824
1347,-0.7448249129270614
1348,-0.5499945017226769
1349,-0.5067189724346576
1350,-0.02530582083076444
1351,-0.13340617015712847
1352,-1.2702097570861752
1353,-0.4482636728564838
1354,-0.8083639848241297
1355,-0.38360494461800493
1356,0.3056988892273983
1357,-0.10573092684464808
1358,-0.24649136293358068
1359,-0.07858283781853657
1360,-0.8716789808797607
1361,-0.19157165530767936
1362,-0.2943062424813952
1363,0.12546132554921158
1364,-0.36830308231686393
1365,-0.05070029870053349
1366,-0.6679637785264964
1367,-0.43424075043308974
1368,0.13397224191642573
1369,-0.536965014152433
1370,-0.33258848697781623
1371,-0.06670830774904433
1372,-1.077056639855741
1373,-0.04305125333300851
1374,-0.6325790000056923
1375,-0.18361524393358195
1376,0.04767871741011195
1377,-0.22069788208942775
1378,0.34235723552493474
1379,-0.1929955144611454
1380,-0.270489488607606
1381,-0.4694385963928645
1382,-0.2457453240925801
1383,-0.18484010087453986
1384,0.013522156206509003
1385,0.034963857420417806
1386,-0.095859659251678
1387,-0.20620275340041172
1388,-0.3233973021484065
1389,-0.6381690312454339
1390,-0.5499530273953029
1391,-0.44958543849216565
1392,0.09947707950428543
1393,-0.16634008351426285
1394,-0.4659094194566454
1395,-0.15715393080973158
1396,-0.594478441670287
1397,-0.1771672686460234
1398,-0.4389201804250149
1399,-0.09695139950349167
1400,-0.5191759252324016
1401,-0.3315610339289128
1402,-0.5738463965675769
1403,-0.3858796551531215
1404,-0.21958682681758523
1405,-0.028108445501836308
1406,-1.2478940098543208
1407,0.07684108899981025
1408,-1.6135530673507175
1409,-0.204593482843598
1410,0.5945423544246801
1411,-0.38801745025031104
1412,0.1930499322085587
1413,-0.1582576124497295
1414,-0.8261389332403042
1415,0.15523012309622633
1416,-0.6844211532786664
1417,0.45109313138171964
1418,-0.113308373226409
1419,0.2843241737019704
1420,-0.04956326060400212
1421,0.05506276838689406
1422,0.033385550238551824
1423,-0.06920565739537803
1424,0.22948750558580056
1425,0.1791847115801237
1426,0.01984797991883606
1427,0.25550387763688515
1428,-0.025144604557926067
1429,0.08540429461990513
1430,-0.4787599055681316
1431,-0.252817788938858
1432,0.5699293631247504
1433,-0.10981488986107495
1434,0.3247115718540663
1435,-0.04523717198217055
1436,0.5345879865025368
1437,0.23928494290228006
1438,0.39352059110279747
1439,0.3685810476537026
1440,-0.3097332163147825
1441,0.3179309199988258
1442,-0.30832536463306776
1443,-0.19658023213383335
1444,0.6207375370855182
1445,-0.30539532451875745
1446,1.2262928027492839
1447,-0.18982890939612485
1448,-1.1629700897453084
1449,0.1120485214573505
1450,-0.2507275217704643
1451,-0.006632742900260946
1452,-0.8203135720216594
1453,-0.42835888729158944
1454,-0.22927446990434064
1455,-0.7053534086249663
1456,-0.020410823181144247
1457,-0.30593193654700307
1458,-0.001424935998252404
1459,-0.06370917623100411
1460,-1.4167333710260757
1461,-0.0471203359242958
1462,-0.640992997503173
1463,-0.21053432767100316
1464,0.6750108324319947
1465,-0.17594383351457699
1466,0.21260433680823543
1467,-0.024849458756158294
1468,0.5177960314619503
1469,0.1718381045642485
1470,0.04824654317705124
1471,0.21723782109130446
1472,-0.3887218307225663
1473,0.2206558388658547
1474,0.16579476656639036
1475,-0.13994242221374106
1476,0.19026362069745253
1477,-0.4440689203832236
1478,0.9101481313852844
1479,-0.3985548385307036
1480,0.43434140698170376
1481,-0.19681398777550027
1482,-1.2563175165942253
1483,-0.22365126085657236
1484,-0.31488281600063217
1485,-0.3621137160406994
1486,0.34861590465464515
1487,-0.6209546979070694
1488,-1.5589574744480295
1489,-0.5387759200507954
1490,1.9102586697030564
1491,-0.18588903548793168
1492,0.15143072656297007
1493,-0.07534082072419619
1494,-1.685836252862956
1495,-0.2705767106024389
1496,0.46385280437400095
1497,-0.463262681778061
1498,0.8136781560852243
1499,-0.7352112514923338
1500,-0.8025516276063047
1501,-0.8102369487313359
1502,0.49017868885138677
1503,-0.6858594440014797
1504,-1.26759894856252
1505,-0.5004426856080527
1506,-2.254090400969003
1507,-0.6522648738170685
1508,1.3688219398664014
1509,-0.6813103059589825
1510,0.636929980543098
1511,-0.8165946865909806
1512,-1.514317996932725
1513,-0.44320020411029915
1514,0.6237744993595691
1515,-0.07131264970095229
1516,0.35333397570186764
1517,-0.1747969488619723
1518,-1.1397907386588253
1519,-0.5302119033735216
1520,0.6755547385083598
1521,-0.5152903171593958
1522,0.006640794418942718
1523,-0.7614182140602291
1524,-1.1318059609849762
1525,-0.5181931163882801
1526,-1.5370485524694468
1527,-0.14450235826690924
1528,0.30968164624511224
1529,0.09165940292976214
1530,-0.09208511449558465
1531,-0.3274111584990564
1532,-0.4633461419100488
1533,-0.5272070920501971
1534,0.6510675345052435
1535,-0.28532091006464927
1536,1.826195285009251
1537,0.30318093211247393
1538,-0.6368608121734407
1539,0.21655005908794991
1540,-0.4049442618809256
1541,-0.13600374903547258
1542,1.1275034542572213
1543,-0.5226412940052626
1544,2.015098374378874
1545,-0.4527770287973984
1546,1.3517284939086953
1547,0.06718431571611924
1548,-0.886701792312112
1549,0.613104254905133
1550,0.7640403194238997
1551,0.3605015729340859
1552,2.3150714650384567
1553,-0.3182593622061923
1554,0.10651615214224518
1555,-0.6229013258326959
1556,-0.10321669858497251
1557,-0.2349392863775814
1558,0.967842355755645
1559,0.34821915379128
1560,0.7868831225179067
1561,0.21731560243449657
1562,0.4703054273552924
1563,0.10560827472078908
1564,1.9920430255057344
1565,-0.1124986530484159
1566,0.7144045542456378
1567,0.06975129842329388
1568,1.9778090705300737
1569,0.629570498200699
1570,-0.13867808403844475
1571,1.283875653572964
1572,0.9147056284838679
1573,0.95720649521868
1574,1.3450515447251201
1575,0.5056818133139318
1576,0.1612688400120731
1577,-0.06891798274653509
1578,1.5815602408613125
1579,0.6209989068941641
1580,2.8912481752697805
1581,1.0582661470429904
1582,-0.8433838434201641
1583,1.184090556913593
1584,-2.6140874164215147
1585,0.40204946731937813
1586,4.222658199282622
1587,0.2240969438812079
1588,2.9065975695438904
1589,0.14834164231703983
1590,-0.3390802383871704
1591,1.3992898384482702
1592,0.7850176592275857
1593,1.6463546275443255
1594,3.578702730037373
1595,0.9622456654787764
1596,0.4693420437997806
1597,-0.29228255373570067
1598,-1.352486199825381
1599,0.05843158194265081
1600,6.304438306430366
1601,0.21882162054439136
1602,0.15071111295632064
1603,0.6605942022741451
1604,-4.259641836695639
1605,0.6910371337720175
1606,5.7179163730721
1607,0.9452147721823242
1608,4.141959540278893
1609,0.15373817893058653
1610,-3.298896280244072
1611,0.4830319044859262
1612,7.3025943196710115
1613,1.3897713984509483
1614,4.9736933933888166
1615,1.8861342048057759
1616,-4.285300928147415
1617,1.0857572768288262
1618,5.713626130439867
1619,0.6786426150287911
1620,3.392564017729114
1621,-0.10672976686823615
1622,-3.262806670108957
1623,0.4271760787078485
1624,2.0725943962367244
1625,1.2932134957615526
1626,0.5926194194501423
1627,0.8690895883739231
1628,-5.807087100163089
1629,-0.02632114806311993
1630,4.362357389358225
1631,0.3639688377516048
1632,7.49363255345497
1633,0.5322514978263372
1634,-3.8773752538132396
1635,1.286735919121867
1636,1.4835859175990356
1637,1.7301696793938515
1638,5.650714132565909
1639,0.7094854026722205
1640,-1.454150634465585
1641,0.15960972284510544
1642,0.430254111575081
1643,0.702752600926135
1644,9.016896033672966
1645,1.0615753772330154
1646,2.1197751065947554
1647,0.9974064719760599
1648,-6.564545404251471
1649,1.2882691697359596
1650,7.383908051740711
1651,0.7784221172460284
1652,5.6605193241788765
1653,-0.56123593185314
1654,-5.73117777501319
1655,-0.5930558234415195
1656,5.560730336619985
1657,1.173267523237259
1658,8.168407252138183
1659,1.2439018882359785
1660,-7.209328786048327
1661,0.35371147288894816
1662,3.069337665216123
1663,0.5367720986851183
1664,9.759732744491398
1665,0.9861228891180107
1666,-1.1311628270023941
1667,0.7289415816116193
1668,1.5920062085499058
1669,1.7351416553964358
1670,3.8952608998521856
1671,1.6492141486672536
1672,-2.575015210022162
1673,0.18323012076475984
1674,1.0351487763387952
1675,-0.20857373514327182
1676,2.9401504633556232
1677,0.347021238609684
1678,0.05835009779583828
1679,1.1345893951934136
1680,0.8019708502385297
1681,2.0925436305507197
1682,3.729896084912836
1683,1.703713939752415
1684,0.39169370660011776
1685,1.6238941048670048
1686,6.382263865587685
1687,1.6397135721714577
1688,9.959618102291836
1689,1.830371956809803
1690,0.1452096927015276
1691,2.7069699859843204
1692,-2.5676397946397045
1693,2.924081111713881
1694,8.534738954308962
1695,1.5992304260907042
1696,5.5310772739508876
1697,0.6185887331145041
1698,-3.763414622643205
1699,1.385247803657538
1700,12.377804492207318
1701,2.278862202197742
1702,6.517673909341458
1703,1.6628972667080688
1704,-8.541442954196098
1705,1.7064982994788476
1706,8.025341311780416
1707,2.108707413389049
1708,14.366282589048538
1709,0.8823770404507059
1710,-2.2573405461248846
1711,0.979746782811286
1712,0.8654655901247447
1713,3.5946874488818614
1714,12.464993162085722
1715,3.799672072480392
1716,-2.417839758146488
1717,1.708833044407517
1718,1.3400651949670082
1719,1.4762161967240157
1720,7.297609540978175
1721,1.8798035970504052
1722,4.023182018427691
1723,1.9716466650015974
1724,-5.58572201440207
1725,2.5010517324660926
1726,-0.2108733644515577
1727,2.1050426111860743
1728,4.945954890474755
1729,1.0634340447478252
1730,-0.5069383620869646
1731,0.561055941189703
1732,2.082749057167002
1733,1.7267025741873394
1734,5.609078743425979
1735,3.0299161228671023
1736,0.6930654786786112
1737,2.5682484123227076
1738,-0.41911857481651654
1739,1.8813024599566102
1740,10.400409322833678
1741,2.134682670465783
1742,3.8033783511558816
1743,1.5182077794502562
1744,-0.42062530878416665
1745,1.9853908855289435
1746,10.38087164293173
1747,3.2159737209944104
1748,-3.215203562262996
1749,2.8714113934296432
1750,1.4626167379511918
1751,1.3193843561996579
1752,15.855732745886238
1753,0.886256747407104
1754,3.298977219475336
1755,1.456957161591685
1756,-2.2132509006928185
1757,3.68815590978917
1758,10.932460726765507
1759,4.129851859309666
1760,4.702275818192188
1761,1.883770713172786
1762,1.1715705786190282
1763,1.8533373071347798
1764,14.544222346523114
1765,3.3512136122523652
1766,7.300410678077913
1767,3.6909672202719985
1768,2.875849981032356
1769,4.225531071553498
1770,9.732128212460362
1771,3.167551951254847
1772,9.019125804478234
1773,0.9965163172689601
1774,-2.8201928295126972
1775,1.685733902380451
1776,7.794872954185652
1777,2.9208727011092788
1778,5.568623342380346
1779,3.4669276097803503
1780,2.361719698919688
1781,3.8110679512923116
1782,7.8341029434588725
1783,3.7174247264134794
1784,9.157796638401683
1785,2.6816162932800403
1786,12.2813080548745
1787,2.7142821375415687
1788,5.904502671405833
1789,3.3601234902462997
1790,2.41656930572615
1791,4.610056126551928
1792,2.2561459822198926
1793,2.8488582504888336
1794,2.303787229441564
1795,1.2327868929995514
1796,4.579820118047975
1797,1.1118887342951462
1798,6.949871278112528
1799,3.037446938890486
1800,7.69504683449379
1801,3.435911109583116
1802,-0.6630788504125368
1803,3.315526046276094
1804,5.715787067370464
1805,1.043245418810527
1806,7.382371989231033
1807,0.429388972278536
1808,8.555432915131348
1809,0.512641081318468
1810,1.8783971323470487
1811,3.294649551918287
1812,4.007927326956204
1813,3.6754201440775867
1814,1.3869643808892058
1815,2.832276856561886
1816,4.83168145089476
1817,1.2415301911485874
1818,4.073211247210912
1819,3.1007171507764273
1820,12.160888643224595
1821,3.3155643403127963
1822,6.727211576546555
1823,3.719530590325886
1824,0.25017509489327533
1825,2.3400941815797576
1826,-0.3684219792454975
1827,1.6674418217255274
1828,3.523818028520117
1829,0.1234454756161958
1830,3.5951479441702285
1831,1.3149221747380793
1832,-1.5459126966103534
1833,2.063220107746801
1834,1.545946500045642
1835,3.921234109043685
1836,0.20612440572731322
1837,2.4799576211459673
1838,4.333063367583004
1839,1.6398037114651804
1840,6.85373461618696
1841,0.42525148313998856
1842,-9.089959504115294
1843,1.3959134932316055
1844,-0.29630100081709526
1845,1.0926300125090924
1846,-0.5829013823780114
1847,0.29023499091770144
1848,-15.809712154316879
1849,-1.7260789428020507
1850,4.413177704524379
1851,-0.19795227303371635
1852,14.257454593389653
1853,0.5741815003316739
1854,-10.631276670604992
1855,2.2875738762911646
1856,1.8688859812261287
1857,3.4710529068568365
1858,18.696731704828014
1859,4.029041069150279
1860,-0.2027297125736306
1861,2.1115483761483267
1862,8.09086509027202
1863,2.9761732401871033
1864,21.212280231360737
1865,3.7751420085980336
1866,-3.058639587902892
1867,4.335660530798129
1868,2.6769080617448706
1869,3.9312883951159763
1870,21.517504077720915
1871,2.2959848481749545
1872,-1.9484079056026176
1873,-0.7384974806029371
1874,-1.4953134636210004
1875,0.7554808402970891
1876,11.24787148747687
1877,2.281213344731056
1878,-4.921331893622053
1879,3.345386907549978
1880,-8.099453343516391
1881,3.6857759285434484
1882,19.417876446530276
1883,2.2637462090049705
1884,4.6765475134147225
1885,-0.6882780211985436
1886,-8.375425932264863
1887,0.9743528393549115
1888,0.8223089624908733
1889,2.6942317315869966
1890,2.9116348952609403
1891,2.2994664267368683
1892,-6.257217383858383
1893,0.1014131956621377
1894,-2.34793236640814
1895,-1.0796075907976272
1896,-2.918027134697193
1897,-0.9947929264961379
1898,0.44556454325908246
1899,1.6330020873363895
1900,-6.453199608888983
1901,2.9267627682556143
1902,3.949874171725625
1903,2.7533801525380817
1904,16.065974388625794
1905,0.4496987986839142
1906,4.414838000166551
1907,0.26927040729664925
1908,11.731163787561059
1909,1.9201991193973609
1910,8.757231212954617
1911,4.44847626764875
1912,6.161437045662948
1913,4.613099401087614
1914,8.239008631008264
1915,3.123878439569141
1916,10.339731328594882
1917,0.7075656192667157
1918,-0.7511183112451464
1919,2.491693629291787
1920,11.441047578238148
1921,5.56950588530648
1922,22.948105933982234
1923,5.828878255319498
1924,1.1078833243873885
1925,2.413997040476976
1926,-5.605250672383024
1927,1.2354400791702485
1928,7.3011522613761235
1929,0.31065851826830865
1930,11.699072235255898
1931,0.4405607112576045
1932,-8.481566004458461
1933,3.1764452844566238
1934,-0.2646309455627117
1935,5.512768477992886
1936,18.42563756068283
1937,2.839654170705662
1938,7.167849592010158
1939,0.5980450962349815
1940,2.241747778862559
1941,1.3690076164552163
1942,8.352795561834961
1943,2.6704253463046057
1944,-4.809721194901205
1945,0.026679434554412122
1946,-22.029944503572793
1947,-2.0495493739705313
1948,-6.859954558723723
1949,-1.4728749136347548
1950,7.043826065362617
1951,0.1593407668831038
1952,-1.4446092173496414
1953,1.4386267565007733
1954,2.9776561714226513
1955,2.540498811569875
1956,7.449082088625923
1957,2.335303778869563
1958,-1.553693959117442
1959,1.7667189687193086
1960,7.497977963354266
1961,2.47126611426473
1962,14.781550658252781
1963,3.4648759088771732
1964,5.462547455858052
1965,5.021055803796539
1966,6.859436989573316
1967,6.218496690149244
1968,16.752983804147885
1969,3.8818854244764087
1970,-4.817414267187678
1971,1.2006460016640188
1972,9.157083107786569
1973,3.114689141645061
1974,15.148867962287587
1975,4.675770357463056
1976,3.661624903328713
1977,4.145183739547384
1978,-13.09577315395826
1979,2.360885319351961
1980,-0.07813099364509325
1981,1.257472998590976
1982,8.036722140880302
1983,1.1414574400982567
1984,-3.101866659160465
1985,3.440942529921705
1986,8.173795735089913
1987,5.643349982556733
1988,-4.970604222763279
1989,5.730491664259424
1990,0.43627685942863836
1991,2.592891646994326
1992,-7.402989704780324
1993,-1.045266847680291
1994,-12.04253224733271
1995,-0.6065516617776491
1996,-2.8363372534433804
1997,3.8536222526954997
1998,4.286911993748373
1999,5.987475828931761
2000,5.407227783385573
2001,4.96858913440015
2002,-5.369438147842406
2003,4.338313550670015
2004,23.658729120302
2005,5.953448884117766
2006,25.80332327133511
2007,8.326119111584177
2008,14.330574201423763
2009,11.004263304023793
2010,12.414373432539225
2011,12.493637791814672
2012,14.41968923395257
2013,9.868543684343832
2014,19.63013400218096
2015,6.789766580518911
2016,21.935866012157792
2017,6.722892485996254
2018,15.347254254452011
2019,9.944265761630644
2020,15.873438001559839
2021,12.432141578688999
2022,28.363162519545583
2023,11.08360798444756
2024,4.129166392172743
2025,6.527210230117958
2026,4.57105946481751
2027,6.8805109007040866
2028,31.675236276389512
2029,8.822154509540812
2030,17.957766975138558
2031,9.880817216012435
2032,-6.309373962833071
2033,8.820074269073627
2034,13.846838548728599
2035,8.324258163109995
2036,20.58125115814251
2037,4.349368729373821
2038,-6.7615783540979955
2039,5.027799691641635
2040,22.97826580765589
2041,7.6800543091934514
2042,20.38858677414581
2043,7.784811729173346
2044,-7.979800060159746
2045,4.353650575082381
2046,-11.850411522091685
2047,4.59327613542041
2048,18.797707939399164
2049,5.45709912632967
2050,8.531867337317026
2051,7.530198532453706
2052,-1.6652663897207727
2053,9.22133447352482
2054,5.204635957492409
2055,12.063290017127203
2056,21.210894658188305
2057,10.659094165381275
2058,28.753864005730644
2059,9.006543977340248
2060,9.990328065992264
2061,8.398516793556682
2062,19.611609239678863
2063,11.035272414937051
2064,17.866272561818466
2065,11.836175291281643
2066,-2.292128423311092
2067,12.265411603823873
2068,32.61512091578929
2069,9.28770580862704
2070,19.2801439630833
2071,7.831693517041391
2072,14.153214371314755
2073,9.84739094618704
2074,16.492986404718984
2075,12.555875173879064
2076,-4.189740041561962
2077,10.286543095114595
2078,6.6609564290184515
2079,7.414982850095306
2080,12.340538968600201
2081,5.515642576396517
2082,10.15388226721562
2083,7.590016061526099
2084,15.674202371716902
2085,11.892883490131341
2086,20.741347507900198
2087,15.058491831921506
2088,5.712797913394709
2089,13.660170166857048
2090,0.6901623104429794
2091,8.853436979540534
2092,-6.576752571315982
2093,4.435314247611426
2094,-10.565994979037079
2095,3.9642618701229875
2096,-18.5361787259027
2097,7.848455569874507
2098,11.95114509241124
2099,11.986376539498426
2100,5.194047074026091
2101,10.48203032670838
2102,-33.48589421234821
2103,8.354603796898541
2104,22.429618362967254
2105,11.930384582037451
2106,137.06370577305287
2107,18.22277554659349
2108,-30.16490468130959
2109,26.545196404906005
2110,7.270061169687699
2111,33.6459380247914
2112,194.58490611417196
2113,27.986386101559006
2114,44.41879777223798
2115,17.659723732535188
2116,-50.24303827147327
2117,27.223392755903436
2118,166.86276268760372
2119,36.822017546137026
2120,74.24815800052569
2121,25.789664737589014
2122,-48.25187946698147
2123,20.354966352353653
2124,66.27940598404363
2125,24.176259042112505
2126,75.6780723467792
2127,18.33910075667737
2128,-12.800790386104765
2129,14.476540573996793
2130,8.848717614457708
2131,17.792352539773457
2132,38.604307611084465
2133,20.462126530569133
2134,2.562352272034323
2135,18.60544111098869
2136,3.8119257128866804
2137,17.156197732594748
2138,19.62483671588016
2139,18.16125979823916
2140,48.99523599506899
2141,19.817355165159015
2142,5.250003401410606
2143,17.141866308728236
2144,-25.64502481439952
2145,14.645573610144545
2146,-44.35188808202318
2147,19.015404482296656
2148,28.397875820713107
2149,29.527582139504677
2150,228.2385514700225
2151,31.918297273431218
2152,-34.32902208694951
2153,34.862255250421704
2154,-14.85222402606495
2155,49.66147078979883
2156,369.2405054147244
2157,54.44586198872391
2158,48.76456204064295
2159,41.86958119088154
2160,-59.380831999035145
2161,52.947541720221174
2162,389.5501849878442
2163,60.47373507351045
2164,83.8609156295909
2165,44.46681570374562
2166,-94.0813409948002
2167,49.745089035099404
2168,408.65985483534337
2169,62.78333446453494
2170,130.15430920950192
2171,44.19190941213497
2172,-104.21234122112598
2173,46.7775018785713
2174,209.4856559525102
2175,58.03857850421587
2176,191.1883943388172
2177,39.014714018289936
2178,-132.90753335130506
2179,41.04501269489991
2180,213.8701666278114
2181,62.750875339621764
2182,304.562382760022
2183,47.92468584329276
2184,-100.8742830784145
2185,37.30546396458473
2186,89.72324089690441
2187,46.55283030191823
2188,175.4517440592596
2189,37.467070693998444
2190,-44.98405816554654
2191,27.56647950664164
2192,-0.16803162008472744
2193,33.08145716172827
2194,138.25359516574795
2195,31.786963724962405
2196,-11.195892881876341
2197,29.938217236452857
2198,1.6286432751833868
2199,36.748049023287756
2200,135.24844719861184
2201,34.30408785031894
2202,33.450632635626675
2203,23.073213722143386
2204,-5.389234457111189
2205,19.72873330753112
2206,21.278880848529514
2207,27.018555175386012
2208,43.3426383436929
2209,27.564365442375706
2210,25.16633499306697
2211,23.40681335056159
2212,13.37702122283323
2213,20.778181125765773
2214,10.529601061210576
2215,24.596176468947302
2216,30.477709735693242
2217,26.254412338191383
2218,34.56920770636416
2219,29.541623329992436
2220,28.416854918331563
2221,27.835918672305677
2222,56.04707189901756
2223,25.179987845017283
2224,21.92490557195131
2225,17.711644518847756
2226,-11.635311353645722
2227,17.024908618348366
2228,-6.67075428092877
2229,17.219328024534803
2230,35.91825370283373
2231,20.46133778483182
2232,-5.686898962945244
2233,16.38498087801462
2234,7.641068678686167
2235,19.05321228629253
2236,31.283708888382566
2237,16.949761027655963
2238,6.369991487056301
2239,20.18028180154024
2240,8.087089714677033
2241,17.085864232011264
2242,2.9428107120008278
2243,15.662145954796415
2244,0.4657614765328322
2245,8.35298330356118
2246,-26.15632524330189
2247,12.127994964754151
2248,1.9722938421456249
2249,13.932964747864133
2250,27.6833424416013
2251,22.062897038759647
2252,6.203450576577494
2253,18.606556613743205
2254,1.2270480204005991
2255,21.75544769061692
2256,37.81195436460187
2257,16.593658185836826
2258,18.9069186109509
2259,19.688967304880325
2260,3.258980530404219
2261,18.370939619733655
2262,30.829564316295116
2263,22.553518820531053
2264,9.231421804499453
2265,16.216606984307713
2266,2.7021935802154533
2267,21.375349445644414
2268,34.796034744999226
2269,19.72321225939599
2270,47.90886835517773
2271,24.923888382520644
2272,40.601943409629925
2273,19.69864504443095
2274,13.668654688569324
2275,22.702310992173047
2276,19.011730187838516
2277,14.71993911033413
2278,-6.16851970976785
2279,16.791444105373408
2280,-9.795661161073834
2281,21.729745657304456
2282,89.74603645470403
2283,39.348555289056954
2284,130.50938162721494
2285,34.84235896815914
2286,59.489616024246395
2287,25.75502246699008
2288,-9.48173350134825
2289,10.157667585054533
2290,-22.6233542772312
2291,10.77151656413129
2292,-17.103939419721044
2293,9.871253352959178
2294,1.8149372554618146
2295,18.78584169891548
2296,15.850020917601688
2297,14.315390641967012
2298,14.396172425579616
2299,15.790547988052571
2300,-8.147407339862875
2301,10.005741489664805
2302,40.67272822160523
2303,15.53993494416251
2304,-20.995512479521718
2305,15.985036926376972
2306,50.35156512792704
2307,22.5936275406214
2308,9.503287196396938
2309,17.738556810437657
2310,14.842666870171433
2311,16.126525213846815
2312,-28.95944581813062
2313,6.896106958465246
2314,-8.576106578390757
2315,15.933216012405994
2316,-96.4364299081358
2317,50.76731207048174
2318,191.35960131507827
2319,92.98448663620756
2320,563.6674814713372
2321,68.01116482324767
2322,-4.909922428912348
2323,28.747149126691994
2324,-3.9570673108317482
2325,11.917220720654484
2326,24.320680406977786
2327,16.991969546496495
2328,34.670480887059036
2329,16.434422509923014
2330,-81.43670563126805
2331,26.994079145555006
2332,111.80604680795798
2333,30.37864816454689
2334,63.02802230479227
2335,35.295100129451114
2336,45.86854415575692
2337,41.36149309324406
2338,212.31315494470607
2339,45.589616704756224
2340,76.51006459596424
2341,24.347902484716187
2342,-25.39879075239882
2343,14.568198731098411
2344,-22.421817987558768
2345,10.31687802582041
2346,2.213070774679015
2347,15.811925738235551
2348,1.0926737417608268
2349,16.888177310492374
2350,29.981662933276166
2351,30.402621568804836
2352,97.54720536276568
2353,28.583962806827227
2354,20.40590644442403
2355,26.24902476772038
2356,30.89261189215254
2357,19.569830587158137
2358,30.885438693043174
2359,21.854231294643153
2360,22.400422627389876
2361,16.82144649294503
2362,15.593022220393612
2363,19.46314896792526
2364,-18.16033368085672
2365,15.066443086383536
2366,15.139411139751031
2367,23.588864984627175
2368,48.399577771111716
2369,25.27415747222105
2370,71.56163215780727
2371,32.12741670345062
2372,34.175520660511154
2373,25.035825674626494
2374,32.79766805153356
2375,23.039133583738504
2376,1.0376407115099509
2377,12.543145275150952
2378,-25.332181088773797
2379,19.75335771775352
2380,8.582193787238438
2381,20.722906639959284
2382,63.3356057641652
2383,25.859413393276014
2384,24.525208927057818
2385,19.729548331599783
2386,16.389097904281797
2387,25.668287391718028
2388,21.4442400551205
2389,18.346456521150575
2390,-4.387759622667969
2391,19.888780600729916
2392,-8.776753441230257
2393,15.20622246365565
2394,10.739289770711839
2395,22.64933654062119
2396,-6.339653468754481
2397,20.115746428999923
2398,13.443595700481518
2399,25.41647675259571
2400,52.3785136222119
2401,19.65122835406601
2402,29.176476292810264
2403,22.835938179079363
2404,-16.107621413921667
2405,17.80839309694603
2406,20.977971983419145
2407,22.881013090168143
2408,27.488311186869037
2409,15.344306980060248
2410,-5.706584917908097
2411,21.31685682438264
2412,-22.671312930517065
2413,25.210230092976108
2414,49.55905107861709
2415,34.246708042751145
2416,42.691463779057024
2417,28.16816795850342
2418,10.65700491197547
2419,45.116505307195474
2420,59.45907268894408
2421,67.09757038435207
2422,332.56846274833885
2423,72.18446840856433
2424,157.84256480766055
2425,39.64299160342891
2426,-32.89809860819802
2427,27.07841410279815
2428,-13.121444037083814
2429,21.703536841281718
2430,12.473835734970868
2431,27.005204279232213
2432,-4.943458828920893
2433,31.492439141883267
2434,46.70110947923356
2435,54.10300559482816
2436,170.44835390866632
2437,60.07285966115008
2438,174.31511670109967
2439,55.101207249277856
2440,140.42730690430452
2441,29.489266321992986
2442,-32.38097648552002
2443,23.383208754681284
2444,-1.561701631008134
2445,20.251494828000332
2446,21.843827785852724
2447,25.69341250315451
2448,5.803124806336536
2449,21.221163467736083
2450,-0.4035250005019761
2451,28.671048251298437
2452,52.49620479054798
2453,23.618196245560757
2454,49.29266114075075
2455,23.875254895951876
2456,-24.578285536641495
2457,19.60680153998113
2458,22.278120807314338
2459,26.439967732620474
2460,-20.15250381852363
2461,18.914222242368314
2462,4.86712059282745
2463,25.933170056404364
2464,-55.88249969267074
2465,53.233371312331855
2466,356.25335900051044
2467,89.78040585968363
2468,399.6843580770871
2469,66.95568631805743
2470,-83.47975599718505
2471,46.197553189659054
2472,47.63158567853629
2473,33.602688782351876
2474,72.94327938518818
2475,26.525751366196513
2476,-32.23772718600575
2477,27.880918506510167
2478,18.818760972151896
2479,50.48070305561849
2480,265.3632101367951
2481,48.21715523032445
2482,-4.87403097202272
2483,39.82975734362187
2484,6.689820211677
2485,35.079875089789645
2486,145.77304770946344
2487,34.63463238015587
2488,2.7604187017213757
2489,21.318069380457736
2490,-49.10289486526386
2491,27.43574837997328
2492,54.935509280240694
2493,29.097905573079164
2494,19.31574485322712
2495,25.324247113265344
2496,-43.97947486194353
2497,24.562533732533396
2498,82.76231232012607
2499,35.96934207002724
2500,91.83085248011794
2501,26.670189775266863
2502,-51.11798988294743
2503,25.091527393231853
2504,37.84008469404389
2505,27.99043055677148
2506,43.98873474162568
2507,27.596596085016422
2508,-19.169842077428118
2509,18.295714733307506
2510,-48.52150133839205
2511,23.05182280345312
2512,34.166400194052606
2513,28.354091682203286
2514,0.669014107661018
2515,37.33705370168647
2516,-4.585975105521857
2517,54.64115129835276
2518,112.36243293302373
2519,82.99849367146088
2520,473.1658731882371
2521,77.92606909315754
2522,71.99967863568848
2523,47.60835392891587
2524,-67.2218466969848
2525,33.260372505051315
2526,56.13509823030966
2527,34.058852723193844
2528,-5.407892708128375
2529,28.692663851533425
2530,-67.80691669621186
2531,46.849419686932926
2532,171.58817601248802
2533,70.75068498863776
2534,384.0377806075284
2535,62.93385317639305
2536,-94.89718281834473
2537,47.04179248669588
2538,97.92897438596083
2539,51.18119849843964
2540,117.85539280624171
2541,42.625302404043815
2542,-17.242375012670767
2543,34.79888391975822
2544,-29.56817525192116
2545,44.50770981880442
2546,206.35734709941255
2547,53.87886986401645
2548,35.59911476700357
2549,46.142429125462904
2550,-7.0338255137431736
2551,43.84791314634248
2552,109.76596184523284
2553,42.37390958395382
2554,11.643553236655729
2555,40.175567993166425
2556,-6.074592199043196
2557,37.473381188714434
2558,88.00937263391775
2559,35.10580689125051
2560,-35.96009705459457
2561,33.54934978614693
2562,-20.588852677334216
2563,55.14240223782474
2564,-21.469398962321662
2565,100.68544272019942
2566,691.3867409523979
2567,118.86330485308393
2568,348.06935344596496
2569,74.6737656553383
2570,-142.3598406852383
2571,56.55488876234057
2572,98.72286721427977
2573,67.41942167367556
2574,121.53395016100812
2575,55.713345023294444
2576,-96.57758982213902
2577,58.309832128485226
2578,217.06143436359704
2579,86.11198853852159
2580,468.094750704938
2581,75.46946815882264
2582,-28.34983150312262
2583,54.578287311775625
2584,-2.1265747542780784
2585,44.39542989106982
2586,87.33692451195476
2587,39.94347311802892
2588,2.7386898970176325
2589,37.40616195006473
2590,3.7852132998887753
2591,44.24085432634225
2592,99.89071351260398
2593,40.35036990124366
2594,3.374346333829493
2595,37.047676913048726
2596,-31.222618952906092
2597,38.83906685515936
2598,116.50426954423693
2599,43.109941517473686
2600,84.46626771019596
2601,32.21938627901378
2602,-30.794946339795995
2603,30.90766290430213
2604,42.572744282914215
2605,27.952039341112343
2606,-1.6651307784469542
2607,27.437944437169147
2608,-12.482803926641653
2609,25.588760126030042
2610,-15.841114081808056
2611,28.97363765475471
2612,-16.599263580574206
2613,24.746367494477127
2614,-41.27031186418793
2615,50.13338185218376
2616,126.35301988894827
2617,85.78840749932407
2618,406.0744802141005
2619,88.21980839713902
2620,43.48728034415283
2621,48.58155956085275
2622,-47.40176165097967
2623,35.91738077278326
2624,87.11402080621299
2625,36.786741315696794
2626,18.949063924511982
2627,42.24005620469498
2628,-68.6273939199525
2629,54.49309520987722
2630,259.5058478255838
2631,70.93195559018294
2632,232.96463062441296
2633,49.16546647479347
2634,-86.37888083573962
2635,41.81413361419256
2636,34.99315871145247
2637,46.35556483122029
2638,118.66514518827672
2639,41.915189299374
2640,-34.27377404992065
2641,34.480632892430265
2642,-1.6002294615787327
2643,47.82723035117467
2644,167.91958319252865
2645,45.15053649188217
2646,4.310038929553888
2647,40.25011460823235
2648,-52.54875135258814
2649,43.573780529830756
2650,192.19571740349323
2651,56.070205230301205
2652,84.24236719902491
2653,42.356583186927125
2654,-76.24751468576987
2655,40.586296317401754
2656,75.72339859960799
2657,45.886685769586464
2658,91.49504440860275
2659,46.940880352869215
2660,-39.96118458589311
2661,37.03073682420104
2662,12.984026229401417
2663,58.36616376076649
2664,58.986181681104355
2665,95.15848212501344
2666,592.6061038470358
2667,109.6580401408763
2668,248.68698861842873
2669,69.17960665241226
2670,-107.87522507470457
2671,51.149823389209836
2672,49.4083935803593
2673,51.690031660735315
2674,47.94074020953343
2675,48.23708512866704
2676,-89.2824946063042
2677,57.022439557919085
2678,152.2249211374758
2679,94.54925152433368
2680,518.3722064797659
2681,86.56200964734144
2682,-13.738401855164193
2683,60.21417888629378
2684,-21.511134057012693
2685,49.08564574585285
2686,111.14329778469425
2687,55.83681630361636
2688,73.777760258991
2689,42.51396507770967
2690,-94.22170228763504
2691,50.00002907080931
2692,150.2464319364182
2693,53.881675862321785
2694,114.71161886981587
2695,45.722867392363405
2696,-65.15626906652268
2697,40.245132748535056
2698,75.44758241492131
2699,63.688217820583496
2700,242.6914727544124
2701,53.529319052911774
2702,-27.473933506010834
2703,43.68283577759318
2704,-12.969094083199366
2705,38.53842485077005
2706,66.53749061556474
2707,47.79637386561303
2708,48.55983688100422
2709,36.65778160496534
2710,-21.308531448124164
2711,34.94308750636906
2712,8.566249055074106
2713,35.080490803195396
2714,-47.06563309578262
2715,73.1206507517369
2716,129.48521831384946
2717,111.80975859586768
2718,557.1293811972832
2719,113.4689706693347
2720,157.39157701365184
2721,62.06652042568334
2722,-65.58125815891543
2723,52.26838957876284
2724,106.75817479820482
2725,51.07121402512226
2726,28.38612888305857
2727,50.35302652948257
2728,-88.07294907219381
2729,56.10839344271647
2730,259.35897622104284
2731,81.39389047524618
2732,328.08469412136037
2733,61.744833302461
2734,-77.49364542642547
2735,52.486201441608614
2736,18.402661429426825
2737,47.01066165650059
2738,140.00492299537171
2739,47.80356140744862
2740,-17.56868611542135
2741,39.99362222083794
2742,-14.027093460624377
2743,49.85791662609284
2744,182.78778444232648
2745,45.254587083463726
2746,8.083330083552582
2747,44.459693765215086
2748,-59.196596342410515
2749,44.44184290718582
2750,132.6930274018538
2751,51.70134404462481
2752,74.4833234921828
2753,33.42223778031299
2754,-83.7096343798219
2755,37.50256066788818
2756,57.08641507102369
2757,41.217188104865386
2758,56.11985621393674
2759,39.24672971112245
2760,-45.653098422084646
2761,33.05155602689355
2762,-26.81596206981128
2763,63.38337637147692
2764,275.5617862112445
2765,81.13496710944196
2766,338.537767553504
2767,70.96226867505308
2768,-65.67481709195629
2769,48.22295875843399
2770,25.7632927614586
2771,49.19887625620941
2772,152.5143106523488
2773,39.48857761357562
2774,-31.747056361151436
2775,50.004648249045964
2776,-39.082645561733514
2777,76.24104989264582
2778,433.1633511947796
2779,92.88744273220287
2780,141.34674498789528
2781,61.628054179038635
2782,-88.40738840811788
2783,56.755480285754636
2784,130.23753817735755
2785,61.656258279857894
2786,194.2418863467063
2787,55.94588637168439
2788,-77.1462131565564
2789,47.91440129913721
2790,30.376951832663206
2791,58.712405864030046
2792,183.23648918362767
2793,47.91453705600212
2794,-19.767634678843077
2795,45.41582445504715
2796,-65.92764636748835
2797,59.874371076536825
2798,279.415025499691
2799,77.67419204563079
2800,180.48137259089657
2801,54.125179537255185
2802,-80.36353139052954
2803,46.25350092192619
2804,34.50523896522873
2805,46.902985682451146
2806,44.25082435981876
2807,44.12381315216621
2808,-24.253496858059858
2809,41.367555812304644
2810,22.58238887317327
2811,59.19972819620086
2812,182.5051509446405
2813,57.230230951538026
2814,14.508250917059337
2815,68.33944390673365
2816,28.907147794561187
2817,101.59514434863291
2818,494.251433947209
2819,115.9335066425777
2820,297.9028606613881
2821,67.94920476291034
2822,-67.03170056763342
2823,39.437734170819326
2824,-25.608213880163543
2825,37.34215196115421
2826,134.71324470133956
2827,51.144349421335846
2828,14.243633704572263
2829,59.13720207836452
2830,12.2083380380095
2831,86.54119237229428
2832,371.24113549466966
2833,87.65560509805998
2834,123.64349037917857
2835,59.969072803159996
2836,-54.89589452228583
2837,40.529874888153934
2838,12.180672951672513
2839,47.207500262810264
2840,60.40046077278361
2841,43.84794306606321
2842,-32.347519622839464
2843,49.16897633178122
2844,111.57701411016046
2845,49.393198131332596
2846,69.19135624576184
2847,44.200685568080566
2848,-31.823481420988262
2849,44.107438025790316
2850,42.461084984073636
2851,55.05350410468387
2852,153.43020076390863
2853,50.31141657621795
2854,5.849987059272826
2855,43.93603848139449
2856,-21.529677838110317
2857,41.025088007026426
2858,31.86587338569916
2859,43.674907418232635
2860,-15.161558046131496
2861,55.42580247155768
2862,109.6648306215705
2863,86.1142102971695
2864,377.93437054644596
2865,84.51248362539981
2866,14.544960089598696
2867,57.69461181488506
2868,17.58740961911169
2869,44.11613676931336
2870,172.88497561687893
2871,47.86791800329753
2872,33.73306585198984
2873,46.75900578665663
2874,-77.90743676641587
2875,59.15322975334825
2876,225.981052581629
2877,67.01966031692812
2878,179.1399894920039
2879,55.0400283792549
2880,-66.12983259682986
2881,47.105250838796394
2882,40.86794536647994
2883,58.27461211934897
2884,146.89833196001902
2885,58.389179150499075
2886,37.8037762269231
2887,56.63943001720131
2888,-5.589249858253801
2889,57.885895139746246
2890,142.74468099625884
2891,57.00910983945013
2892,11.893583093325812
2893,42.92198316071931
2894,-57.6116094788818
2895,51.05009263342879
2896,136.35783583984133
2897,71.65274079937306
2898,250.52881841871283
2899,67.92008332034095
2900,-36.31357554278097
2901,46.99079536744032
2902,13.570332852293504
2903,45.09162211641263
2904,94.065791754696
2905,44.77726501008859
2906,-28.640322751353736
2907,43.41746432999996
2908,-27.604581655103523
2909,48.272962431667615
2910,129.93603632624018
2911,58.75744702431482
2912,117.41585510896152
2913,60.57857447198571
2914,0.775817750291595
2915,69.05322444700276
2916,185.913391128732
2917,74.28430181663407
2918,233.92630924674256
2919,64.04193287540215
2920,-20.238792061194932
2921,48.3275744124014
2922,-33.71299870387918
2923,54.482263684853244
2924,126.90067046161663
2925,58.30291132286108
2926,142.624378335209
2927,51.048760860349745
2928,-72.28048580606092
2929,52.46828820474022
2930,96.13960770518555
2931,73.99971716523841
2932,217.80362759030405
2933,72.314735252455
2934,55.24297201602136
2935,55.00272750954192
2936,-74.50775596533457
2937,49.65337710071863
2938,121.62663136552355
2939,61.542225973269545
2940,122.34329035242628
2941,48.84161509503484
2942,-60.494474678857564
2943,40.518341213541795
2944,-3.0947699291137365
2945,44.25983148715203
2946,118.71370157434173
2947,47.77408461790583
2948,-19.099378648184747
2949,43.12046243687565
2950,-16.33184483145641
2951,47.59583251373533
2952,88.97306935196488
2953,44.84822104035624
2954,7.430777068913234
2955,46.278244862018944
2956,-119.61749293801073
2957,74.45023189390344
2958,108.58236883102558
2959,131.65957288084098
2960,670.4343137153642
2961,127.10793547484438
2962,298.5275991483307
2963,73.39176038457032
2964,-158.86576728718862
2965,69.12960257313411
2966,195.29870036582784
2967,100.07843042838213
2968,251.27638868370266
2969,81.10381570574567
2970,-87.68297295436594
2971,80.8640994798174
2972,179.1879474913879
2973,116.0920461019111
2974,542.3761198599569
2975,105.9390367867959
2976,31.828467423249407
2977,58.04619948663003
2978,-100.10993777714391
2979,57.62022749717662
2980,140.87055261700363
2981,82.67262714368988
2982,310.9695139007551
2983,77.89886321713712
2984,18.107012004773523
2985,59.60884912702258
2986,131.92178116153877
2987,61.58464378293676
2988,125.18007027021586
2989,55.197678517773475
2990,-77.91171887177254
2991,50.32206920024975
2992,-33.42381875419732
2993,67.34563320672596
2994,266.32596852462126
2995,77.7800115611909
2996,172.05304560526307
2997,60.02850905704876
2998,-78.6845433050519
2999,45.8903139516586
3000,10.848887600089832
3001,47.36519488789045
3002,97.49713973620464
3003,45.23932815405524
3004,-22.040308770337433
3005,40.90030827015336
3006,-42.38851194194557
3007,45.30665814036257
3008,105.419413946589
3009,49.575318011338
3010,17.067916837743407
3011,54.314843722969194
3012,-27.30458821494416
3013,79.0399777363456
3014,321.50869554587695
3015,88.53178399836469
3016,229.54681067127527
3017,63.71987345012823
3018,-82.87910042039715
3019,46.658262211359514
3020,-15.405976225055172
3021,56.03839525414139
3022,176.84288475050474
3023,59.65368258208337
3024,67.00523137044337
3025,55.444248734709205
3026,-101.3090489742425
3027,63.01434412698156
3028,279.5298684000698
3029,76.10642876783852
3030,200.69454258471362
3031,63.20188160596754
3032,-69.88082037254006
3033,61.65184034206331
3034,10.73877392955432
3035,84.24762581772116
3036,352.4544207393964
3037,90.70880102166684
3038,145.61232940892447
3039,63.98445403697596
3040,-129.46778141112853
3041,59.96103593141009
3042,108.8399882893306
3043,73.56912869849553
3044,208.2273145352532
3045,65.58107684782213
3046,-67.55009276964118
3047,58.62414099926104
3048,31.783316499948736
3049,79.76972853606448
3050,292.90063143529227
3051,81.97594379744703
3052,60.89869170038804
3053,59.41730497088202
3054,-75.60792736145213
3055,51.37880136723668
3056,99.16396544867337
3057,63.30570104202976
3058,109.09477180044966
3059,66.44639065474367
3060,-113.74835355161538
3061,95.65671332511768
3062,494.8893383112399
3063,140.29393648280464
3064,720.1220579759607
3065,137.91321781062786
3066,-29.16341624907925
3067,105.70518514295854
3068,-6.5392027199544795
3069,96.47830773494506
3070,269.36310132217665
3071,81.63474530538514
3072,165.07020111804027
3073,76.67355494034638
3074,-74.00623483682
3075,104.12364779828323
3076,416.7232702768659
3077,126.49197177388139
3078,494.9639990985524
3079,100.24413713982536
3080,6.74379904162267
3081,68.72909003223528
3082,-115.95540457111257
3083,77.84399736958635
3084,222.6658358210613
3085,99.09477086814908
3086,375.95083695691494
3087,82.1851853338566
3088,-31.806093515039834
3089,69.62689668033603
3090,26.18833033735244
3091,72.59049912604031
3092,139.49362144029226
3093,60.45860580023548
3094,-37.31062576550725
3095,53.90548462476925
3096,-36.21751227031171
3097,76.3119707240812
3098,291.47384575250476
3099,85.10967690928885
3100,181.80440646521734
3101,64.26763058993545
3102,-41.89670411141679
3103,48.30517248171745
3104,9.690744060534819
3105,55.51406722625134
3106,101.18339844358589
3107,58.73755833343631
3108,25.66819473012979
3109,52.24443234493744
3110,-25.912693771043834
3111,54.37927699906577
3112,118.67518584721203
3113,59.79706995489673
3114,-22.5349125935174
3115,72.61784259775371
3116,57.68459566832346
3117,96.31400608113223
3118,435.90687106965606
3119,88.55245529706377
3120,123.1354164758422
3121,56.728783858768935
3122,-75.6715003971545
3123,50.681989013278404
3124,8.224098887365733
3125,59.88113007717967
3126,156.518924024192
3127,59.10627852880424
3128,-15.778307860248717
3129,54.72136153170657
3130,-26.499964695717612
3131,73.02006709816838
3132,240.4697531391149
3133,74.99177507874096
3134,125.40468529415826
3135,54.749568822628774
3136,-75.33874216685382
3137,48.23890884701299
3138,7.340431809540557
3139,63.95107632029116
3140,173.58811758989418
3141,57.67568753750975
3142,21.137596609768167
3143,45.483372655858375
3144,-69.85234467717072
3145,42.045371936967925
3146,63.309447306228805
3147,52.463401108899546
3148,93.38977621457438
3149,48.175499938059524
3150,0.04150122790736581
3151,48.31059714219448
3152,14.53183486753985
3153,51.73303034829497
3154,102.29894185540508
3155,59.06958909877533
3156,70.19494474086589
3157,47.3061351230235
3158,-20.36162903328454
3159,40.31028768793889
3160,-36.65506005190536
3161,35.45809365828633
3162,-62.09234459454996
3163,64.87347566028116
3164,71.24373829278447
3165,105.82839513049456
3166,556.7666513613442
3167,115.28238290235424
3168,337.47034383893447
3169,74.65023621698325
3170,-34.53726597291679
3171,55.4498760763711
3172,-28.932016099599736
3173,59.73270891041727
3174,70.00845997061033
3175,68.51496140704424
3176,58.83455029987285
3177,62.71678547330774
3178,-50.806493139428
3179,92.73540351536778
3180,362.0562758393134
3181,111.53739970679601
3182,363.33349968454326
3183,90.10282528837679
3184,-50.58515300800334
3185,58.90415107398124
3186,-45.36676127990101
3187,70.36659483362743
3188,282.38963300486915
3189,80.63275218757965
3190,204.6838743998221
3191,69.63532792718053
3192,-91.93538409491009
3193,54.440607542613
3194,72.69741643505007
3195,69.56472111205487
3196,193.17181692484505
3197,70.65590142210796
3198,64.54054812482904
3199,71.9877862180293
3200,5.479947809463046
3201,74.31304203835016
3202,230.09447677883043
3203,73.87513633884107
3204,129.98575524451144
3205,51.83192822215058
3206,-68.09986473592996
3207,48.45645222071463
3208,-37.85805268708616
3209,53.5852044950592
3210,127.00441673312996
3211,62.11112611635005
3212,83.87193551081741
3213,52.248184234424826
3214,-10.200651214659299
3215,55.312541143012396
3216,-83.35345822415115
3217,86.12105636766283
3218,456.3945908178927
3219,136.41760067577783
3220,624.1658565174843
3221,121.17761026260207
3222,24.481744623198622
3223,76.48689346737578
3224,-104.0769546742444
3225,57.51759065807745
3226,93.30962976736754
3227,65.75463372358836
3228,261.44613629749506
3229,54.22321468822092
3230,-65.38966421141328
3231,62.36147890957674
3232,6.33803449373531
3233,89.04124995889603
3234,412.3499574776169
3235,96.1457919823261
3236,154.62766351279595
3237,57.558606211807245
3238,-87.63368061032122
3239,46.70342098975907
3240,-19.05716731555899
3241,58.06867851429305
3242,180.79640049044016
3243,61.73777982813323
3244,88.98466515885536
3245,39.19865310031052
3246,-90.14697826128439
3247,40.1270078484634
3248,44.580534847516425
3249,51.11507278565178
3250,151.2222990120812
3251,55.982815141461224
3252,18.465394305259835
3253,41.97753226605285
3254,-40.35893881795776
3255,48.43937087449254
3256,78.97786704820889
3257,49.52614452720002
3258,75.37978364995209
3259,43.163187613923945
3260,-51.26787340891476
3261,31.24129086762838
3262,-19.64645984712646
3263,39.740286628570466
3264,-21.658881011072328
3265,57.38401190590125
3266,109.17864200783298
3267,87.80721773578517
3268,347.7738936670946
3269,79.15664422726616
3270,125.49243627161898
3271,52.15153376280858
3272,-36.15190972463033
3273,33.915214455943385
3274,-36.84181848926552
3275,42.75837386807028
3276,81.82718519842282
3277,43.63985944599964
3278,17.287236106680037
3279,42.8890335183671
3280,-69.02744366086209
3281,52.9738108520628
3282,185.93063162031524
3283,76.43591967721963
3284,237.1415904687531
3285,60.14478168722979
3286,-15.569455984382051
3287,45.01618672592908
3288,-35.74992882165048
3289,46.573737776094845
3290,86.89202345859773
3291,56.54914345082657
3292,114.59791738309252
3293,42.188207670455675
3294,-45.853806885203795
3295,37.86130160652265
3296,-39.05522539021161
3297,52.46536726326728
3298,138.8881887064987
3299,72.4578484400763
3300,195.00972505111747
3301,58.491656699950106
3302,53.21841564972801
3303,49.99891212153218
3304,47.194689753739276
3305,49.20762473131665
3306,60.48942846665674
3307,45.41083127246005
3308,-16.389807799034166
3309,30.028993944342332
3310,-46.83484903694075
3311,39.449242134643654
3312,21.99519203957226
3313,50.0499056452716
3314,32.369735057793555
3315,70.75863972192398
3316,5.423973795066946
3317,105.38307258349292
3318,618.9011092568225
3319,130.0932568595054
3320,520.7122782364222
3321,96.78260954872884
3322,-28.020447832226562
3323,59.58266984646453
3324,-90.16686375879279
3325,50.66491353817522
3326,34.9505068496261
3327,63.41178619987067
3328,161.81487050130886
3329,53.91041415923451
3330,-9.247305623690004
3331,62.942387412956116
3332,46.0593493749147
3333,89.97776045761049
3334,369.38510561647234
3335,103.3563100969977
3336,255.45529247025922
3337,77.21690518083622
3338,-10.280905709971726
3339,52.83955106158651
3340,-53.56330518482238
3341,41.66473857394449
3342,34.981463209950796
3343,47.41837733239839
3344,101.2707272102823
3345,43.454260298781925
3346,-38.160792714859895
3347,45.614905600382244
3348,-1.6309512550730119
3349,52.67791668813917
3350,183.67648365206773
3351,66.68405127395083
3352,221.8154838864975
3353,57.45494705691741
3354,4.040425574378899
3355,42.32811595303388
3356,-36.56527187289646
3357,30.0419079838214
3358,2.196121828838913
3359,36.664761599560286
3360,24.3818994897923
3361,33.94565757432419
3362,-25.43662419240996
3363,31.96975393746806
3364,-55.65652855476943
3365,47.11855890182615
3366,14.231334854904766
3367,87.14240562572758
3368,430.1530127315927
3369,87.34795972736713
3370,265.2846012939994
3371,57.69433448394436
3372,-25.577048951667546
3373,36.400413652718626
3374,-35.39616316921422
3375,42.24007571553984
3376,9.146061148945906
3377,40.244147210300326
3378,50.21049283478205
3379,37.4664098125931
3380,-28.30541593576635
3381,39.83392601230282
3382,16.855530028983186
3383,55.51791838514171
3384,147.20001225204396
3385,58.29860013947469
3386,130.98538847795794
3387,53.964828750265156
3388,2.2295764446743305
3389,39.19928393320662
3390,-35.432768581345144
3391,32.52585317635449
3392,-13.901307595924038
3393,30.045321648959057
3394,17.229235832046346
3395,31.346615403183936
3396,-19.193082559140894
3397,25.304446640685264
3398,-28.07463296507795
3399,35.622096218010654
3400,60.57601753984904
3401,48.67033547921659
3402,142.93033650463124
3403,49.54348898243934
3404,56.424885873471624
3405,33.9643284580235
3406,-10.465087110588568
3407,31.280429259811413
3408,-19.790020717304255
3409,32.38199568454875
3410,6.417275847606396
3411,30.016519514092504
3412,-11.993736562366763
3413,25.82341895973048
3414,-64.12401065719159
3415,54.19916540052513
3416,90.1483486800226
3417,95.02383489185581
3418,453.50019844604384
3419,96.24799520999134
3420,266.9667753549054
3421,59.43102364838603
3422,-39.31061270548746
3423,41.87465162313869
3424,-18.718344090895595
3425,38.586753275502005
3426,4.540164693233716
3427,41.73214845377645
3428,66.32220281434546
3429,40.46274195820655
3430,-4.89952121940948
3431,43.32063319090347
3432,15.684206676149463
3433,62.13983895415504
3434,218.4992799970115
3435,84.25772672405523
3436,333.214751986736
3437,74.42559288925979
3438,49.36695752033327
3439,46.57793388652719
3440,-58.21063407386333
3441,32.03030240400896
3442,-33.32552698925816
3443,37.969819880428034
3444,21.35019885885987
3445,37.32345619403774
3446,12.385115635968452
3447,33.78503902986798
3448,-58.60846358102251
3449,49.82372603676821
3450,125.34624625159829
3451,73.95766085385242
3452,288.4473336177377
3453,64.0754849399887
3454,105.05232030846899
3455,42.36087562218052
3456,-43.248599125805576
3457,37.155211302290446
3458,13.298808748078924
3459,34.6713112191525
3460,-22.874246588649427
3461,23.706302260225307
3462,-21.43848748394084
3463,27.10324913148806
3464,-81.81359677019148
3465,67.09675528838874
3466,172.78254542373222
3467,126.71857808238342
3468,590.4317010676842
3469,126.79914505685382
3470,333.1896315140645
3471,75.03565670982717
3472,-50.53867645210344
3473,38.31819224463807
3474,-22.711582520948763
3475,32.170218696150805
3476,-37.353858269100016
3477,34.759084082004115
3478,66.68971191871749
3479,38.46933343636505
3480,12.157048021559113
3481,39.531200637860444
3482,-17.48316330296272
3483,55.90759080187226
3484,158.8668694487064
3485,70.53006313251824
3486,266.8994668273864
3487,61.887864008075816
3488,90.9716653682596
3489,43.48968953073844
3490,-17.784256937083118
3491,35.12044655520241
3492,-17.673602673249473
3493,27.004172355052464
3494,-24.27860874220324
3495,24.09993629864981
3496,-5.455462071289236
3497,30.324088712022316
3498,-23.440118608963253
3499,43.31333557054496
3500,68.89530901286568
3501,49.447983581982356
3502,124.1335403154559
3503,43.6372602807168
3504,49.00514493455082
3505,34.550568718385016
3506,-0.9019263314354888
3507,28.81261323598748
3508,4.071332636958016
3509,22.969351153207565
3510,-35.34112239547323
3511,22.319011025912467
3512,-14.92967441582288
3513,25.257988910599337
3514,-31.715863232734076
3515,37.473356049277804
3516,121.13777041801666
3517,63.981537273447486
3518,262.3518426708529
3519,73.34056831622902
3520,139.6423897750473
3521,50.694262297548875
3522,-34.28801478482837
3523,29.999850379696543
3524,-19.300716447043357
3525,26.7946967257232
3526,-31.630504669823065
3527,28.63391427784764
3528,28.884163417786905
3529,29.789445618830936
3530,-0.17723254531525137
3531,31.527596359849436
3532,0.7245951850313326
3533,44.7621718836059
3534,97.74483431649908
3535,57.52514141035068
3536,173.1077849359995
3537,50.26610585673734
3538,78.60290560536214
3539,34.83629858918324
3540,-20.420674865397274
3541,28.05903693830017
3542,-10.61001720721918
3543,25.47405811495386
3544,-28.85487611208652
3545,25.16929575114769
3546,0.10166223720513598
3547,30.23582497728387
3548,50.10300256220313
3549,39.8735348658248
3550,71.44281055430359
3551,49.166053857590384
3552,96.50497965202214
3553,50.85949406245893
3554,94.9009103115762
3555,40.843273950352724
3556,25.835750853077894
3557,32.300604546455794
3558,-11.124039309143619
3559,32.15958107324066
3560,2.1157698234922235
3561,26.8225068130102
3562,-32.98319548767606
3563,18.161241471580315
3564,-62.379960261573096
3565,40.81277847458313
3566,200.87633702221527
3567,94.4569260983851
3568,485.31600896800836
3569,110.98492285590964
3570,269.68116616172176
3571,70.12007449594294
3572,-52.35867194505388
3573,37.781126262282136
3574,-12.392908875042917
3575,33.02293837561807
3576,-22.386429161778146
3577,29.38339575849692
3578,-11.909610388098494
3579,26.82682190738139
3580,-9.709919386306915
3581,38.20556668733235
3582,37.884841191310976
3583,61.93483866119581
3584,146.68002118479947
3585,79.62780612397093
3586,266.564377716964
3587,70.81176133544578
3588,189.24326946811644
3589,49.533185616844314
3590,6.964194881687488
3591,36.373626546628145
3592,-22.50935139139558
3593,28.850124380361382
3594,-30.016735943432007
3595,22.353234474497853
3596,-13.610433386648518
3597,30.314799042009753
3598,81.71919495229399
3599,45.224718177204075
3600,84.00098008084697
3601,51.83160454261668
3602,97.59311054496548
3603,46.71615691444742
3604,94.77832962413788
3605,37.984211290749954
3606,19.737613021894912
3607,32.03152267044242
3608,-23.298590929825295
3609,28.12003237280401
3610,-2.3607871912805902
3611,20.564246595201872
3612,-46.581598025784274
3613,21.465297257573436
3614,-51.05444043637217
3615,44.77591193969218
3616,186.80917061432237
3617,75.48752466818779
3618,369.46254203819154
3619,74.52515099524283
3620,152.96464733942662
3621,45.783403668440855
3622,-39.716204441972316
3623,29.06732196958966
3624,-22.42575076909483
3625,26.632544189859928
3626,-17.036305662681738
3627,22.446001412364875
3628,-24.545477916093365
3629,20.987360136511732
3630,-16.919942233374197
3631,28.709273812856168
3632,26.95488632492386
3633,40.764345529939845
3634,69.01500413583592
3635,47.657106389929794
3636,112.27625923681317
3637,43.48483837680104
3638,90.7963426202878
3639,34.26749031122952
3640,4.759916936412334
3641,26.882410717232872
3642,-16.819374244967005
3643,21.79623691190938
3644,-13.852458779838226
3645,18.188628331305342
3646,-28.323560499055695
3647,22.831486859708402
3648,40.298702134076805
3649,32.36225932764354
3650,61.68617393865272
3651,35.08948731970391
3652,50.78164411186767
3653,30.99663916092777
3654,34.065334197496675
3655,27.381464144846703
3656,14.529078040287041
3657,26.048346462328773
3658,-3.6110882121408583
3659,24.851096762865808
3660,-8.278774946076382
3661,20.764799004864784
3662,-22.572699534413943
3663,17.007864147808146
3664,-36.51092502022726
3665,29.14843424249276
3666,85.16598668676426
3667,57.7554117901031
3668,266.1008491100392
3669,70.58280043762154
3670,186.43322096435458
3671,51.02828929940592
3672,-6.244517978304393
3673,29.781864799749005
3674,-30.490111178864638
3675,24.265996661185408
3676,-13.108096082770103
3677,22.775315732978914
3678,-17.829853426591086
3679,18.921672652764222
3680,-8.907059627672714
3681,21.6032233792118
3682,-6.449682575846032
3683,35.018546553626976
3684,56.987763665594535
3685,54.21113320668545
3686,172.5083164557982
3687,61.250789690123526
3688,198.4099129973376
3689,49.925075849990485
3690,50.75836670603018
3691,33.78296632299914
3692,-22.253678055112108
3693,25.340945686037813
3694,1.6192952697845266
3695,19.039924788089127
3696,-39.16125942639363
3697,22.553264911396464
3698,25.9847470684945
3699,38.99601793080868
3700,136.19306160312826
3701,49.00981424382651
3702,112.74912397584644
3703,42.523414549344515
3704,52.74622789734308
3705,34.49492343348418
3706,38.26013710333182
3707,31.56904070913104
3708,8.330899932447265
3709,27.979046042747573
3710,-13.103158293391095
3711,19.64607855882247
3712,-23.79110770266283
3713,16.274013412283377
3714,-55.1446252664912
3715,35.01300919608155
3716,68.59747399258416
3717,76.94034601681882
3718,354.1056454786487
3719,99.09763873744582
3720,341.0416078881305
3721,74.23846379902842
3722,36.79590672965826
3723,38.762635764972416
3724,-42.91373993341148
3725,24.907525142215164
3726,-7.515516073375868
3727,21.335688738867795
3728,-23.08558617956819
3729,19.45867321862138
3730,-12.090109552012358
3731,21.356249008423564
3732,-15.071790748854161
3733,29.976606510344855
3734,21.527889729335584
3735,44.41997933425245
3736,139.96987865902437
3737,52.63147375264849
3738,191.68639373889818
3739,45.88419555167907
3740,96.04663312303794
3741,33.28352365946951
3742,-13.19347552162361
3743,24.766575000291713
3744,-15.854225866453362
3745,20.591338927739727
3746,-25.47459004320683
3747,23.60679326235983
3748,8.994501585933728
3749,35.32797956914608
3750,99.08015148061408
3751,41.280013945986944
3752,87.43679733549966
3753,34.236694141087646
3754,33.951903686262156
3755,25.690588414521624
3756,13.649171312521528
3757,22.416732834854447
3758,-8.055757261988306
3759,20.580632509320374
3760,-15.226388946222846
3761,17.96980415159493
3762,-13.600660623822453
3763,16.703271416418268
3764,-24.379686994862073
3765,22.708239566336147
3766,-11.6612071093449
3767,37.57427418121092
3768,109.30976988496445
3769,50.228478156947205
3770,193.86467731398633
3771,44.764957399707384
3772,68.58054603871598
3773,27.99521446068346
3774,-29.665973277996542
3775,18.95523329765842
3776,-10.414492654362508
3777,17.594821181195687
3778,-8.793681353876488
3779,15.814470782604909
3780,-5.991749624752033
3781,16.72016617088003
3782,7.916127761122541
3783,21.58745175028767
3784,7.393822970278182
3785,27.94572223177347
3786,34.777044376018914
3787,33.77424039074326
3788,87.43675622089442
3789,38.24260933991735
3790,98.07042749448459
3791,35.17669785263804
3792,14.399622351967922
3793,25.175902670743532
3794,-17.75049195744886
3795,16.577150740717244
3796,-6.2537934165122975
3797,16.741385404920198
3798,-14.285389189956048
3799,25.157979332565077
3800,53.397192731403244
3801,34.03958613011931
3802,90.01528906121966
3803,35.010005312389815
3804,54.77199228969627
3805,31.514247402609712
3806,31.917741229816823
3807,26.759359255205045
3808,8.180016726487617
3809,21.911425278233416
3810,-9.130535996878752
3811,16.753504437343604
3812,-9.152915844695428
3813,13.739151270484191
3814,-18.562366528421617
3815,14.358046819872031
3816,-34.83008716593513
3817,27.16601448633825
3818,58.19149304152378
3819,54.51270830488503
3820,275.9570794046466
3821,71.57869428141153
3822,255.31423882706488
3823,57.039403222589044
3824,22.937539554627968
3825,33.72737725712485
3826,-20.84678983384795
3827,21.35156737388719
3828,-10.09881614731213
3829,17.927516614776646
3830,-24.27598318563749
3831,20.81764505220545
3832,19.575546069224387
3833,25.998614151467915
3834,12.279402762559519
3835,28.464470114893448
3836,6.751186700904523
3837,36.870143422995895
3838,103.97166254812748
3839,50.43638167061589
3840,208.54967458141547
3841,50.775188093388095
3842,115.4985322993076
3843,34.12383488566711
3844,-30.674281006449462
3845,21.383109919595128
3846,-14.393720096328762
3847,19.45232556164136
3848,-20.092380639695815
3849,26.69455561940942
3850,36.80058702443825
3851,39.35978339427758
3852,149.0808887267747
3853,43.38675242190441
3854,95.64782556231664
3855,34.53559800962216
3856,11.451688040132531
3857,25.65564908872095
3858,11.182801824897911
3859,21.506944309553052
3860,5.096751206877924
3861,19.778186575863906
3862,-8.687046354803782
3863,17.720397928104973
3864,-17.513603102574592
3865,17.28708536225552
3866,-18.23028900579722
3867,20.21354395843113
3868,-27.004504963857144
3869,32.16919226966032
3870,95.49050427601696
3871,48.78267060104888
3872,245.36903109617867
3873,50.66266369235736
3874,130.76632693998576
3875,34.33958574074719
3876,-16.05368040235641
3877,20.913780366541552
3878,-10.63913927128317
3879,17.189840622185017
3880,-11.328039896408994
3881,18.295129476573923
3882,1.4576825259437944
3883,19.480878710543212
3884,20.67530332029615
3885,19.83972935928266
3886,1.4230491345878968
3887,20.162987606234203
3888,-1.0821144345346292
3889,25.54060283677553
3890,55.839757784654246
3891,32.10617144874484
3892,100.41062466580726
3893,30.78569807325137
3894,30.731678561493627
3895,21.65881019337236
3896,-17.659528719387634
3897,16.225737069396818
3898,-6.216808958929829
3899,16.381719938591527
3900,-7.717734318392807
3901,21.468133099902335
3902,35.60409856279632
3903,26.176563824234933
3904,64.30743220412616
3905,25.877248722339274
3906,30.607050411312173
3907,20.290793728341665
3908,-2.633923274671816
3909,17.19725838691942
3910,0.7693237492596882
3911,16.13816868714686
3912,10.005106825306925
3913,14.38266011405806
3914,-3.387110854533089
3915,11.489917997198763
3916,-12.136195353671857
3917,11.875294852501451
3918,-22.876580354583222
3919,16.632608211570247
3920,-16.95612937515235
3921,29.670472635177703
3922,97.09746612038515
3923,41.65232532637203
3924,174.69866828914255
3925,39.88531937646251
3926,78.41078311534783
3927,25.77137396799799
3928,-10.278468539448138
3929,15.885816063184024
3930,-6.23374549570609
3931,12.530700807677041
3932,-8.45338234691796
3933,14.767348396085714
3934,18.792874610055215
3935,17.48029237337953
3936,25.7338872351096
3937,17.55030999777011
3938,-16.024529770094414
3939,18.671302360196435
3940,11.143846998311897
3941,28.40234781282353
3942,101.04908508102713
3943,35.154800187746424
3944,112.81919909093726
3945,29.992260831273583
3946,17.736176801264524
3947,18.57968390111954
3948,-15.992931379371436
3949,14.380954480867452
3950,-12.066941372075224
3951,17.473540590094625
3952,-12.923870510667816
3953,28.389794760253253
3954,89.65363684030184
3955,36.90904587326227
3956,122.90387864463582
3957,34.05564335723199
3958,38.7052118789356
3959,23.789314330518973
3960,-3.9595944503097034
3961,19.426785117206297
3962,15.061832947924666
3963,16.637391994150686
3964,9.445871705088893
3965,13.180264730934121
3966,-16.3571467746599
3967,10.334528932559499
3968,-15.906334366797
3969,10.741820480708405
3970,-34.40589347712355
3971,14.912431395612991
3972,-13.62149013693819
3973,31.834550438448634
3974,148.375094017347
3975,49.88254162434424
3976,237.11963741214151
3977,48.73551532023212
3978,103.044794354172
3979,30.210431243855012
3980,-12.917203609385343
3981,18.35317864202997
3982,-4.314969196228955
3983,15.143141597899392
3984,-4.555331238920016
3985,15.003876372837746
3986,-2.7651596174943536
3987,14.38869137828597
3988,5.767488315636058
3989,14.331044108757728
3990,-3.9721256183048843
3991,15.639614868796635
3992,8.707563417219278
3993,23.524650261692067
3994,66.54829893946182
3995,29.698537644071692
3996,80.17163392283854
3997,26.506138213685194
3998,16.567409033294666
3999,17.138198967490126
4000,-8.412980661250751
4001,13.536724547336503
4002,-8.113602977208282
4003,14.799463258003959
4004,-2.505161367020415
4005,19.026778252094942
4006,51.974676267083325
4007,20.617954954070555
4008,46.46071883779356
4009,18.692012697713746
4010,7.6092414271404385
4011,15.661782095305476
4012,6.113584425576191
4013,14.05240332182963
4014,12.142707294989428
4015,11.355555723986399
4016,7.254364419838631
4017,10.373162922935252
4018,-5.7344645742857505
4019,9.675342192223752
4020,-12.685542764473889
4021,8.926792176799452
4022,-18.822471486162883
4023,9.478305093416504
4024,-4.5230761532556825
4025,15.799588210432715
4026,39.566506706390605
4027,23.04390755843984
4028,71.3953626447661
4029,24.488550647192596
4030,57.27958721125717
4031,18.451682153003013
4032,15.705451395800226
4033,12.517882032204383
4034,-4.41049767515537
4035,9.801665946799162
4036,-8.083753344258826
4037,9.284105111225623
4038,-10.994543797154378
4039,8.570423009600551
4040,-5.72438629561831
4041,9.910514472067485
4042,7.062765887971781
4043,12.242987824362869
4044,10.260258092142356
4045,13.73064055470952
4046,14.235563265881032
4047,13.138561485553229
4048,25.905166609570124
4049,11.65832001998556
4050,15.939234075469997
4051,9.925683077812955
4052,-3.5425949457595167
4053,9.45599376567594
4054,-9.6595893406915
4055,9.980089048831042
4056,-0.19103030510480118
4057,13.77682071575967
4058,33.11427198287926
4059,17.863631377236754
4060,48.62110559027814
4061,17.09471626487551
4062,21.4987877881844
4063,12.223349080008681
4064,1.5192205655449371
4065,8.572714581204384
4066,0.8462125780151993
4067,6.786088964694398
4068,-7.54891856939381
4069,6.055506994086618
4070,-10.415881832332492
4071,5.490652137964004
4072,-9.64658149686173
4073,5.498599778188607
4074,-10.957604218699919
4075,8.561252099313933
4076,12.61369079902436
4077,14.886290158218452
4078,37.05075466205368
4079,19.161192541252912
4080,39.22586604596673
4081,21.09127710203078
4082,59.72054839566551
4083,22.944008621933023
4084,79.17235116418212
4085,21.338746560135096
4086,39.40254064493688
4087,14.757672348342936
4088,-7.706337248120662
4089,8.943757625868441
4090,-13.466965399777708
4091,6.885369582019983
4092,-5.681254250768222
4093,7.759842021886431
4094,3.656764267806866
4095,10.165844117528895
4096,17.075675713990428
4097,11.459455242215578
4098,7.1985986326509135
4099,10.413105089331248
4100,-2.118311167699863
4101,10.145203606659297
4102,15.992112242997225
4103,11.057546932379468
4104,21.69065071556541
4105,10.459158196013123
4106,4.4930426371135885
4107,8.836523001387684
4108,-0.3063226890756165
4109,9.275019238598391
4110,18.244402003365426
4111,11.576888911516988
4112,29.567478871319945
4113,13.169876992283136
4114,24.172366232588214
4115,11.836375421691633
4116,10.211523803154588
4117,8.659902012303275
4118,-4.375454978958175
4119,6.520291472632388
4120,-7.798182209664202
4121,6.2196990905626075
4122,-2.598161365315067
4123,5.965749890862503
4124,-0.2641966195365935
4125,5.6714160897372
4126,-1.1086392381347168
4127,7.32295042905798
4128,6.86153763108131
4129,11.227338271380885
4130,22.993697272078293
4131,13.72174825689698
4132,26.820209179694274
4133,12.80267561406931
4134,17.700178068301412
4135,11.426720403995505
4136,16.606943046588867
4137,11.895790797777037
4138,22.523443437210954
4139,12.034658323129692
4140,18.01368513890686
4141,10.126151571991175
4142,6.78169550101279
4143,7.481627306209067
4144,-2.98259375159785
4145,6.461952635849252
4146,-4.566387465454757
4147,6.901914028153287
4148,3.2743457335341226
4149,6.6103468123273466
4150,1.5697315313527052
4151,5.398764742076633
4152,-2.9050045190568436
4153,5.374104740895135
4154,-1.0570040318241738
4155,6.4648547434503705
4156,0.1790612712982313
4157,7.6015259012615495
4158,8.041631879526689
4159,8.418372955344305
4160,19.905331110202713
4161,8.669199112940833
4162,18.08714781479618
4163,8.041229099031764
4164,10.680105098052854
4165,6.7573693612398715
4166,5.6892538790360705
4167,4.996163387171063
4168,-4.645247045689724
4169,4.160610684301736
4170,-7.7148222995975635
4171,4.774880842161147
4172,-0.4344093556896347
4173,5.7635796943472615
4174,2.2178447453279273
4175,6.552072052942612
4176,6.829955242586229
4177,7.546763892339633
4178,13.305745385179893
4179,8.78643048120336
4180,16.60158610864482
4181,9.630108146155647
4182,16.957783873137213
4183,8.636629592251941
4184,8.761905692237784
4185,6.4094058069758795
4186,-4.165087542688933
4187,5.531390245838845
4188,-3.2946034522621908
4189,7.521673665926218
4190,9.692722235397893
4191,10.20250690795868
4192,22.188428153555016
4193,10.957050035403888
4194,24.7724797273354
4195,9.658020011893651
4196,15.301890397077342
4197,7.9487318202817105
4198,5.67719253455278
4199,6.5569031618152485
4200,-1.6179460857198653
4201,5.457686985962167
4202,-2.966184323015608
4203,4.631518510766022
4204,-2.4327085852262758
4205,5.027357437547252
4206,0.6637378076425746
4207,6.629395348602874
4208,8.520233131164202
4209,8.600735234489333
4210,18.717076484432173
4211,10.429891426744469
4212,25.925060066665957
4213,12.328025921245478
4214,33.441254667110506
4215,12.384847808149038
4216,27.894847687686557
4217,9.080959452822116
4218,3.984584114415137
4219,4.920441134718998
4220,-10.169850495617563
4221,3.6104637415546494
4222,-5.7172125952003
4223,4.548497171266818
4224,1.1977937061257997
4225,6.4218369676933165
4226,12.432168229368886
4227,8.578346829137804
4228,23.2222667523959
4229,9.784805374181213
4230,20.135476043262216
4231,10.07591307028341
4232,17.371075579954624
4233,10.37728371846055
4234,18.116365908939564
4235,9.478900451397
4236,8.97729571201763
4237,7.297721390078055
4238,0.03947144953864858
4239,5.937464378521897
4240,0.1847563691858572
4241,6.052787788996447
4242,3.6001788085164925
4243,6.645915674426111
4244,10.41877928562624
4245,7.985365442694408
4246,18.054013456786883
4247,9.293230432268833
4248,19.638364149011615
4249,8.667399006797714
4250,11.458877557113322
4251,6.3280820214971225
4252,2.944879436148099
4253,4.5920688894115385
4254,-1.511185277327615
4255,4.320122705442575
4256,-4.398928969878468
4257,4.713495190280928
4258,0.29697910305901026
4259,5.245845367976425
4260,7.534986661363587
4261,5.999125181844859
4262,10.737354731586551
4263,7.1011288026951815
4264,16.094874308727796
4265,7.719240831330889
4266,16.601781538470867
4267,6.527180311064153
4268,6.891591839304718
4269,4.028863851009205
4270,-3.300443513560791
4271,2.537085614007158
4272,-5.361890367407529
4273,3.0516713237569655
4274,-3.123364149518863
4275,4.3280668988898805
4276,3.5743973715698414
4277,5.190925157610924
4278,9.722619100880868
4279,5.890218913434819
4280,11.44785045583881
4281,6.398232443875639
4282,11.16875635870697
4283,6.0583223579237515
4284,9.587398955022488
4285,4.873555502188222
4286,4.01786442431412
4287,3.8244277188525886
4288,-3.012384903899745
4289,3.3053527779734404
4290,-5.758131993775461
4291,3.270474362600329
4292,-3.2487213541054403
4293,3.839623257386421
4294,3.308579535460526
4295,4.909353260151232
4296,9.243706863846269
4297,5.642352778412931
4298,10.684580290806787
4299,5.496889557956413
4300,7.680295058942648
4301,4.457289695717974
4302,3.796600553577901
4303,3.2497510789977193
4304,-0.28954552317568955
4305,2.824119270802572
4306,-2.133137256517547
4307,3.4423436015698505
4308,-0.0645708919618994
4309,3.913564160171072
4310,2.7568262893568556
4311,3.8470552183580122
4312,4.219720990068769
4313,4.569403895199543
4314,12.308582650308509
4315,6.304976876457824
4316,18.583792398566636
4317,6.254415062517956
4318,10.423842633274987
4319,4.163241847587335
4320,-0.18402503681544366
4321,2.821530682457788
4322,-3.2103093775866953
4323,3.0795601707690046
4324,-2.5306835529133838
4325,3.4472969418292445
4326,0.472971981903117
4327,4.048240992401037
4328,8.009404061149533
4329,5.507518965407574
4330,15.004195548199283
4331,6.739429363223301
4332,15.592934008520793
4333,6.705363525814399
4334,15.197170840161562
4335,6.245139700621119
4336,14.067842679945526
4337,5.367516417864143
4338,5.65077814782853
4339,3.8701954467007496
4340,-5.13499926547114
4341,2.8031842769057835
4342,-7.201246761783817
4343,3.2819239976053494
4344,-1.062114267014413
4345,4.502725214445728
4346,8.247384868957578
4347,5.831083629984022
4348,16.255634938495977
4349,6.924641742788061
4350,19.63300607314864
4351,7.175335029309267
4352,15.02038125117067
4353,5.78492809040494
4354,6.456375340516572
4355,3.7683143611622527
4356,-2.8437677957796073
4357,2.3517383191338066
4358,-5.582576443721293
4359,2.2516810529964912
4360,-2.818516651761326
4361,3.4804889781928
4362,5.894446168244173
4363,5.986936113134352
4364,16.794062913261254
4365,8.321454592766752
4366,27.4139233235328
4367,8.384619094325307
4368,23.96541200909047
4369,6.012039980495157
4370,4.7410470330467485
4371,3.917021990587845
4372,-2.2433174893287275
4373,2.6996432842945826
4374,-5.259419589848473
4375,2.231180400028306
4376,-4.926364876445683
4377,2.9359022465047513
4378,2.3531338927034993
4379,4.531247850270405
4380,12.156796206287629
4381,5.368913959233161
4382,11.71780578360567
4383,5.452094914515279
4384,10.972755434101535
4385,5.603355540427009
4386,14.776458860394438
4387,5.397956284084833
4388,9.319278549870686
4389,3.608557411394322
4390,-1.1665681326287933
4391,2.089190778903835
4392,-5.413445613994655
4393,2.0882064428215665
4394,-3.1462271512003075
4395,2.7850193729455115
4396,0.5430371542971221
4397,3.2729684263050096
4398,5.680867646277134
4399,4.314257789680245
4400,10.504196751955133
4401,5.016388984634984
4402,9.151511580491482
4403,4.4314490236685025
4404,4.664845681562791
4405,3.0557333344006135
4406,1.1615906864272787
4407,2.356951613823583
4408,-1.4766140185796464
4409,1.9415898766757576
4410,-2.383846630382918
4411,1.85267218208807
4412,-1.6370531321699764
4413,2.351461113262377
4414,2.183560519533964
4415,3.8491037818349656
4416,8.873816781843969
4417,5.165861557143922
4418,14.922821928076658
4419,5.348746187718863
4420,10.298156318093984
4421,3.9105967917337625
4422,2.1618527256771745
4423,2.165897111390565
4424,-4.776986570147078
4425,1.276085266566029
4426,-5.699709280645197
4427,1.9706865203220634
4428,-1.6563307685513748
4429,2.4872292170057
4430,1.5357481299119327
4431,2.578180398652956
4432,2.6419180384101817
4433,3.2591707423962797
4434,8.474438759375069
4435,4.799026792519213
4436,14.193771293558587
4437,5.286814840987366
4438,13.413090521634372
4439,4.482502865035646
4440,5.9813351056774415
4441,3.133207119755259
4442,-0.8843918757295701
4443,2.121755256229752
4444,-5.2189047832861455
4445,1.5690422070623347
4446,-5.015041011324469
4447,2.28106205335347
4448,0.21404675565853004
4449,3.552545878406335
4450,7.1930801899688355
4451,4.702359806619
4452,12.877872771131353
4453,5.185124744795437
4454,13.32461287723411
4455,4.822682779687503
4456,7.722118614362421
4457,3.4897895073300838
4458,0.9989381738352683
4459,2.539845394739112
4460,-2.725287613403953
4461,2.4115560589050085
4462,-2.3083513814598375
4463,2.5453669813512034
4464,-0.6921578750706604
4465,3.1475903158439147
4466,5.714656390958135
4467,5.664829610854322
4468,19.872632343405506
4469,8.167832254144354
4470,27.812733087268125
4471,7.3372324324133205
4472,15.566837117183708
4473,3.9979788703407593
4474,-1.0847098946888627
4475,2.0441471178685218
4476,-6.293422943584539
4477,1.9152339236965739
4478,-4.688377532480357
4479,1.9734861971878945
4480,-3.3532496375108076
4481,2.249990757460037
4482,-1.045917753630344
4483,3.6644011995782666
4484,8.12445847987228
4485,5.434519486349078
4486,17.288888681660676
4487,6.74931730274299
4488,22.89976555677167
4489,6.924153161193249
4490,17.17353439634568
4491,5.445453877399598
4492,6.283160611905432
4493,3.0902476805754855
4494,-2.346840007797925
4495,1.8250700488883655
4496,-4.762455884023598
4497,1.8651557806439336
4498,-4.920900619523391
4499,2.457785637953769
4500,-0.011686546364829537
4501,3.454408108295514
4502,7.716533513491657
4503,4.750404021074295
4504,14.503035614805112
4505,5.103085906078325
4506,11.234883807296528
4507,4.154826744017661
4508,4.1831534245150035
4509,2.986900972191641
4510,-0.2098784003441529
4511,2.5681860631490885
4512,-0.7848419175860814
4513,2.4632211450178354
4514,0.053240233288095316
4515,2.4514750867038226
4516,1.9640062351133853
4517,3.062043665429256
4518,6.084169546908403
4519,4.301242876724258
4520,13.681637789327517
4521,4.696848351487165
4522,11.320104026369496
4523,3.693311376409863
4524,3.580889895683939
4525,2.2910619188512618
4526,-2.125465866561167
4527,1.6827284266116818
4528,-1.721000061631881
4529,1.7274863946986523
4530,-2.34213812322542
4531,1.797798200633303
4532,-2.020618436354209
4533,1.7228632950799916
4534,-0.7003673513693279
4535,2.0923785800723116
4536,4.743275952515388
4537,2.9967048718808176
4538,8.696282332471782
4539,3.670137003610486
4540,9.61937742950977
4541,3.3674699223748177
4542,6.269441490951788
4543,2.4699782155048555
4544,2.3113100240836393
4545,1.6083660999095564
4546,-1.3088878562616613
4547,1.174514416102635
4548,-2.465770726749627
4549,1.1004262797037903
4550,-2.030110391105056
4551,1.440696410882231
4552,-0.38695662154697236
4553,1.8822549598508636
4554,1.719104026737238
4555,2.0983647769065965
4556,3.7610444246222126
4557,2.0816304696384687
4558,2.92380875602443
4559,2.142913844167828
4560,2.4479176497399155
4561,2.074487132436585
4562,1.2451814516753288
4563,1.7416549334344111
4564,-0.22009458707096244
4565,1.518745577860135
4566,0.3731266419337981
4567,2.0526942855688493
4568,4.508313949732039
4569,2.8616372725518597
4570,6.936805508879534
4571,3.0734311968583996
4572,5.956806232508902
4573,2.586810698843216
4574,4.227026028701968
4575,1.9591561785943614
4576,2.628537735341552
4577,1.4310244198099147
4578,-0.7296495696597388
4579,1.0810860327198564
4580,-2.9092610466663302
4581,0.7691158452535957
4582,-3.169060200458858
4583,0.5510072544978056
4584,-3.1383621004485187
4585,0.9227380361973118
4586,0.6012572742068839
4587,2.3696281787201814
4588,7.433358066333817
4589,3.69926746457063
4590,11.245481290267158
4591,3.711912652157736
4592,9.108497660905586
4593,2.9015798912447974
4594,5.860013768198504
4595,2.3518482649841577
4596,4.283190580117649
4597,1.950516288835444
4598,1.6145069744497809
4599,1.4952810506646126
4600,-0.7255577189978509
4601,1.1907664820360429
4602,-0.5118177913101616
4603,1.160325333203155
4604,-0.8797715216103301
4605,1.0597790041305828
4606,-1.1989747702364915
4607,1.3901075361743789
4608,1.3848821232741646
4609,2.2598064252104835
4610,4.699640372127458
4611,2.715210876733011
4612,4.48458224291335
4613,2.257692942020302
4614,2.6664938062754784
4615,1.8908821688984696
4616,3.3743593089148587
4617,2.187814470730556
4618,5.1791643674626675
4619,2.7058154208102425
4620,5.705842247813149
4621,2.7547245550325243
4622,5.463896691389353
4623,2.2459463648328013
4624,3.302761454444434
4625,1.4250949753960744
4626,0.5798612133659276
4627,1.0660954488330312
4628,-0.32660680974804923
4629,1.4216979104694667
4630,0.47877766386729176
4631,1.6456359507367768
4632,1.3810960836125454
4633,1.1711184022623564
4634,-0.10328767566170835
4635,0.9260610593062185
4636,-0.9077067323721062
4637,1.4640395768749892
4638,1.474122744147839
4639,2.076888917768938
4640,3.5963808272610804
4641,2.1362484906810932
4642,4.155308637758605
4643,2.1825189795520443
4644,5.0111673346471335
4645,2.2005189181308724
4646,4.809302699177219
4647,1.8438561693458853
4648,2.672249008444222
4649,1.5634208638712506
4650,2.362415200586631
4651,1.6789368284291744
4652,3.145768948233562
4653,1.325371917729718
4654,0.4009573749803121
4655,0.5666133352134358
4656,-2.5286106727211854
4657,0.39566375659854636
4658,-2.1070364954964487
4659,0.8747499844397093
4660,-0.8820166667171749
4661,1.0329657800871728
4662,0.08093742046812513
4663,1.1995922663373773
4664,2.4279953845017945
4665,1.619421715859096
4666,3.6824950131922587
4667,1.7680029084925926
4668,2.1135690764915958
4669,1.6296440700134405
4670,2.545598020482742
4671,1.8059441554464053
4672,4.320145652935877
4673,1.673986027469712
4674,1.9990428966626286
4675,1.0113410497946138
4676,-1.6072597074105097
4677,0.7460443620514424
4678,0.5768117225448482
4679,1.072597983944512
4680,2.1178175276483384
4681,0.9627567493038067
4682,0.49145119672822196
4683,0.8350824167806974
4684,1.1967339852142376
4685,1.1774881807170763
4686,2.472886993803892
4687,1.2434400850189193
4688,-0.018338438843584496
4689,0.9494535529018647
4690,-0.43697773274903695
4691,1.3230677957476027
4692,1.9209710026966669
4693,1.9622555864409774
4694,3.741702845958567
4695,1.7523863087239098
4696,2.7558963644875853
4697,1.2162368773694725
4698,4.164889878871652
4699,1.4215526937155591
4700,2.88465933324772
4701,1.5997642096606008
4702,2.156147267932482
4703,1.2420462024716012
4704,1.8609860813553498
4705,0.9857928537999051
4706,1.8155254527622462
4707,0.9033666100870269
4708,-1.7823993720475375
4709,0.5632734556722938
4710,-1.3751142331041688
4711,0.8099546842271574
4712,0.26043967167984866
4713,2.0323277130527226
4714,8.26164100694985
4715,2.8126681077132227
4716,5.458509309855568
4717,2.1947948471239984
4718,1.995631797630382
4719,1.6702149474148766
4720,2.6951907782440507
4721,1.8553534649652386
4722,5.378619433597561
4723,1.8316930073180744
4724,1.561839638238941
4725,1.6361119698479643
4726,2.0883983987327466
4727,1.6701714482281345
4728,3.3785758140123203
4729,1.3009392417084331
4730,0.6251497132413092
4731,1.0238852746309517
4732,-0.3370722314938164
4733,1.6326413206102182
4734,4.123393401601618
4735,2.172479238763682
4736,3.7298237443323465
4737,1.5099779042781254
4738,1.4155077478058053
4739,1.049050596938933
4740,1.4454219795967733
4741,1.4294603295054615
4742,2.44725684676987
4743,1.6757333839852226
4744,0.6674794040597575
4745,1.7409805926699478
4746,4.954571216079714
4747,2.2942630522594882
4748,7.794808490029237
4749,2.1342681712597984
4750,4.5578061702899
4751,1.2961028195255446
4752,1.6307876712462948
4753,1.146578350937731
4754,2.5654132565119396
4755,1.8620534969812101
4756,1.321765148585949
4757,1.6585776677937591
4758,-1.2959272029224795
4759,0.8183240486179415
4760,-1.8049103845745833
4761,0.7450840079147601
4762,0.27473468877454005
4763,1.8097946159316045
4764,4.583557529659897
4765,2.559949055927581
4766,10.097289682105876
4767,2.548505397917069
4768,5.544217561376126
4769,1.9202992760321438
4770,1.674535478700389
4771,1.5385492963048675
4772,2.3177117971495687
4773,1.2976346311099127
4774,0.983690970102995
4775,1.4838335160300924
4776,0.09027640111826524
4777,1.6454871260410344
4778,2.750504850402663
4779,1.6243393711803138
4780,3.8729916054323597
4781,1.214649369541486
4782,-0.09086318910590774
4783,1.2670958326705482
4784,2.0471009472906885
4785,1.244471088341806
4786,2.4588218733867553
4787,1.2986310359822
4788,1.1939296585219397
4789,1.3492938473153169
4790,1.5957500431159424
4791,1.244086939985458
4792,4.032635225083586
4793,0.7370164960253377
4794,0.4498890379233735
4795,0.9839783389130786
4796,0.9061563619556118
4797,1.4988210759085152
4798,3.3347875945001966
4799,1.3797940999391571
4800,1.9953071553586124
4801,0.6052912679256138
4802,-1.418614145958906
4803,0.690224377907415
4804,1.468570257022374
4805,0.9723083905659218
4806,1.7803838646747465
4807,0.8105575374543562
4808,0.931926980156277
4809,0.6290512097759094
4810,-0.08218780984239497
4811,1.0948292390979948
4812,3.9332550923295897
4813,1.2382863254974157
4814,4.812384411931326
4815,1.063368200010709
4816,-0.09159947550895957
4817,0.9978196241738431
4818,1.061417938021393
4819,1.0174759276254084
4820,2.4234063323729997
4821,0.5260629146190243
4822,-0.8591794683698568
4823,0.5968472124381735
4824,0.12751943398009818
4825,1.3566331940910326
4826,7.416878371290657
4827,1.668948713956203
4828,2.7448055168919434
4829,0.9390890015002289
4830,-1.2127700900061267
4831,0.6021432199786024
4832,2.24142995875548
4833,0.692735258783655
4834,2.6739752830093724
4835,0.8034076725345418
4836,-1.8251768866967248
4837,0.8638832590239355
4838,0.9815651356581402
4839,0.7901981986572131
4840,3.8532204736785167
4841,0.24376322924519012
4842,-0.009292124450756148
4843,0.20819193137089953
4844,-0.5216179998723562
4845,0.852862868175479
4846,5.58620592525431
4847,1.3051645611132663
4848,3.9359869197767083
4849,0.919689603674454
4850,-0.7219036251185076
4851,0.6577223195200732
4852,0.6575324719929424
4853,0.447147696684787
4854,0.5724455693860578
4855,0.38475815986688083
4856,-0.23677109484968695
4857,0.7332008058709595
4858,1.5762416746475167
4859,1.190026714858435
4860,4.339938697691596
4861,0.7198205183606238
4862,1.2645340775059322
4863,0.5183283042974892
4864,1.0357812891874694
4865,1.4542947285377055
4866,8.467414110986349
4867,2.1743606110952514
4868,4.230390084370749
4869,1.119241182368149
4870,-1.9542063354375145
4871,0.13545601925938408
4872,-0.3915690355261195
4873,0.09925827918427511
4874,2.245481464390135
4875,0.7534684164411048
4876,0.3963706169083665
4877,1.1553545511358916
4878,1.7041443746945515
4879,1.3911557336682459
4880,7.4147913630286775
4881,1.0820656414741143
4882,1.4780671179585287
4883,0.7330865388296003
4884,-1.1286113199251715
4885,0.686886315384807
4886,1.122354061404219
4887,0.72134340181545
4888,0.9875872697566939
4889,0.3971978471986197
4890,-1.5263119905627491
4891,0.5406450989776341
4892,1.9945923845521139
4893,0.636890359166456
4894,1.9001494454550587
4895,0.5248781895011687
4896,0.10023176894182247
4897,0.6971000059889886
4898,2.166891021941716
4899,1.2143736145485504
4900,3.9806010620093524
4901,0.922929143302346
4902,0.42134543448024003
4903,0.38015208236849324
4904,-0.8263388094571268
4905,0.3287921911687518
4906,-0.005599066740075876
4907,0.7260002055815773
4908,-0.4281692686440938
4909,0.893356164561678
4910,1.6220774754112177
4911,1.1476769736387384
4912,6.750232856764185
4913,1.115370960146253
4914,1.3484904546498144
4915,0.9846732045832863
4916,0.6023606652873251
4917,0.9012462332933574
4918,2.952494105937273
4919,0.8312157319836055
4920,0.5401253493723042
4921,0.5051308221632133
4922,-1.9310395690450124
4923,0.5661247742099542
4924,2.1086257480466495
4925,0.8127966700993852
4926,2.0979795311945115
4927,0.8109013836338069
4928,-0.7771658634475977
4929,0.6294523497341132
4930,0.9016637467881812
4931,0.7596996780845959
4932,3.118578098862719
4933,0.8731539910146626
4934,2.0199928634738034
4935,0.9336968126947761
4936,0.5079685864474772
4937,0.7933875487873568
4938,1.2079637545848514
4939,0.5992751295932792
4940,-1.2972362055209818
4941,0.2938183104015995
4942,-1.8726739417701133
4943,0.3860241168055989
4944,1.3851344355820912
4945,0.695360766690649
4946,3.8802529202700877
4947,0.8223258419829657
4948,1.3161303036973744
4949,0.6828615445942771
4950,2.1620112301545134
4951,0.7300892590481131
4952,2.421522253005987
4953,0.6785545650467144
4954,-0.15186166082578295
4955,0.40876172213624085
4956,-1.6514009238185496
4957,0.09804537574917657
4958,-0.825192839005088
4959,0.18304154141190376
4960,-0.46447316121408316
4961,0.5333174911177264
4962,0.8262403141855412
4963,0.8647130417847805
4964,4.4474174503452835
4965,0.9009877865036969
4966,5.0633969061351305
4967,0.8935368786368881
4968,1.8694713191262855
4969,0.7594647367308048
4970,0.15077334556562463
4971,0.41206644491171657
4972,-0.8441715444439354
4973,-0.03532213655475665
4974,-1.590514790892648
4975,-0.02308490178880249
4976,-2.477077309849229
4977,0.35393955401652355
4978,1.0044766820722493
4979,0.7178532587038701
4980,3.3319643948201985
4981,0.8047130287534758
4982,2.9208550168309606
4983,0.9470960825123708
4984,2.3548348368187315
4985,0.9493486696842898
4986,2.6730941100599153
4987,0.5331816389585562
4988,0.30315649094193015
4989,-0.16995907696847917
4990,-2.9009392937116623
4991,-0.362369226163914
4992,-2.767120870933654
4993,-0.11850988646169419
4994,-0.7897009521657227
4995,0.19685399412292226
4996,0.3229082594471606
4997,0.4319794258407793
4998,2.4582581818778864
4999,0.7186217632556305
5000,3.676735553554096
5001,0.8087506445046843
5002,2.612057066350051
5003,0.5981351134394234
5004,0.24864347678648677
5005,0.3324053368343064
5006,-0.634148668090293
5007,0.387828028191101
5008,1.998090791270209
5009,0.3807390874742419
5010,-0.04878465959237029
5011,0.2793719558467706
5012,-1.4299956540493315
5013,0.5161498905320533
5014,2.708713671038356
5015,0.9958914071540824
5016,4.095447507245857
5017,1.1290043735009
5018,2.35014490396302
5019,1.0597658621626904
5020,2.9068519772598345
5021,0.7477962186848566
5022,2.5984173544499978
5023,0.16177880035948008
5024,-2.305298877820143
5025,-0.19341790027590325
5026,-2.976096063401208
5027,-0.024345471015830965
5028,-0.7881844131710103
5029,0.2799391943620027
5030,1.6626962328810733
5031,0.49472401680839595
5032,2.004314439048802
5033,0.7201476640232524
5034,3.3561574181545804
5035,0.8086631200121815
5036,2.4495427002300216
5037,0.5218912513986725
5038,0.024186168267197793
5039,0.13184693877853898
5040,-1.1945657671162595
5041,-0.04734887695915472
5042,-0.9856107699647375
5043,-0.06557842242582765
5044,-1.065925748402494
5045,-0.05804700856032685
5046,-0.6671117637359828
5047,0.04655677335155321
5048,1.0470514934424313
5049,0.2830794123712453
5050,2.3390761908822024
5051,0.5193720490584969
5052,2.3487669282855506
5053,0.5208166974941378
5054,1.536115286925849
5055,0.18255681794324735
5056,0.06408979722609501
5057,-0.18120058283245677
5058,-1.6553330619521534
5059,-0.2074671704157857
5060,-1.8079691419291304
5061,-0.01635320040335165
5062,-0.1535442833184253
5063,0.013548955381798455
5064,0.7266168162386736
5065,0.06438173856702087
5066,1.4594513286020678
5067,0.4058676217727941
5068,2.736318393837786
5069,0.659776547148702
5070,2.7480756953657894
5071,0.3721364953494569
5072,0.7309270084475321
5073,-0.10280114997410437
5074,-1.254096273849146
5075,-0.28829849170524385
5076,-1.5518556635514227
5077,-0.30138428428528335
5078,-1.9118055588671827
5079,-0.30996612027724796
5080,-1.20516996810598
5081,-0.0487806890146518
5082,1.1934221974649464
5083,0.41594670068069756
5084,3.5570307154916616
5085,0.6421665097296342
5086,3.726871643834741
5087,0.39210253156212405
5088,2.169811560909491
5089,-0.04191093207171034
5090,-0.04016999689017973
5091,-0.41740629710227384
5092,-2.2960631354741508
5093,-0.6759599714224281
5094,-3.3912236392541284
5095,-0.6906415290359375
5096,-2.1861285437011406
5097,-0.3877172210660079
5098,0.3330264051145867
5099,0.09627706101311774
5100,2.9342527595110544
5101,0.5504134315350234
5102,4.8283147443578445
5103,0.6326061535578653
5104,4.5584298780153985
5105,0.26468374596905264
5106,1.8744098886235507
5107,-0.36091833318789485
5108,-1.7121350905935997
5109,-0.8539994496984727
5110,-3.9495137927371418
5111,-0.9968050601564228
5112,-3.7418587046733496
5113,-0.6964260035562105
5114,-1.5287670201055956
5115,-0.09207109923260615
5116,1.9968823191983471
5117,0.5038222365661424
5118,4.823199668832431
5119,0.7303248893950527
5120,5.329178266059475
5121,0.5984439833537382
5122,3.3504672901057013
5123,0.06321572723819618
5124,-0.410279182240354
5125,-0.6689135921459741
5126,-3.6273793344570677
5127,-1.1183539172340566
5128,-4.414999475550731
5129,-0.9168462980180919
5130,-2.7045762411613445
5131,-0.36997774186164667
5132,0.24308640709666132
5133,0.10380140763654509
5134,2.9961295802370387
5135,0.4740383060526982
5136,4.757864613164867
5137,0.7375012318787681
5138,4.320395571964844
5139,0.4293041708916377
5140,1.2190063719775683
5141,-0.3928308729581915
5142,-2.3275761493152456
5143,-0.9695561366018516
5144,-3.7101732665025495
5145,-0.8282558357997826
5146,-2.663544655084187
5147,-0.46968437666464236
5148,-0.8978650354105725
5149,-0.2173307168464284
5150,1.2051335778285739
5151,0.10747463528512906
5152,3.5075095724768754
5153,0.537221587262338
5154,4.140734989599099
5155,0.5016868532492181
5156,2.1784551959492537
5157,-0.0001543167602031224
5158,-0.4142006778496999
5159,-0.497870730933927
5160,-1.8387260472101514
5161,-0.5885364331392203
5162,-2.4159934797415783
5163,-0.42652766470278536
5164,-1.6101168975239661
5165,-0.2098026733088334
5166,0.5355949199954497
5167,0.04150419222869289
5168,1.8841337148001405
5169,0.36298469610615025
5170,2.6017455335242365
5171,0.509767057344576
5172,2.1553286071713718
5173,0.24040102210753247
5174,0.6329156445405211
5175,-0.2780370915782416
5176,-1.5321227769435037
5177,-0.4665644137862348
5178,-2.0608762992369054
5179,-0.2871715763479365
5180,-0.990070517672895
5181,-0.15520837880510407
5182,-0.40978241241529945
5183,-0.14922036864566388
5184,0.26681809954143715
5185,0.10095794311455009
5186,1.6858559342373958
5187,0.5024592258225901
5188,2.6827394087959107
5189,0.4551885297622307
5190,1.100086627807929
5191,-0.034109189623133696
5192,-1.0349896501187639
5193,-0.41277049653929265
5194,-1.4718439326776807
5195,-0.3971539205933939
5196,-1.2874566255480424
5197,-0.3123025373825791
5198,-1.0856236997308155
5199,-0.24498799527222337
5200,-0.06587674513076426
5201,-0.03259605103684619
5202,1.774331176769499
5203,0.32236301921394334
5204,2.374537101202477
5205,0.37198750236162853
5206,1.1845933444402623
5207,0.08304590074382097
5208,-0.23394264656774824
5209,-0.27043172467195736
5210,-1.237961245526843
5211,-0.19259429259346436
5212,-0.7602488185005509
5213,0.2016272920750701
5214,2.524123669157597
5215,0.3188857636091307
5216,1.6914109438662246
5217,0.09257068386816443
5218,0.2366893533126564
5219,0.17680861957972785
5220,1.3882960210914987
5221,0.4805867797512895
5222,2.300520485891861
5223,0.4253823746310552
5224,0.8541976595078902
5225,-0.05634386802679003
5226,-1.7339172023327083
5227,-0.06719274273370696
5228,0.8864921039844011
5229,0.304330919496503
5230,1.5197403407479266
5231,0.3057552954310928
5232,-0.9929882041774324
5233,0.07311407764020177
5234,-0.13396889966364714
5235,0.275312433675366
5236,4.075422658115701
5237,0.7259068216230646
5238,4.2803996605982695
5239,0.6999625442583192
5240,0.4048163398021851
5241,0.13826990149010163
5242,-0.21914194630534356
5243,-0.12546660143300287
5244,-0.16297298442654443
5245,-0.06796358009260127
5246,-1.1894645306598315
5247,0.1238287642872933
5248,-1.2675297257371692
5249,0.22239858151553007
5250,2.100627096215525
5251,0.34395528685365623
5252,2.9311026129678743
5253,0.512980262573686
5254,1.9597623119719254
5255,0.6290572773591679
5256,1.2510386096747521
5257,0.37507537720238376
5258,1.0953022652008557
5259,0.07561105782146298
5260,-0.42922247408007097
5261,-0.028791844433404292
5262,-1.3633699627108657
5263,0.2190019350192748
5264,-1.9503671482893203
5265,0.6346167144262483
5266,5.161081712019225
5267,1.3138619739759758
5268,8.719001323960917
5269,1.4355900881834918
5270,2.136245545130882
5271,1.1093049492404257
5272,0.0825963850880553
5273,0.6259356215587637
5274,1.0726502351723337
5275,0.2683551816577314
5276,1.9976007753461646
5277,-0.05240201485112043
5278,-2.5846363359115414
5279,0.2830107529373744
5280,-0.9498535945248144
5281,0.8084306134066709
5282,5.258241584639169
5283,0.9386459284047599
5284,2.3711994314094267
5285,0.6072056470213937
5286,0.08322364345978459
5287,0.8313388314896633
5288,1.580257028466975
5289,1.0192072602527364
5290,3.2366017938137928
5291,0.681417278609621
5292,0.6117179397990159
5293,0.02508968919108841
5294,-2.2090911306754575
5295,0.08147285207033611
5296,-0.23155306851748067
5297,0.2831709775347048
5298,1.0999420740585049
5299,0.27715875516862154
5300,-0.3648168378356879
5301,0.13877200766466044
5302,0.11850596739086484
5303,0.5559687260974503
5304,2.54018684561415
5305,0.8016310410556488
5306,1.8919829428458064
5307,0.6258241783167446
5308,-0.5757138512419397
5309,0.20914646124551037
5310,-0.6240243636877414
5311,0.2803961365422694
5312,-0.5546865398631935
5313,0.5952635024228486
5314,1.481929758997251
5315,1.0176997212704777
5316,4.87713660376856
5317,0.7840626262802267
5318,1.6048161834710848
5319,0.5407936638112316
5320,0.11868225377097359
5321,0.5254329896805529
5322,0.4438227643993448
5323,0.6357850086398655
5324,1.6262937536087736
5325,0.40398800643851396
5326,-0.03772861640767909
5327,0.34912595596056073
5328,-1.2681805806330695
5329,0.6183481331125577
5330,2.7686879489212015
5331,0.9569860049510591
5332,3.1184052276392595
5333,0.5311986516199065
5334,-0.8126935789556996
5335,0.38891867525799884
5336,-0.08702765102915794
5337,0.6707054262858396
5338,2.5741256704149253
5339,0.9835244180588775
5340,2.979584304506982
5341,0.6028111087386355
5342,-0.41359005473678173
5343,0.3681591070836878
5344,-1.068048039510972
5345,0.5211899373283357
5346,1.900551650711625
5347,0.9068824253209398
5348,2.853300925543967
5349,0.5781870083521022
5350,0.028725968236778403
5351,0.3809809616983617
5352,0.5353043587930087
5353,0.49245041468420253
5354,2.045603285882265
5355,0.6970403445616994
5356,0.9938200496929368
5357,0.4097952687703536
5358,-0.5749673487298498
5359,0.36536914945440485
5360,0.07821286312615136
5361,0.4850269268285816
5362,0.5565809284293541
5363,1.0422102163533464
5364,-0.25306538816163876
5365,1.6286926951039224
5366,11.205932734157251
5367,2.005318666750782
5368,9.674933111057326
5369,1.5130258724213956
5370,0.38050309051684855
5371,1.0583214921866293
5372,-0.7749361458395391
5373,0.79233841219781
5374,0.6771545237952966
5375,0.7948709617738681
5376,2.677422232526006
5377,0.5625716062968742
5378,-0.5400381523420573
5379,0.8635254704092076
5380,0.6222851359167091
5381,1.3803825915683792
5382,6.447185263946746
5383,1.5718355165380122
5384,4.607775820222411
5385,1.078934415774234
5386,0.4581031670590141
5387,0.8257777885011816
5388,-0.02369712103895387
5389,0.7588544823871801
5390,1.4097548664579505
5391,0.7561788200072259
5392,1.7514091709578732
5393,0.386538029997385
5394,-1.2835290852778365
5395,0.4064127633163892
5396,-0.4626359336234605
5397,0.7111943825622634
5398,3.2491488679142924
5399,0.9822228811310518
5400,3.855640430925097
5401,0.716646058043064
5402,0.06776789751437667
5403,0.5895840284026616
5404,0.17912887472764988
5405,0.4952143634542486
5406,0.5778783561445776
5407,0.4726497523177817
5408,0.22993919064082236
5409,0.2919911155309762
5410,-0.6300282630915003
5411,0.43467131619190175
5412,-0.685448560772722
5413,0.7993059137329044
5414,0.24578351212119706
5415,1.318974944866212
5416,7.2597613318240874
5417,1.2269892487171945
5418,5.043340261831336
5419,0.9446142403809147
5420,0.23879150025707527
5421,0.715881163173647
5422,-0.23807899686349074
5423,0.742643215241946
5424,0.40649355703509543
5425,0.5223782357027545
5426,0.6740203233356233
5427,0.3460831508199938
5428,-0.9136632025364132
5429,0.38021199004388334
5430,0.030681098870712614
5431,0.7281389847350026
5432,2.4144642342713816
5433,0.7864493336860016
5434,2.1924173424117916
5435,0.7476670383547481
5436,0.3727567529904796
5437,0.6233728570819324
5438,0.09245745513181315
5439,0.6514188019020902
5440,0.40052493154394225
5441,0.489722465691675
5442,0.39217017141136196
5443,0.36623991043764487
5444,-0.4255462641146047
5445,0.2382848264684915
5446,-0.8378642350405092
5447,0.34812922365772175
5448,0.5177086611987045
5449,0.417948159042147
5450,2.0209356711728153
5451,0.4723676817722516
5452,1.034414970623271
5453,0.4474836960178135
5454,0.3756973783706114
5455,0.48577138046099083
5456,0.27957933096550097
5457,0.38342897024638484
5458,0.27360454680626856
5459,0.30364180060593043
5460,-0.36086783719722026
5461,0.21618631505350058
5462,-1.343723610554807
5463,0.5532359991988807
5464,0.5838853447398412
5465,1.0719094814013033
5466,6.3024613792815165
5467,1.1493034244879834
5468,4.0319600570366285
5469,0.7275280551686673
5470,0.19743732765306654
5471,0.538307431698988
5472,0.7344200362587228
5473,0.47660997747890815
5474,0.620130510507374
5475,0.43106446870211673
5476,0.6364655814843447
5477,0.3026172453276105
5478,-1.0230441131876749
5479,0.326465655849908
5480,-0.5811223003631977
5481,0.5625520132036518
5482,2.198487941778065
5483,0.7137361055479978
5484,3.754910692901973
5485,0.5918795409614945
5486,1.1419289078024935
5487,0.46196150777230477
5488,0.6564764210709944
5489,0.43354707175421425
5490,0.6678362023251055
5491,0.4429433802980749
5492,0.2886939314828761
5493,0.26311644813258545
5494,-0.5009988520085789
5495,0.0893754317198369
5496,-1.6753582646539815
5497,0.16179241349676965
5498,0.2558250509562207
5499,0.450772490101115
5500,2.6216257562136476
5501,0.5558474819354332
5502,1.7430860887565067
5503,0.40075331786455265
5504,0.5206321751546895
5505,0.26300741759098983
5506,0.7540267781770925
5507,0.15935661758301428
5508,-0.033964935689968535
5509,0.07094089676135237
5510,-0.41642048477296545
5511,0.08665270571695023
5512,-1.5707813418427454
5513,0.3774584200569602
5514,0.7640414357359443
5515,0.8956969602154953
5516,5.097813732617158
5517,0.9037167962264422
5518,3.1887545852814974
5519,0.5035045802670792
5520,0.25414440305865
5521,0.3274782770837212
5522,0.7912679627327944
5523,0.2959477222076141
5524,0.09426296696851542
5525,0.17932381453568932
5526,0.19818746363998369
5527,-0.004594313209251521
5528,-0.7881319366522936
5529,-0.061056780886609895
5530,-1.1579345331102027
5531,0.12500693766796583
5532,0.4109759887331176
5533,0.32576166927615907
5534,1.7336340511606212
5535,0.3065498786560577
5536,1.0095761163626726
5537,0.19777914982405834
5538,0.5871460199510612
5539,0.17248878539224866
5540,0.5284060887220239
5541,0.16701932971703273
5542,0.16575814820303142
5543,0.0990463622905349
5544,-0.31576784917862516
5545,-0.012066128043594769
5546,-0.827682616701824
5547,-0.035479094352599924
5548,-0.3771991563311297
5549,0.018411407858909584
5550,0.15669040257955547
5551,0.020448786934307198
5552,0.24492010057012006
5553,0.001371283783025081
5554,0.2025786484904014
5555,0.015222641209102843
5556,0.2925019502228664
5557,0.03468671561613595
5558,0.05871247352764473
5559,-0.05341940860908269
5560,-0.20367996987269638
5561,-0.13609644636826787
5562,-0.39358876612293986
5563,-0.0668773455858819
5564,0.2851867776420636
5565,0.10200282189120988
5566,0.8106168899007367
5567,0.13510667662764975
5568,0.3000924037756797
5569,0.010690449761788456
5570,-0.20263857414855327
5571,-0.03803547925948697
5572,0.0701369244847218
5573,-0.04946299526405408
5574,-0.019382288154533356
5575,-0.10021996570683744
5576,-0.06979960757506506
5577,-0.11679830168158496
5578,-0.1244042406171263
5579,-0.11832253264801557
5580,-0.08680518747644882
5581,-0.06964981625173451
5582,0.04767655038240629
5583,-0.05530347427753651
5584,0.14079589690699496
5585,-0.09509685218474205
5586,-0.15530683625851815
5587,-0.1465310470694729
5588,-0.30537389530999864
5589,-0.14575646542922938
5590,-0.11217010528027917
5591,-0.10916504305505963
5592,-0.01878906818401214
5593,-0.15470246237725935
5594,0.04768124549593498
5595,-0.195200122598041
5596,0.04573884807737349
5597,-0.15326194484744854
5598,0.07982477187359285
5599,-0.12980312436992172
5600,-0.08629954884305446
5601,-0.22598983282046847
5602,-0.4492422246979531
5603,-0.36855975322186607
5604,-0.41583033819900755
5605,-0.3446569243040087
5606,-0.12266015842385557
5607,-0.2215211553508194
5608,0.008382844186725118
5609,-0.19796527434863898
5610,0.029859443517431056
5611,-0.2517179276662808
5612,0.01977579592531146
5613,-0.2771448809889018
5614,0.2414367345735908
5615,-0.24581841691244286
5616,0.21805100172703565
5617,-0.245890267855133
5618,-0.01712985404622517
5619,-0.2937169832183716
5620,-0.1972865662377684
5621,-0.36029620505329146
5622,-0.3913894111056808
5623,-0.3857115096123052
5624,-0.49599204102983224
5625,-0.35658170398937195
5626,-0.4100155065668387
5627,-0.3182104234600643
5628,-0.37178426433643696
5629,-0.3269399263224012
5630,-0.1069148197252577
5631,-0.3064214476150913
5632,0.12265839261081564
5633,-0.294396781508766
5634,0.16429951666820009
5635,-0.3397721462547533
5636,-0.13035037171121291
5637,-0.39604415956208266
5638,-0.4739851807924514
5639,-0.396876494965
5640,-0.5164772179216758
5641,-0.392521370634513
5642,-0.5721257263085486
5643,-0.39809260178390204
5644,-0.6757395954916681
5645,-0.38075236633320236
5646,-0.32373689220747015
5647,-0.27527023301615755
5648,0.09944408059794158
5649,-0.22680164005593798
5650,0.32321755187478834
5651,-0.26780135293337815
5652,0.1645078259778145
5653,-0.36962747693084474
5654,-0.2139622305509054
5655,-0.4591836360868002
5656,-0.44645485253069433
5657,-0.46195691890876883
5658,-0.5871005113714416
5659,-0.38578522627447764
5660,-0.6261994401301262
5661,-0.3256524211088143
5662,-0.5216254938961113
5663,-0.28035206179494
5664,-0.022741912228788904
5665,-0.2356090302915834
5666,0.6234925225456843
5667,-0.18365259817373442
5668,0.4588676372181741
5669,-0.25685824608107927
5670,-0.08602820767196541
5671,-0.34072137432204475
5672,-0.19433596218751253
5673,-0.33289907130075846
5674,-0.3281536831736382
5675,-0.294908315918063
5676,-0.5546726841910751
5677,-0.28640462777581505
5678,-0.7403908816979754
5679,-0.29680788057067253
5680,-0.47819243755419855
5681,-0.2651038977347087
5682,0.016037676805315572
5683,-0.17973057418567112
5684,0.3658342967111623
5685,-0.15428484875897397
5686,0.3467138829391911
5687,-0.2169914684311137
5688,-0.023491160723703268
5689,-0.3162575362660804
5690,-0.3474754612071371
5691,-0.3186872227526943
5692,-0.5333337002318467
5693,-0.25663417878116257
5694,-0.6781741906966335
5695,-0.20120585619270837
5696,-0.3463403534671527
5697,-0.17995833241397663
5698,0.015398540987675404
5699,-0.16621457733945175
5700,0.15870776516933524
5701,-0.14428560373184668
5702,0.17227803378114037
5703,-0.17536982191939102
5704,-0.04039647634761994
5705,-0.25522148779646725
5706,-0.31218491281321614
5707,-0.3004667873082081
5708,-0.4013564766203227
5709,-0.2858466335621396
5710,-0.5049789953607581
5711,-0.28314391991528554
5712,-0.5624492946679086
5713,-0.21701540562807234
5714,0.31449411692957036
5715,0.012249045809658911
5716,1.661567447256354
5717,0.1721315081951157
5718,1.26491642255054
5719,0.07485353573383326
5720,-0.06287324231547893
5721,-0.16553108067461003
5722,-0.30875535631617684
5723,-0.33319451297159247
5724,-0.5057773797215163
5725,-0.34279127009901644
5726,-0.6841736945673867
5727,-0.2494581172994715
5728,-0.49633040010910046
5729,-0.11863935200708998
5730,-0.30286903235217527
5731,-0.056455627833964996
5732,0.31433426935586234
5733,0.06442275903818521
5734,1.4416552139884031
5735,0.1864751970058431
5736,1.8483808753375068
5737,0.13304192935880574
5738,0.3661602612490419
5739,-0.061006808620240334
5740,-0.7931985197475281
5741,-0.2517215625142212
5742,-0.7180098123189448
5743,-0.3499990414411452
5744,-0.9949273278364706
5745,-0.29278759135629795
5746,-0.2243683793218981
5747,-0.03192556600219971
5748,1.2670412313624737
5749,0.25502486619231707
5750,1.2621805349834507
5751,0.27319782606454884
5752,0.8775962095342953
5753,0.11973907366081016
5754,0.4070401500016612
5755,-0.13101940191162184
5756,-0.4733075054091705
5757,-0.293458409715014
5758,-0.9543755192728116
5759,-0.28679533483036995
5760,-0.8557105073122644
5761,-0.19163328092010007
5762,-0.9650296337706007
5763,0.0412496788058786
5764,0.8093072179152704
5765,0.5495253312968796
5766,4.766356527359577
5767,0.959628462332771
5768,4.904999174341227
5769,0.7807941528668947
5770,0.6384446615091747
5771,0.2510101478322973
5772,-0.8829057312464745
5773,-0.10117641620092295
5774,-0.6509301159051522
5775,-0.2499496719653412
5776,-0.9212009988307671
5777,-0.22691985223556668
5778,-0.6662518417955832
5779,-0.0875034147731788
5780,-0.5761598187628578
5781,0.12486766799978594
5782,0.2085513594027322
5783,0.36004228232639757
5784,2.173616799009855
5785,0.513290516804524
5786,3.1877664173895406
5787,0.3998710718720686
5788,1.3956410289579402
5789,0.13190364441130437
5790,-0.7669118411814301
5791,-0.0339947932745449
5792,-0.8678537878729967
5793,-0.059428241619459504
5794,-0.9149809786584736
5795,0.02844687035754463
5796,-0.2815298726281987
5797,0.211577942936757
5798,1.4345831968879441
5799,0.33923321348965185
5800,1.5731867747307149
5801,0.3374598798629929
5802,0.7536640394618896
5803,0.23993119101938146
5804,0.07160661151602543
5805,0.0978183755658472
5806,-0.5335560702618727
5807,-0.04845747833565587
5808,-0.8514092331413469
5809,-0.10865523533779226
5810,-0.7586319011340644
5811,-0.047758670238340274
5812,-0.8891572782194209
5813,0.14755402557008898
5814,-0.3342554298441314
5815,0.4890625427198996
5816,2.2488704521373664
5817,0.7645679522705023
5818,3.9953212292320175
5819,0.6871855922763668
5820,1.5906781828212357
5821,0.33952609355106933
5822,-0.6351121578510536
5823,0.1020580821892371
5824,-0.6066072488699399
5825,0.01753269311641347
5826,-0.8222360122026361
5827,-0.00013031687596809854
5828,-0.5735463972578864
5829,0.05168315449516807
5830,-0.00965420499775105
5831,0.16398843943850483
5832,0.21578488657105507
5833,0.3618441693410266
5834,0.9008069672178545
5835,0.5975924514598192
5836,2.0914592140443866
5837,0.706250087554446
5838,2.0071154436373644
5839,0.5505100991019479
5840,0.06554129784706957
5841,0.24768775709653323
5842,-0.6353373165559931
5843,0.14737509909188437
5844,-0.45031812183112135
5845,0.1823751233475092
5846,-0.610457603490823
5847,0.3154075461022203
5848,0.9321363313085831
5849,0.48327625726264395
5850,1.9213578070245925
5851,0.5369885275232883
5852,1.1838114733360114
5853,0.5033387793649611
5854,0.7091679334253126
5855,0.4136987218797341
5856,0.1482154080052164
5857,0.29309302916904323
5858,-0.4596888407465258
5859,0.22752155298029256
5860,-0.35270824898779785
5861,0.19092721335916538
5862,-0.19196626195247654
5863,0.2193055179514859
5864,-0.6163260779287393
5865,0.4377346163225226
5866,1.4021701391884687
5867,1.0492782227309834
5868,6.399068718236595
5869,1.5165227821724312
5870,6.012856574678984
5871,1.2454156602790893
5872,0.6143564661851125
5873,0.662848783625386
5874,-0.5685606240388568
5875,0.35615608392795867
5876,-0.11873061051292882
5877,0.29096333461732327
5878,-0.36065810610749716
5879,0.4023499583528878
5880,0.5195968226067815
5881,0.5276613619830957
5882,0.5118479034750363
5883,0.6095818686703127
5884,0.3378231321189718
5885,0.7995300740516047
5886,2.503545975088023
5887,1.0487391056106954
5888,4.574998828029993
5889,1.0364338217932312
5890,2.5285961332591733
5891,0.7332885783909996
5892,-0.35457973627364614
5893,0.45943404507672203
5894,-0.002859192656907104
5895,0.363598066758404
5896,-0.24880920703164047
5897,0.44531581572786694
5898,0.8549478411433302
5899,0.7733836648474575
5900,3.2992712320352706
5901,0.9276152998308248
5902,1.9242264337562356
5903,0.7265631259899132
5904,-0.020341730275400746
5905,0.4854030953175414
5906,0.22331799457705978
5907,0.35181249532700243
5908,0.25136539309718714
5909,0.3810825371392186
5910,0.0777767613593968
5911,0.4768221883591241
5912,0.40733488265568607
5913,0.49927822615571077
5914,0.11796107872829936
5915,0.4616388885268517
5916,-0.6607925402993446
5917,0.5841915094239448
5918,1.9528443636455972
5919,0.9450882333464904
5920,5.301161987404324
5921,1.0585266297902491
5922,2.871231828022293
5923,0.7639617088952437
5924,-0.2988670123283978
5925,0.4801202162997534
5926,-0.01781808609568371
5927,0.3490228794995496
5928,0.19779891096010438
5929,0.35726444470010427
5930,0.3663681174906195
5931,0.43068432151859887
5932,0.6226177837037165
5933,0.4842175719465747
5934,0.06967786595319747
5935,0.44712968959684213
5936,-0.04214804494230707
5937,0.43809304357237705
5938,1.0467525330483636
5939,0.5323242375893373
5940,1.7692213160870274
5941,0.5585189820691278
5942,0.5310593999936805
5943,0.4173739040971955
5944,-0.13901384197938302
5945,0.3329830574488996
5946,0.2923503011415907
5947,0.3478013470217476
5948,0.21717840678956435
5949,0.431079161371102
5950,0.8677548054945013
5951,0.45931011929711674
5952,1.0770161227907096
5953,0.3965209104267591
5954,0.21110687043982612
5955,0.2972965229438619
5956,-0.30783586686010583
5957,0.223042763856507
5958,-0.25154593410272647
5959,0.1942536259267406
5960,0.0012344100981855645
5961,0.2870533593883186
5962,0.35813643131655754
5963,0.3521467208542214
5964,0.5427749892011015
5965,0.3523402637183355
5966,0.14743247841008017
5967,0.34898468192281784
5968,0.03871745918738719
5969,0.5210544973443982
5970,1.8556131930051507
5971,0.7076352440574006
5972,2.8918628757726332
5973,0.6053304435157585
5974,0.7972561787087987
5975,0.3216425469145603
5976,-0.7450717759046656
5977,0.20795856968339163
5978,-0.02724254216204608
5979,0.2748633100147706
5980,0.5760664832769833
5981,0.4190359479125486
5982,1.2433081243864417
5983,0.3896014698599521
5984,1.0471594129673412
5985,0.26460746950798947
5986,-0.11109413889087741
5987,0.23572586113303104
5988,0.02236736221620654
5989,0.378831687541113
5990,1.1479101838885715
5991,0.5148597431889663
5992,1.241451818051306
5993,0.4442852246714533
5994,0.13721016872325825
5995,0.2712161250785954
5996,0.04673946844444169
5997,0.2205153289759445
5998,0.5185768259891388
5999,0.3244515964935091
6000,0.7178846968270703
6001,0.5652055350248821
6002,1.8016388413272137
6003,0.5834276441599169
6004,1.5999259396115788
6005,0.34232404486151835
6006,-0.12161269832655297
6007,0.10971508451254985
6008,-0.7854239468266806
6009,0.10712187010350807
6010,-0.27056280694904833
6011,0.2724293460969925
6012,0.4809806082563488
6013,0.34676268768194185
6014,0.8700347315273169
6015,0.2967998436312879
6016,0.770825932344774
6017,0.24307424102386013
6018,0.21202985980062913
6019,0.25729679381288356
6020,0.047313452367155076
6021,0.43878215066284487
6022,1.4698086434032107
6023,0.5733363474376446
6024,2.393568370271112
6025,0.4816029550801526
6026,0.9021591351225108
6027,0.3029929553070078
6028,-0.14242005421600742
6029,0.27748302742894915
6030,0.6224023562751128
6031,0.36615258035883164
6032,1.0292676723170742
6033,0.3585512506057486
6034,0.8051324816965745
6035,0.2249328289254027
6036,0.2530222289852452
6037,0.11054565320679792
6038,-0.3268419105126814
6039,0.07083802095638829
6040,-0.45865581123243077
6041,0.12789480023441316
6042,0.09660596072962246
6043,0.2441723008243393
6044,0.7093907476515472
6045,0.2825080366444702
6046,0.586795062002546
6047,0.24120849982927114
6048,0.5906307573455158
6049,0.17074494813304933
6050,0.6059967016802246
6051,0.12640043533842177
6052,0.1516155393626666
6053,0.10279132363835693
6054,0.010890679527783576
6055,0.03899979773432725
6056,-0.25853397578449305
6057,0.015634514319448848
6058,-0.5625991884834023
6059,0.026749967654562418
6060,-0.3091342214760725
6061,0.07117830519934269
6062,0.24339243298221294
6063,0.1546197626390662
6064,0.7359799834555962
6065,0.1544298874423339
6066,0.7375990744319934
6067,0.09085241688757513
6068,0.2807141421466604
6069,0.010626641668509998
6070,-0.16721059202336896
6071,-0.03737127507705409
6072,-0.4516861442030482
6073,-0.038224060205733636
6074,-0.314848236236284
6075,0.01795774882189148
6076,0.06988161727617516
6077,0.1472777387395845
6078,0.30035408011271947
6079,0.205200072625949
6080,0.6194589998698941
6081,0.16289880450814512
6082,0.7560074999076373
6083,0.09420124803071206
6084,0.5200889185044761
6085,0.002764428787496709
6086,0.036316938000085834
6087,-0.10661651466141477
6088,-0.5408581181678677
6089,-0.15770584057956843
6090,-0.6791580766515479
6091,-0.11825182824633855
6092,-0.5214174936035633
6093,-0.018821681962594036
6094,-0.157579386944276
6095,0.08911276404700982
6096,0.31184127639437775
6097,0.15047721351700497
6098,0.37961996064259146
6099,0.09896996426096079
6100,0.42024589286600733
6101,-0.017673152741125204
6102,0.27590887816482107
6103,-0.103195556000499
6104,-0.2308116886178474
6105,-0.13622582128325553
6106,-0.4771507805276685
6107,-0.16055336745958987
6108,-0.5685972216494399
6109,-0.09377296787127337
6110,-0.5053140132810194
6111,-0.005781996471818436
6112,-0.16006608542662293
6113,0.07117717228720341
6114,0.28772982596149704
6115,0.09288517045739351
6116,0.5313013955939617
6117,0.048527462299652345
6118,0.25706428809244525
6119,-0.047229846566901434
6120,0.032340444485601236
6121,-0.12814754571839584
6122,-0.11357059059002432
6123,-0.1452526933060298
6124,-0.5939345410361242
6125,-0.10223216626438693
6126,-0.36826732554703645
6127,-0.06431013165376243
6128,-0.05001550294074466
6129,0.01826629036532067
6130,-0.07551786439761796
6131,0.08686757182205783
6132,0.5285094945046925
6133,0.14810613706326678
6134,0.7298732601406838
6135,0.07829429697783412
6136,0.07135589591573874
6137,-0.0709691914331603
6138,-0.4405246711986059
6139,-0.18562095662508502
6140,-0.5522231384520403
6141,-0.1903752240953988
6142,-0.44596263273210485
6143,-0.13853564569528942
6144,-0.4704353206266955
6145,-0.03954409142344869
6146,-0.0329306770705951
6147,0.03669662219944799
6148,0.2675068286699099
6149,0.07285879868467693
6150,-0.007779216692599767
6151,0.0398198964779852
6152,0.15485722796548104
6153,0.0036515559357897347
6154,-0.026959305505324382
6155,-0.11737346956234228
6156,-0.714424722423031
6157,-0.2308947116129377
6158,-0.7443548769741699
6159,-0.23847734512405025
6160,-0.4052324624907675
6161,-0.1252415643755099
6162,-0.1190656900424374
6163,-0.03560315149767262
6164,-0.013072988298418735
6165,0.04516608970608845
6166,0.12999053915372785
6167,0.05575033716758627
6168,0.07036409263013299
6169,0.007061719738533527
6170,-0.3597476466891583
6171,-0.0558234560274572
6172,-0.2194536447178693
6173,-0.07314448022235513
6174,-0.04798118513034009
6175,-0.10772164342205681
6176,-0.2692619294786576
6177,-0.10034790645048809
6178,0.14769954692925344
6179,-0.066251444365083
6180,0.2913844652486164
6181,-0.014923108269343786
6182,-0.080880987003615
6183,0.02197187405656607
6184,0.14873940261997776
6185,0.08728651955296328
6186,0.21239482950442837
6187,0.038908356055170054
6188,-0.2600486987199287
6189,-0.07171232167926302
6190,-0.3329857439782065
6191,-0.11630891319892032
6192,-0.08194971777477496
6193,-0.0737896744934042
6194,-0.020339594377949265
6195,-0.05715217922668151
6196,0.03227461282058104
6197,-0.05175037172117866
6198,0.15270525218211292
6199,-0.0630516236287519
6200,-0.27404202567771685
6201,-0.06767844515833558
6202,-0.5901365324329795
6203,-0.08170984317240035
6204,-0.28149644700087184
6205,-0.050976774367952005
6206,-0.22933569124795603
6207,-0.06846864623646766
6208,-0.14483648695979945
6209,-0.092763397814262
6210,0.3107093747692328
6211,-0.05583796642283694
6212,0.2713233915322802
6213,-0.009213574545243328
6214,-0.07846046569582749
6215,-0.04124256644508683
6216,-0.1530319611693272
6217,-0.04910195272736564
6218,-0.17463513949717
6219,-0.06555791206569433
6220,-0.4854169254653407
6221,-0.09033509042547466
6222,-0.4440489200884559
6223,-0.06346349512174654
6224,0.17890006578571402
6225,0.026372148012982093
6226,0.41827277521151135
6227,0.06368378420875442
6228,0.5241739159192532
6229,0.06069561475925325
6230,0.7721834492070532
6231,0.020722504120126693
6232,0.13652887440722403
6233,-0.04110505439003727
6234,-0.5718674589081274
6235,-0.08741560447374848
6236,-0.2955318638483304
6237,-0.037726640226171865
6238,-0.12060083514418941
6239,0.0002863286806182788
6240,-0.12685747444477113
6241,0.039242011227347766
6242,0.5605965204898223
6243,0.09906693648053407
6244,0.976913472636832
6245,0.10307673836515119
6246,0.35218873733505024
6247,0.03315225247006688
6248,0.004271411170571477
6249,-0.04364277091627352
6250,0.003630176686376335
6251,-0.11571310222851708
6252,-0.641427056822385
6253,-0.11439393751568921
6254,-0.8084569692423563
6255,-0.05324541746947848
6256,-0.027485435456080013
6257,0.03570732891820843
6258,0.19575407586693244
6259,0.06218245227508353
6260,0.4250435229429699
6261,0.1018331860405947
6262,1.229249458309705
6263,0.1670564503915175
6264,0.9848547713312642
6265,0.10664041953617588
6266,-0.19873269934650475
6267,-0.03140757040661085
6268,-0.544651480997193
6269,-0.07814211998355751
6270,-0.4193757812471893
6271,-0.06999293635021721
6272,-0.5763650456191899
6273,0.008703131839715527
6274,0.04243818769622209
6275,0.14274200233125434
6276,1.1545474958850368
6277,0.2162145072022796
6278,1.00870606704015
6279,0.15916397775724636
6280,0.6186356078205926
6281,0.11674210695651688
6282,0.7567260559985994
6283,0.12547330693895264
6284,0.14264862610069504
6285,0.06848224639407241
6286,-0.5300083704573734
6287,0.019112263175763828
6288,-0.1926753265832709
6289,0.08588151183877511
6290,0.12968679959216312
6291,0.1440675424754428
6292,0.30190507907790815
6293,0.18600215673189044
6294,0.9944237919310223
6295,0.2165862149478192
6296,1.2452700722035737
6297,0.16009341342656513
6298,0.44538297214572276
6299,0.035666765893606414
6300,-0.17479575159399618
6301,-0.054107359814915296
6302,-0.4288733392226265
6303,-0.06509726096155681
6304,-0.7175424167681298
6305,-0.0031060574739904864
6306,-0.42568588185625456
6307,0.0870719817337659
6308,0.20340665844472627
6309,0.16404822444441797
6310,0.45227491261785246
6311,0.1583033781804467
6312,0.6389686841650309
6313,0.12493023038197272
6314,0.6749302017418299
6315,0.08927099401353267
6316,0.1607260626682963
6317,0.02717471649453035
6318,-0.3667383165560942
6319,-0.017670560953554473
6320,-0.5023192486668067
6321,-0.006576003684758385
6322,-0.3994874782653565
6323,0.05224595792032715
6324,-0.025713400756759902
6325,0.1411870431039887
6326,0.47491228335781743
6327,0.19796266653939612
6328,0.77061281996783
6329,0.2203072714910372
6330,0.768727826599876
6331,0.17213365860430993
6332,0.5142476399932564
6333,0.09514433739875201
6334,0.015284740891199015
6335,0.028716428528638104
6336,-0.4517972426647571
6337,-0.0140862321659122
6338,-0.5390873467989185
6339,0.008567990970340925
6340,-0.2327101278991468
6341,0.10037576282798656
6342,0.25160696969949997
6343,0.18507339938125672
6344,0.6772384384586569
6345,0.22282918628542525
6346,0.8120959009151659
6347,0.20382306815236007
6348,0.6088878569135271
6349,0.1505480061250747
6350,0.11660344710690874
6351,0.03838506518348967
6352,-0.40501161252492096
6353,-0.06045562704172516
6354,-0.6639806924173438
6355,-0.07868710347921053
6356,-0.6328931283477375
6357,-0.018682129028535725
6358,-0.32087007913807897
6359,0.08514487273396525
6360,0.2967031205987195
6361,0.20165482657805642
6362,0.9194890925271206
6363,0.2664930943002946
6364,1.2044318599834116
6365,0.2526112621421039
6366,0.8184526412206831
6367,0.13189196168924205
6368,-0.10034017007901957
6369,-0.01815510173145223
6370,-0.7394668649811015
6371,-0.1019605407260572
6372,-0.8551209407985828
6373,-0.08954470933787273
6374,-0.6282967921522828
6375,0.026286295160755504
6376,0.09926600112094222
6377,0.20169731229027182
6378,1.0171670901463814
6379,0.31398292110523124
6380,1.4015884812049781
6381,0.323024284219252
6382,1.18214756294642
6383,0.23788515180877925
6384,0.661869432458619
6385,0.10941847867896289
6386,-0.23044517816483845
6387,-0.06069813476887495
6388,-1.1103591994755029
6389,-0.15167000912157805
6390,-1.0585919569371924
6391,-0.061934918541273865
6392,-0.26791892765174224
6393,0.12362677848310555
6394,0.6677158036615497
6395,0.3110336788311109
6396,1.539453371271968
6397,0.4113819143705622
6398,1.786881318103262
6399,0.3553586852287267
6400,1.1087621916004966
6401,0.17943166939209207
6402,-0.029755499037081953
6403,-0.042481379766666987
6404,-0.9835956548559167
6405,-0.16835637879304777
6406,-1.3067270042561978
6407,-0.15066272370253248
6408,-0.9428018085382347
6409,0.006939929741694723
6410,0.09801224186787331
6411,0.23676098688747857
6412,1.3924865592765352
6413,0.38791719557722604
6414,1.991285257426077
6415,0.3758078125329929
6416,1.4648727035896745
6417,0.2216706930714383
6418,0.2918432590012702
6419,0.01702351591932755
6420,-0.747569683915434
6421,-0.12413368005390618
6422,-1.2402416964098497
6423,-0.13521750646667322
6424,-1.0295878257740723
6425,-0.010998611048274133
6426,-0.13363608605784136
6427,0.16973040991556232
6428,0.8589404307571472
6429,0.29211928313948915
6430,1.3512277888221025
6431,0.30070859511526854
6432,1.2975641176622006
6433,0.21152803757921146
6434,0.8119125353873319
6435,0.08899475529745662
6436,0.015401926943642568
6437,-0.018306897779762726
6438,-0.8039548628365307
6439,-0.08612858696210503
6440,-1.0657443785473888
6441,-0.06699619506596498
6442,-0.5039803381583919
6443,0.04947848470633633
6444,0.31903996899886666
6445,0.180291905932869
6446,0.9090784839767723
6447,0.26611602787961947
6448,1.1428255414964856
6449,0.24437422371340903
6450,0.843744101024301
6451,0.1211629655823276
6452,0.10773440870834633
6453,-0.03074247583596981
6454,-0.5779262440065754
6455,-0.10795619491353348
6456,-0.8398232465047941
6457,-0.0839136340470371
6458,-0.6178350051370595
6459,-0.00440232870654371
6460,-0.10318939268281552
6461,0.0963165412443194
6462,0.5210261349521413
6463,0.19796330704887996
6464,0.9295506815770705
6465,0.2274135052903046
6466,0.8921817837663563
6467,0.16739943395093185
6468,0.3839061346085403
6469,0.036427769396474415
6470,-0.3142062535027453
6471,-0.0802128488678185
6472,-0.7463288737651963
6473,-0.11741854355881097
6474,-0.6538314856716716
6475,-0.043361419729148726
6476,-0.1730013917344246
6477,0.08944744746709973
6478,0.4163740582742686
6479,0.19534961713149784
6480,0.72383817026921
6481,0.2191685086987253
6482,0.7017798366502463
6483,0.18169216429984406
6484,0.45691053874302096
6485,0.09780617934100666
6486,0.0492999217363289
6487,0.0030888711651035133
6488,-0.37387386192007055
6489,-0.0669446540889987
6490,-0.5049032662358498
6491,-0.056205240985822115
6492,-0.22022623657158957
6493,0.03241791030264256
6494,0.25380185683676554
6495,0.1490878528126529
6496,0.5709520196867351
6497,0.22929902977613634
6498,0.6929896249914834
6499,0.2512329915065759
6500,0.6418564210621451
6501,0.18305436788002963
6502,0.26956564882819395
6503,0.036909036763085816
6504,-0.34689214117185924
6505,-0.10021896951080343
6506,-0.7072430907336801
6507,-0.11005010638212416
6508,-0.4411321503256931
6509,-0.009245872284046296
6510,0.07029320270310013
6511,0.10937949023867656
6512,0.4511899949826925
6513,0.2152719307985311
6514,0.7657393329902967
6515,0.31171000687187805
6516,0.9859941685324459
6517,0.31150496698712604
6518,0.7208453178113315
6519,0.1583368600233343
6520,-0.0185705170030181
6521,-0.05393835962220139
6522,-0.7008645018939962
6523,-0.14938393624110852
6524,-0.7021101769899399
6525,-0.08552614060226582
6526,-0.2015883369813751
6527,0.04972417016104413
6528,0.3048679045389909
6529,0.16498780623944487
6530,0.5147856018849566
6531,0.23525344208022222
6532,0.6208988756338536
6533,0.2558025367549626
6534,0.6299402901660262
6535,0.2043567087886611
6536,0.38003981176113594
6537,0.07854041784200073
6538,-0.16410645145977343
6539,-0.04658170113584577
6540,-0.49395699718939845
6541,-0.08385303992818627
6542,-0.37292192079232345
6543,-0.013491948407190537
6544,0.060527175025280745
6545,0.10126521496371475
6546,0.3634587745948803
6547,0.19311286580991768
6548,0.5394370516721226
6549,0.2320475177667699
6550,0.5811576603456861
6551,0.2009241211566629
6552,0.40952761332081267
6553,0.09948204556434244
6554,-0.08181287405179609
6555,-0.026830512301432918
6556,-0.5011231892129635
6557,-0.09784424459353908
6558,-0.5459607717397374
6559,-0.0745594784503132
6560,-0.19893159477379985
6561,0.009102621202690493
6562,0.1519896415878712
6563,0.1018346861423219
6564,0.4349046475217068
6565,0.18204510021792197
6566,0.5906114196274157
6567,0.21843792103683884
6568,0.5439144815296326
6569,0.16820968000282932
6570,0.12979160739509857
6571,0.042015897112727
6572,-0.33831106529693994
6573,-0.06832253351145227
6574,-0.5270629914190985
6575,-0.09137503688016213
6576,-0.3054513168430852
6577,-0.04146173555299673
6578,0.006234419268053484
6579,0.024544385424195903
6580,0.257224902118216
6581,0.08440464778298801
6582,0.3536935579900407
6583,0.1284038383763534
6584,0.3417200894075515
6585,0.1352182537956166
6586,0.1270574686190305
6587,0.08108664437296538
6588,-0.16892822096453622
6589,-0.007720592641097896
6590,-0.37815079071616586
6591,-0.07093958053019811
6592,-0.2870430896301327
6593,-0.06608800432795393
6594,-0.014480028179460931
6595,-0.008745879096474049
6596,0.2858869235275698
6597,0.0627532914662318
6598,0.40774091830454257
6599,0.11519903325942073
6600,0.35802609827875975
6601,0.12575034341206928
6602,0.09274061467309937
6603,0.07327593954612265
6604,-0.2595352035360938
6605,-0.0181561862771187
6606,-0.5291698427766383
6607,-0.08991072742558842
6608,-0.475302847365918
6609,-0.09500807298743691
6610,-0.14371059629355126
6611,-0.04164589476410047
6612,0.30058400671357544
6613,0.04086228773467359
6614,0.5856114020884641
6615,0.1158300137798773
6616,0.5962896837380461
6617,0.1457416102651943
6618,0.2741194697310877
6619,0.09849642146048403
6620,-0.21048038885704162
6621,-0.00246163726629242
6622,-0.6166984782622664
6623,-0.09498824900621784
6624,-0.670718603905772
6625,-0.12013595093591252
6626,-0.35857380045135107
6627,-0.0745528431237437
6628,0.16525229602318836
6629,0.013266866239847562
6630,0.5877239723506774
6631,0.09146406479190888
6632,0.6844434732374866
6633,0.12371407504788216
6634,0.3848674171024713
6635,0.09179434898388555
6636,-0.10577565103564891
6637,0.02027295075601773
6638,-0.5448149270196977
6639,-0.05816836918464561
6640,-0.7073714186638672
6641,-0.09843377296782617
6642,-0.4926742119700664
6643,-0.08060559948170627
6644,0.044436644911225336
6645,-0.0030041275308591176
6646,0.5933998945334797
6647,0.08586108275746973
6648,0.8365466877114336
6649,0.13124543613665945
6650,0.6164497079313024
6651,0.08955784092177939
6652,0.048025610258049835
6653,-0.00641365855120618
6654,-0.5814105887161009
6655,-0.09587441533447685
6656,-0.9148661913867399
6657,-0.12235415508402002
6658,-0.7808112554752906
6659,-0.09148904748793524
6660,-0.24561668991856286
6661,-0.014942362006241619
6662,0.41235300138387176
6663,0.07314788717935879
6664,0.8743381299362677
6665,0.1388585091953169
6666,0.8916253770867951
6667,0.12993203249784543
6668,0.4549523724943773
6669,0.04882809937683435
6670,-0.22123993318375704
6671,-0.06313053224747302
6672,-0.7612999026442061
6673,-0.1287486407018342
6674,-0.8838499483660901
6675,-0.1215392929659903
6676,-0.5365675585707743
6677,-0.051524400605956026
6678,0.06143693743300871
6679,0.032289176338248134
6680,0.6075180300800314
6681,0.09640732014328206
6682,0.7980691010200643
6683,0.10057935794428005
6684,0.5452780692065686
6685,0.046285113915535386
6686,-0.0021236714353578714
6687,-0.03496529554430022
6688,-0.510592154246028
6689,-0.08705626514365188
6690,-0.7340441386931692
6691,-0.09380600678390319
6692,-0.5460527223020953
6693,-0.053921559106395074
6694,-0.07478702800323923
6695,0.013373865598877559
6696,0.43756169007676265
6697,0.08217750734423389
6698,0.705676189236919
6699,0.10394500902322085
6700,0.6200527516754244
6701,0.05942717297035699
6702,0.1852208151347102
6703,-0.027383733075970817
6704,-0.3513471518903683
6705,-0.09663373702210375
6706,-0.7010544248134224
6707,-0.11480315237026074
6708,-0.6543263369026402
6709,-0.08352743043360643
6710,-0.2912655109718524
6711,-0.024274760206684152
6712,0.20565228103375838
6713,0.04687808983488796
6714,0.5834128587307481
6715,0.10097153511670821
6716,0.6834690818040629
6717,0.10211285978223285
6718,0.4333260038521506
6719,0.03861512460147048
6720,-0.046471317303761674
6721,-0.051676455205820926
6722,-0.5029395343847384
6723,-0.11187913164098838
6724,-0.6737771554349683
6725,-0.11155762092838352
6726,-0.4651843295863341
6727,-0.0599313815213795
6728,-0.02131331962631089
6729,0.013455959038497306
6730,0.43686867175910754
6731,0.07584891742069669
6732,0.6408502204024539
6733,0.09685474939618363
6734,0.5221285221676919
6735,0.06358660576476811
6736,0.10104850645869126
6737,-0.007362103427069251
6738,-0.34672536964688305
6739,-0.07530424832531799
6740,-0.6502735927344367
6741,-0.10311024483711544
6742,-0.5435224871995397
6743,-0.07660633310861431
6744,-0.15774115573441042
6745,-0.009624013295101149
6746,0.3860692663298795
6747,0.06639160520349426
6748,0.6787519104216824
6749,0.11124347892428081
6750,0.7048197361997319
6751,0.09480158582536471
6752,0.29402369702358366
6753,0.020653381581955114
6754,-0.2279213621920674
6755,-0.06679440268439611
6756,-0.7474529090704173
6757,-0.11410746610288912
6758,-0.7697391263897777
6759,-0.09657994093418505
6760,-0.43578941467532467
6761,-0.027117216395997238
6762,0.25440611970226074
6763,0.05996546457718374
6764,0.7125824827540505
6765,0.12509716270903595
6766,0.9306032448549492
6767,0.1351264241324593
6768,0.5995552356535582
6769,0.07918600835966985
6770,0.09131444899042619
6771,-0.017730019729618775
6772,-0.5944414906816952
6773,-0.10050455577450236
6774,-0.8471299218121158
6775,-0.11874253511478128
6776,-0.7254513415186006
6777,-0.06314568395497376
6778,-0.059800036043757616
6779,0.03013383364519323
6780,0.5224423938727575
6781,0.10951468930581487
6782,0.9255074097830954
6783,0.13759469670618082
6784,0.7400262611844496
6785,0.10307257208632628
6786,0.3159911631439468
6787,0.022886461140404598
6788,-0.35379015550342835
6789,-0.060637681334135295
6790,-0.7329173116202927
6791,-0.09714406438865869
6792,-0.7814586406360639
6793,-0.06180427194050211
6794,-0.25227685517273185
6795,0.02359542671404137
6796,0.36835350763639574
6797,0.10398792027668469
6798,0.8503018861964289
6799,0.1340759470507964
6800,0.8109932888057301
6801,0.10456183870663609
6802,0.44570959475556227
6803,0.037318313657417466
6804,-0.1634201704759181
6805,-0.037630569268899475
6806,-0.6345019379464272
6807,-0.08594452736510227
6808,-0.7879137240639976
6809,-0.07817688090841196
6810,-0.46448043526129923
6811,-0.010471573971129985
6812,0.10004248402639926
6813,0.0753790122916931
6814,0.5839810729879279
6815,0.12546670234539212
6816,0.7444028338364896
6817,0.1162986555839949
6818,0.5549595969282936
6819,0.06652667045865603
6820,0.1709771831180327
6821,0.0030842221005794347
6822,-0.2910020395095843
6823,-0.04822797532049824
6824,-0.5626785907384886
6825,-0.06504915883469133
6826,-0.5592682821755764
6827,-0.03372234912438869
6828,-0.1948588683025606
6829,0.026678436598187288
6830,0.2022864581028329
6831,0.07952436087430374
6832,0.5031701471072174
6833,0.09519941305090929
6834,0.4758859920413872
6835,0.07292725473692876
6836,0.31061918127009064
6837,0.02578041816445158
6838,-0.04141847965247038
6839,-0.023658962148191343
6840,-0.30301203688869255
6841,-0.05272893392254462
6842,-0.4714188299146808
6843,-0.04138707080407949
6844,-0.2991972161262137
6845,0.004543920428326743
6846,-0.03407847639752045
6847,0.05742745370652228
6848,0.2939666994101328
6849,0.0842013183016278
6850,0.3978328771961123
6851,0.0763705924942235
6852,0.39363816554785847
6853,0.042987089943237224
6854,0.1449098600808855
6855,0.0008002166211989134
6856,-0.12774007727529707
6857,-0.03763088965518089
6858,-0.40467822904221223
6859,-0.05330580549427537
6860,-0.4057048879511813
6861,-0.03396110698799417
6862,-0.23801163744899642
6863,0.014375653688921975
6864,0.09161632885974018
6865,0.0620290142884668
6866,0.328619073340056
6867,0.08507602645618473
6868,0.4688776999293028
6869,0.07474067120217909
6870,0.3576008483551017
6871,0.037902830065290175
6872,0.0823934703902121
6873,-0.0132681498805392
6874,-0.28171769166204275
6875,-0.05320487354751752
6876,-0.4542547771567029
6877,-0.05886039573148403
6878,-0.38730684592742337
6879,-0.02355633916723106
6880,-0.10201441069531758
6881,0.03259137633089653
6882,0.22163576852983716
6883,0.08204371682603417
6884,0.47667484241525276
6885,0.09781972997000249
6886,0.4966291178168393
6887,0.07045222709071426
6888,0.2480401424733332
6889,0.011670973758953408
6890,-0.14819769513783956
6891,-0.04324535349270683
6892,-0.4268176517616632
6893,-0.06497159069337687
6894,-0.4435119517361295
6895,-0.04371438703161856
6896,-0.22014825225021808
6897,0.006177198414333434
6898,0.12585243312240924
6899,0.06431269675429503
6900,0.4471568805543997
6901,0.10193662040496602
6902,0.5654976604682908
6903,0.09616153413447032
6904,0.36921210296701695
6905,0.042221860102450076
6906,-0.03534761768068986
6907,-0.027324208396764724
6908,-0.38549186680513103
6909,-0.06956346028016791
6910,-0.47221864328565716
6911,-0.059099332866289794
6912,-0.2918514941145371
6913,-0.009463649773808099
6914,0.03432740101542362
6915,0.0523496675147026
6916,0.36199611404965915
6917,0.09649357935271723
6918,0.5489000127967428
6919,0.10329685666781341
6920,0.4657857149437352
6921,0.062391044768013625
6922,0.12047818952549505
6923,-0.003678682825521169
6924,-0.26904400434121273
6925,-0.055776571625202796
6926,-0.4502333406280425
6927,-0.06307699384703892
6928,-0.3522822519665561
6929,-0.031045674236954025
6930,-0.08972577525197047
6931,0.02312714419091393
6932,0.2164926825833991
6933,0.07527789317689342
6934,0.44677559886955026
6935,0.10089750781016626
6936,0.46924176590551203
6937,0.0763603665966069
6938,0.22252229057172035
6939,0.015894013404681447
6940,-0.13048861299910133
6941,-0.040251518322660905
6942,-0.35493265361016535
6943,-0.056356013706757226
6944,-0.33985625473945685
6945,-0.03523402156583164
6946,-0.15528048457707722
6947,0.007376203993101489
6948,0.10448918814666429
6949,0.05153737169220958
6950,0.324802837095647
6951,0.07962415171445573
6952,0.3876192881634606
6953,0.07038001613075333
6954,0.22933016345331184
6955,0.027666271469142557
6956,-0.04196224145509362
6957,-0.022907834416212122
6958,-0.2515226754310808
6959,-0.048621773371714604
6960,-0.2874854794947426
6961,-0.04048353132969793
6962,-0.16967209770502312
6963,-0.005641122108892788
6964,0.028680122715224368
6965,0.035552829876228924
6966,0.2089422038597246
6967,0.06404660356500945
6968,0.28540315326209453
6969,0.0629397522491685
6970,0.20956244315370534
6971,0.03396391428840264
6972,0.027112479127939643
6973,-0.0067891038358333395
6974,-0.1510593028689409
6975,-0.03506482901453964
6976,-0.21916548066109245
6977,-0.03878346880787458
6978,-0.15690610509247765
6979,-0.018116530791632963
6980,-0.015192103172551305
6981,0.014519243038163307
6982,0.1254634515638782
6983,0.04401254658129653
6984,0.19777484469765746
6985,0.05402547839645238
6986,0.1604774656798383
6987,0.03890428407150812
6988,0.036218427452970534
6989,0.007372316974479479
6990,-0.09566451772319907
6991,-0.020750336987350584
6992,-0.1508763063478348
6993,-0.0311779639831061
6994,-0.11079915281012698
6995,-0.021158574718043
6996,-0.009156377901494872
6997,0.0020778523451408805
6998,0.09745521996200854
6999,0.02744186638013356
7000,0.15762150769307556
7001,0.041834441094756925
7002,0.12839431849536853
7003,0.03675611895112935
7004,0.022753702724783796
7005,0.015201674771093807
7006,-0.09157827288282808
7007,-0.009046616639792907
7008,-0.13635683540826798
7009,-0.022180745196673464
7010,-0.0951254813293967
7011,-0.019149577950865252
7012,0.001148457494832167
7013,-0.003372079591591723
7014,0.10057034773962398
7015,0.017022201616622584
7016,0.15795253468487616
7017,0.0320890142972127
7018,0.135736553992631
7019,0.033524397304113863
7020,0.040889709038205026
7021,0.020294004745999152
7022,-0.0738274503576296
7023,-1.5159563280498274e-05
7024,-0.14019534173326023
7025,-0.015806060328210445
7026,-0.12374187098474766
7027,-0.01873496488859228
7028,-0.03348476437565514
7029,-0.00812627393803824
7030,0.08450102498524448
7031,0.009305630792316494
7032,0.16453698268865333
7033,0.023908543869169754
7034,0.15992790079777372
7035,0.0288861698600463
7036,0.07344800761251624
7037,0.02251827068029293
7038,-0.040421444762687664
7039,0.008395079821004509
7040,-0.12399030123349197
7041,-0.0063197627842177416
7042,-0.13537009451146034
7043,-0.013234684214707831
7044,-0.07203965753563699
7045,-0.009242142656202762
7046,0.03983445307785097
7047,0.001883389738576982
7048,0.13465711374879655
7049,0.01257667862554284
7050,0.16220912414039004
7051,0.018445840094527346
7052,0.10380454838908226
7053,0.01772147086587506
7054,0.0011704262022327707
7055,0.011331184027159278
7056,-0.09503608516744434
7057,0.001751168738029601
7058,-0.13081032332457768
7059,-0.00547493931930161
7060,-0.09656980595037276
7061,-0.006614869728501332
7062,-0.0043682395168717246
7063,-0.0009737449651744983
7064,0.0906720511102197
7065,0.007220686989319365
7066,0.1417268491822933
7067,0.012936800380695569
7068,0.11313662104069759
7069,0.012253576903027703
7070,0.031454298431767926
7071,0.007008451754611023
7072,-0.05921396001111886
7073,0.0012550193830770096
7074,-0.1061102590240874
7075,-0.0017214410622643954
7076,-0.09805922467540955
7077,-0.0023834280568657737
7078,-0.03521378645053532
7079,-0.0007863474461239346
7080,0.046879941333817315
7081,0.0025699037352633755
7082,0.10766901390044586
7083,0.006430651077661197
7084,0.10479856599361603
7085,0.008070545092599463
7086,0.04883451351290153
7087,0.006990204061012511
7088,-0.025870392138912467
7089,0.0037532967555283857
7090,-0.07768309013623174
7091,-0.0005319728639131412
7092,-0.09256375031791746
7093,-0.004223046969815565
7094,-0.05946834247515712
7095,-0.004033231904035283
7096,0.009953967069015177
7097,0.0009000965097316232
7098,0.08216668364385891
7099,0.006818675902856533
7100,0.10813815689095951
7101,0.008882858879955689
7102,0.07407298705809172
7103,0.006510115451035363
7104,0.0036901857078714038
7105,0.0024655596227323015
7106,-0.0631714976386102
7107,-0.0017130256160065103
7108,-0.0993400888764906
7109,-0.005481843600231367
7110,-0.08657171257042394
7111,-0.006727846571058026
7112,-0.022493706179699747
7113,-0.002282570779378495
7114,0.06539177424080882
7115,0.006496311677925428
7116,0.12558571475960045
7117,0.013761683846424058
7118,0.11870565196092063
7119,0.013592704865167742
7120,0.04795070129366815
7121,0.005806833571893741
7122,-0.050663170847849597
7123,-0.0055802578840887405
7124,-0.1275628697830952
7125,-0.013994936340808818
7126,-0.14117881379035432
7127,-0.014503117275732573
7128,-0.07345922758392322
7129,-0.005468140917047624
7130,0.045071008798529114
7131,0.008187966567632448
7132,0.149585043387409
7133,0.01922805255728117
7134,0.17836901291887408
7135,0.021428016738396116
7136,0.11631787012456231
7137,0.013753342478595663
7138,-0.008052878941060474
7139,-0.0015432153379332228
7140,-0.1341755154474031
7141,-0.01701093808082849
7142,-0.19637519518476618
7143,-0.02373461191742013
7144,-0.15011818635172977
7145,-0.015689880943323405
7146,-0.01295843277926778
7147,0.002684267060638343
7148,0.1407515563498917
7149,0.020908727262783502
7150,0.2228308706440787
7151,0.02843643944641598
7152,0.19042107707108394
7153,0.022172920123124835
7154,0.05891183258235583
7155,0.004844976699492359
7156,-0.1066600454708415
7157,-0.01446902579310857
7158,-0.2212638853393172
7159,-0.025896454908208317
7160,-0.21585466545172277
7161,-0.022181453555233054
7162,-0.08659763381604196
7163,-0.005132173652572635
7164,0.09756905845920347
7165,0.017164985161952185
7166,0.23443545483376327
7167,0.0322630539529272
7168,0.2520800036461096
7169,0.03134630989212238
7170,0.140036880509607
7171,0.013250431996006224
7172,-0.04654732853514412
7173,-0.011144837827688669
7174,-0.21115836935605528
7175,-0.027687103354662762
7176,-0.2605735764548826
7177,-0.027228462883439154
7178,-0.16474039984568442
7179,-0.011950312736973707
7180,0.02208951681064475
7181,0.010461345748050317
7182,0.19592331638375424
7183,0.029280357647420232
7184,0.26851885840160467
7185,0.03564131013038489
7186,0.20695625624399744
7187,0.024685868561505928
7188,0.043180458661554906
7189,0.0018808914538638085
7190,-0.14084218623417974
7191,-0.02045864309611012
7192,-0.24630897383821818
7193,-0.029269700054080625
7194,-0.21371793188260568
7195,-0.02034886577469481
7196,-0.06310355459356413
7197,0.0010968436029186587
7198,0.11695164633018845
7199,0.022533371956663956
7200,0.22938466549209685
7201,0.03294309912470096
7202,0.2232634031609186
7203,0.027689638684662694
7204,0.11013701060543243
7205,0.010973406098066
7206,-0.05146944113281996
7207,-0.008931874132900012
7208,-0.18149936728667512
7209,-0.02239502555824624
7210,-0.21236054994743134
7211,-0.022652829837211706
7212,-0.12777034534710244
7213,-0.008769231239594598
7214,0.023358449763538198
7215,0.011623130073970016
7216,0.15706846709603103
7217,0.02716781028956494
7218,0.20800451266576492
7219,0.029748131371725575
7220,0.15782168186977352
7221,0.018966809758113157
7222,0.03476065815653172
7223,0.0005711489566657086
7224,-0.10278881234534568
7225,-0.01639971241082899
7226,-0.18507447000532215
7227,-0.023388014931072013
7228,-0.16843443849067147
7229,-0.016740615880706647
7230,-0.06283152707511093
7231,-5.4430124645030746e-05
7232,0.07156415189828719
7233,0.017817212239135155
7234,0.16748114430985583
7235,0.02798528603904674
7236,0.18147852739913672
7237,0.025224062430799398
7238,0.10867305642312383
7239,0.010842813894968162
7240,-0.020099925178837248
7241,-0.00801726886950967
7242,-0.14047150664293048
7243,-0.021404732397848972
7244,-0.18737495927487113
7245,-0.022819198781533438
7246,-0.13313400469149253
7247,-0.011510020716163989
7248,-0.009386764399637539
7249,0.00682702066082006
7250,0.11957585693886398
7251,0.023173265291935776
7252,0.18933731380230184
7253,0.028259306309897286
7254,0.16560553642360526
7255,0.019234641918185635
7256,0.05526396991813045
7257,0.0009095452826847057
7258,-0.08718929244124644
7259,-0.016668446420626103
7260,-0.18623810063147933
7261,-0.025209512478646143
7262,-0.18532670748440733
7263,-0.02020382672316818
7264,-0.08435435534211455
7265,-0.003793774895361403
7266,0.06419117932365127
7267,0.016192096311393785
7268,0.18196197485830118
7269,0.028370710669323566
7270,0.2068161284430208
7271,0.026130015307116606
7272,0.12205454835760077
7273,0.010473296128681487
7274,-0.029280388328799107
7275,-0.010082094189408024
7276,-0.16597442841853874
7277,-0.025163469624865292
7278,-0.21166584131273902
7279,-0.025936168289908457
7280,-0.14128056197196479
7281,-0.01167204582209877
7282,0.0070916531435698945
7283,0.009869745657376939
7284,0.153815006820856
7285,0.02629273156325833
7286,0.22152259546780986
7287,0.029798221914036218
7288,0.17265760568205865
7289,0.01891730459190634
7290,0.03136329235252152
7291,-0.0012035918261768393
7292,-0.12631414187409631
7293,-0.0212350399272649
7294,-0.21205979889204218
7295,-0.029279792035861823
7296,-0.17883474845591812
7297,-0.01966313697189785
7298,-0.047924843071834776
7299,0.002455885547203193
7300,0.10650027255618144
7301,0.023415650416055138
7302,0.2027147470417192
7303,0.032038841312507345
7304,0.19269857977326885
7305,0.02474578917844948
7306,0.08435030095823055
7307,0.0064191722393871845
7308,-0.06333314020977307
7309,-0.013743407177287581
7310,-0.16993119994916184
7311,-0.02514932888797677
7312,-0.17954787833708452
7313,-0.021916935331581244
7314,-0.09172496547405656
7315,-0.005630399348001652
7316,0.0413320056048039
7317,0.01467855099979803
7318,0.14798669346252133
7319,0.028292758561266285
7320,0.17421288835612284
7321,0.02767669478232977
7322,0.10999247812877104
7323,0.013407159021901814
7324,-0.006650094693423614
7325,-0.006203697190786295
7326,-0.1099508804251802
7327,-0.019528728549687457
7328,-0.14589202363013354
7329,-0.019847088936282602
7330,-0.10195084138607256
7331,-0.008431974982444879
7332,-0.008658870992224068
7333,0.007537699867479281
7334,0.08391228870100835
7335,0.020350017014030185
7336,0.13143161300433898
7337,0.024352010990129878
7338,0.11322601507341502
7339,0.01772133693212127
7340,0.040326761993781435
7341,0.0032283739026016567
7342,-0.04831682194407083
7343,-0.011723289460967975
7344,-0.10615244486873365
7345,-0.018742027524228138
7346,-0.105353581588698
7347,-0.013563852922386196
7348,-0.05112741827352177
7349,0.0003952560618791709
7350,0.024550512480057362
7351,0.014359814124352136
7352,0.08319292419575744
7353,0.020529431065259614
7354,0.09917220059713747
7355,0.01721853156749797
7356,0.06956005901792263
7357,0.00797727839821974
7358,0.010929678966287026
7359,-0.0024322081011550526
7360,-0.049160892713145006
7361,-0.010264534103871601
7362,-0.08349689633369951
7363,-0.012374294806802542
7364,-0.07551435489342255
7365,-0.0070758832941819295
7366,-0.029523117547457164
7367,0.0035653693026777293
7368,0.03063414645469822
7369,0.013600852221891004
7370,0.07387802365931005
7371,0.017080325278641992
7372,0.07989396338090592
7373,0.012224329228675602
7374,0.04694196760469826
7375,0.002417034858887042
7376,-0.008136400770839563
7377,-0.006582265447857227
7378,-0.05839326103174617
7379,-0.01031307598525976
7380,-0.07802876380878485
7381,-0.007920954863909377
7382,-0.056903566423585177
7383,-0.0012726103067877007
7384,-0.005538812418551738
7385,0.006799867701017995
7386,0.050366064695171964
7387,0.013378752619070447
7388,0.08317087813511921
7389,0.015007663282178278
7390,0.07469045213208601
7391,0.009643253276298317
7392,0.02653128868144296
7393,-0.0007136556468989581
7394,-0.0371484310470112
7395,-0.009817355525899978
7396,-0.08078046166211597
7397,-0.012131382782293787
7398,-0.07952261682409506
7399,-0.006769652117293644
7400,-0.03487645295484238
7401,0.002377639513808922
7402,0.028629248470215234
7403,0.010644590930715203
7404,0.0781914783063575
7405,0.014601059665708592
7406,0.08890482180083518
7407,0.012916564671720712
7408,0.05408828086614976
7409,0.0057357595562888735
7410,-0.00899886364472289
7411,-0.004102116356104225
7412,-0.06668701511710001
7413,-0.01172358887944551
7414,-0.08605690489912589
7415,-0.011958282526094023
7416,-0.05607948264949902
7417,-0.003987741526326678
7418,0.006503416844014936
7419,0.007625338866314072
7420,0.06589686311382112
7421,0.01531649829611958
7422,0.08960633410003759
7423,0.01488341486962375
7424,0.06534808397066261
7425,0.007341988059434822
7426,0.00836414089015386
7427,-0.0023794818431937407
7428,-0.0500835666611332
7429,-0.009854043420174355
7430,-0.07880729305737982
7431,-0.011861315413168545
7432,-0.06372817852778989
7433,-0.00743495663287137
7434,-0.012681482323080797
7435,0.0023324482664950773
7436,0.04663428614227018
7437,0.012577174177652741
7438,0.0820501335510111
7439,0.017318351125414962
7440,0.0736650370855295
7441,0.012802495771477858
7442,0.02751708770705506
7443,0.0018252309395730025
7444,-0.02971014290714281
7445,-0.00892765426953235
7446,-0.06632841210294738
7447,-0.013155561130919062
7448,-0.065102007438516
7449,-0.009793190841255323
7450,-0.029347307991408087
7451,-0.0012323298611866013
7452,0.020206250508157494
7453,0.008117264649519203
7454,0.058171656320296354
7455,0.014380188575202476
7456,0.065762677217326
7457,0.014071503084896936
7458,0.04085740143415649
7459,0.007182136153953283
7460,-0.002397280617381944
7461,-0.0029603516129714956
7462,-0.040527153422003435
7463,-0.010394231804702758
7464,-0.0544021619613581
7465,-0.011250572732424842
7466,-0.03797985339876315
7467,-0.00491037195878238
7468,-0.001811451044793725
7469,0.004602529203759644
7470,0.033908135254776456
7471,0.01189384476784412
7472,0.0499704641699458
7473,0.012644651616971038
7474,0.03996804234863174
7475,0.007480507714498528
7476,0.011667211151993524
7477,-0.00028570596376259797
7478,-0.019024004945599905
7479,-0.0065963615782466435
7480,-0.038063391968533804
7481,-0.009302747382097945
7482,-0.03714789610982125
7483,-0.006743898038783027
7484,-0.016794953132251638
7485,0.00019125956307175523
7486,0.013181980131377807
7487,0.008013261593890233
7488,0.036030774454851706
7489,0.011512204987334141
7490,0.03902295202326426
7491,0.008978151204031677
7492,0.021505162212211666
7493,0.0024039966903887547
7494,-0.005146164319971247
7495,-0.004064817509082652
7496,-0.026827606833311552
7497,-0.007676989189813831
7498,-0.033099807900890184
7499,-0.006774531162366325
7500,-0.021520970324366513
7501,-0.0021019078063717026
7502,0.001813013608368259
7503,0.0038812138756666096
7504,0.02373751131598573
7505,0.007686384597796075
7506,0.032235208193909994
7507,0.007794014354642849
7508,0.023142860862759858
7509,0.004388374915927855
7510,0.002301621081378546
7511,-0.000759776699668083
7512,-0.01911212951888298
7513,-0.005302943622091382
7514,-0.029215327881198835
7515,-0.006422935640480857
7516,-0.02184137006988531
7517,-0.0034036332351517797
7518,-0.0007425313571167046
7519,0.0017218620536853192
7520,0.02103310726260082
7521,0.005563681809030029
7522,0.030358538850072222
7523,0.006412405787447129
7524,0.02241492639928288
7525,0.004351019991064554
7526,0.0027974577238882668
7527,0.0005600280343015202
7528,-0.017517330476111665
7529,-0.0032937957540500745
7530,-0.027545151752249832
7531,-0.005130897823885
7532,-0.021675372698223436
7533,-0.0038986861924049914
7534,-0.0028780890364397734
7535,-0.00042336230150319247
7536,0.01805958563630163
7537,0.003268424707607584
7538,0.029130004618625124
7539,0.005354506521177146
7540,0.024184421647696654
7541,0.004852356563991897
7542,0.006285468388667597
7543,0.0019329170027435286
7544,-0.014316744045330156
7545,-0.0017293352294191495
7546,-0.025744666429049212
7547,-0.0039223854430345565
7548,-0.021569364510773903
7549,-0.0035325104541074535
7550,-0.00483469263251102
7551,-0.0013148551182498426
7552,0.014249363199646592
7553,0.001370967329682342
7554,0.024937306812482615
7555,0.003350251422353028
7556,0.021903843494798802
7557,0.0038989889112714103
7558,0.007416163816058685
7559,0.002636390752548305
7560,-0.0101550663089379
7561,0.0002537257383080576
7562,-0.020971293051149812
7563,-0.0019233983358061353
7564,-0.019151626833186795
7565,-0.0026738690345083412
7566,-0.006158034295453014
7567,-0.0018405743712255418
7568,0.010389654328015908
7569,7.108589007236553e-05
7570,0.021069522822732677
7571,0.001970247485525953
7572,0.019998920563252746
7573,0.0028905952138427115
7574,0.008073710225662044
7575,0.00231687905114445
7576,-0.007498704319132112
7577,0.0008145365018639023
7578,-0.017781554942148826
7579,-0.0007156061650019152
7580,-0.017432665989280633
7581,-0.001495525940446215
7582,-0.007401133760121446
7583,-0.0013759458879965827
7584,0.006357818325323394
7585,-0.0003954125947355261
7586,0.016359323715743796
7587,0.0009549931892867992
7588,0.017501286333671442
7589,0.0019894650787775853
7590,0.0095734535558677
7591,0.001980657358815531
7592,-0.002808824708816073
7593,0.0009772851243203806
7594,-0.01289227336897565
7595,-0.00038175321099982707
7596,-0.015447305432995483
7597,-0.0011941264924238272
7598,-0.009407442618288096
7599,-0.0011011543903513836
7600,0.0016723354266278924
7601,-0.00020856256363046917
7602,0.011646265682267431
7603,0.000914373005042816
7604,0.015190677955587727
7605,0.0016873522652221722
7606,0.010701734185578038
7607,0.001596930626346191
7608,0.0008350336857390879
7609,0.0006729977319062925
7610,-0.009162588570051653
7611,-0.0005734144986992384
7612,-0.014144739972942697
7613,-0.0013353474927924349
7614,-0.011510232976701201
7615,-0.0011754152371352556
7616,-0.002539528653154685
7617,-0.00013362962600459443
7618,0.008154125356796079
7619,0.0012336346981222629
7620,0.014915574240083234
7621,0.0021670080608126156
7622,0.013964744467737926
7623,0.001971571845487005
7624,0.0054881271950340425
7625,0.0006336398272307143
7626,-0.006283506389717536
7627,-0.001094105568454918
7628,-0.015091913441584922
7629,-0.0021367525457182787
7630,-0.01598192385390995
7631,-0.0018996349417992173
7632,-0.008049670092661672
7633,-0.0004812136768495632
7634,0.004841412896503793
7635,0.001418087872506018
7636,0.015931863230819715
7637,0.002802686478014804
7638,0.018981868398334482
7639,0.0027683101407065106
7640,0.01176092397908739
7641,0.0011600123355182724
7642,-0.002450221732986955
7643,-0.0011843883713202657
7644,-0.016211623411453296
7645,-0.002901490372065484
7646,-0.02180191957296962
7647,-0.0029945712306446858
7648,-0.015534205583949365
7649,-0.001362600228002232
7650,-0.0001452290379186823
7651,0.0011800164644206956
7652,0.01634924347380807
7653,0.003285534996697728
7654,0.024786335705540403
7655,0.003714617967920607
7656,0.01994965410223597
7657,0.002083597668135261
7658,0.0037238112771729582
7659,-0.0007870372437715713
7660,-0.015455009917885475
7661,-0.0032856607119029642
7662,-0.026982988969168703
7663,-0.003997093081152685
7664,-0.024070732264981905
7665,-0.0025211626463270587
7666,-0.007746694749123379
7667,0.00037767605591059204
7668,0.013490689759488913
7669,0.003198940593680524
7670,0.02811065353295097
7671,0.0044048255699546315
7672,0.027762968161171065
7673,0.00321934192161923
7674,0.012086416266534039
7675,0.0002138689898491587
7676,-0.010652864144904975
7677,-0.002915713915346854
7678,-0.027982274924623768
7679,-0.0044299860965554575
7680,-0.030300915255807855
7681,-0.003592005604378206
7682,-0.016211583945185622
7683,-0.0008893912236782765
7684,0.006829799951828115
7685,0.0023350828325468366
7686,0.02644861946116698
7687,0.00440321110217963
7688,0.031884114559912614
7689,0.004088365490864612
7690,0.019995600536552388
7691,0.0015083245856692092
7692,-0.002708673378784123
7693,-0.0018207150547732967
7694,-0.023763545161205542
7695,-0.0040697647990733605
7696,-0.03188786212465423
7697,-0.004198351923344196
7698,-0.022984003795776066
7699,-0.0022119379855697245
7700,-0.001956432113826905
7701,0.0009691142161278292
7702,0.01991057145421849
7703,0.0037050297879611966
7704,0.030860663312581606
7705,0.004420233353711726
7706,0.025173713156311523
7707,0.0027446032405394334
7708,0.006381329062912471
7709,-0.00024706002050413947
7710,-0.015095937261472533
7711,-0.002950366496839363
7712,-0.027971300633398363
7713,-0.004128898624240759
7714,-0.025878335305361367
7715,-0.003224322900671113
7716,-0.010308876109310234
7717,-0.0006018558422640851
7718,0.010226080698053345
7719,0.0023495789436118464
7720,0.02472924827564733
7721,0.00396781888129189
7722,0.02581837200400935
7723,0.0034703507641856753
7724,0.01359624797129863
7725,0.0013117545871191363
7726,-0.004987311135677775
7727,-0.0013563773502478318
7728,-0.020212967978703648
7729,-0.0032701338145107004
7730,-0.024505300167220183
7731,-0.003472473386699451
7732,-0.016068747971032117
7733,-0.001827194643314751
7734,0.0003010552843303179
7735,0.0007516676979429003
7736,0.015910732548865273
7737,0.0028531968625672066
7738,0.02290910861268684
7739,0.003454733788747203
7740,0.018202943314762472
7741,0.0023767155770983046
7742,0.004624173305519124
7743,0.0002231482548019877
7744,-0.010781566902004998
7745,-0.001930552380527737
7746,-0.020325300035582642
7747,-0.003019112293161223
7748,-0.019457129634192296
7749,-0.002520917685103328
7750,-0.008887490704998299
7751,-0.0007293956624772179
7752,0.005925914003043543
7753,0.001408744566462219
7754,0.01753978659739355
7755,0.0027958562196862147
7756,0.020208526106001448
7757,0.0027793462594915726
7758,0.01274245086871998
7759,0.0014697171111730319
7760,-0.0009883953132459474
7761,-0.00043535294578513485
7762,-0.014111379772429862
7763,-0.002044442323909233
7764,-0.020092681659187137
7765,-0.0025871347523920033
7766,-0.01582681594351483
7767,-0.0017449468048400532
7768,-0.0033374517661417494
7769,3.8141444042281805e-05
7770,0.01098972068053231
7771,0.0017532704057638363
7772,0.019709332951544624
7773,0.0025328002337518993
7774,0.018308730269729147
7775,0.0021145786986917978
7776,0.007450079506797436
7777,0.0007272037293579722
7778,-0.007460460419197291
7779,-0.001049672756991963
7780,-0.018770953218938975
7781,-0.00231052245168067
7782,-0.020344944669105653
7783,-0.002277185969147766
7784,-0.01109654412220301
7785,-0.0009869209899209914
7786,0.004109603430718033
7787,0.0007435248105862977
7788,0.017198398896623616
7789,0.002047686586976203
7790,0.02134334937866758
7791,0.0024160596171555466
7792,0.014353779295807799
7793,0.0016258208505153967
7794,-0.00028188271481899383
7795,-8.028671296943701e-05
7796,-0.014874980622910228
7797,-0.0017755346512226232
7798,-0.02147453304790525
7799,-0.0024144295615192565
7800,-0.01649463369787238
7801,-0.0017299647140192993
7802,-0.0028380513393007636
7803,-0.00026610306218705955
7804,0.012050320728962022
7805,0.0012709810481312202
7806,0.020380633102388506
7807,0.0022494062476447257
7808,0.017837176034363755
7809,0.0020766801404149683
7810,0.005747971851064612
7811,0.000677267318859235
7812,-0.009287015374903361
7813,-0.0010989344005550392
7814,-0.018951653677987016
7815,-0.0021159718367029577
7816,-0.018130359914729364
7817,-0.0019209547129225076
7818,-0.007703098404264848
7819,-0.0007957768869748652
7820,0.0064525941408202425
7821,0.0007434418215282263
7822,0.01684522426941618
7823,0.002008489545443548
7824,0.018082373908139018
7825,0.0021803214018720567
7826,0.009629693982550114
7827,0.0010044757191396963
7828,-0.0036886347237572617
7829,-0.0007410933804591406
7830,-0.014443502744886956
7831,-0.0019385471257394957
7832,-0.017063840625010634
7833,-0.0020593836738607547
7834,-0.010741497539704345
7835,-0.0011780675965339436
7836,0.0007599182420118457
7837,0.00035851930598986036
7838,0.01133160431893739
7839,0.0018227520024815553
7840,0.01549675014091622
7841,0.0022542982516637515
7842,0.011289502505993925
7843,0.0013154833734469662
7844,0.0014520355745782302
7845,-0.0002897000442505766
7846,-0.00834306635020853
7847,-0.0015488748919854406
7848,-0.013027294612365114
7849,-0.0019244598647638808
7850,-0.01068999383577941
7851,-0.0013190532346320698
7852,-0.003011112157635442
7853,5.0904441528402455e-05
7854,0.005772790460667778
7855,0.001456944357971891
7856,0.01094287602205817
7857,0.0019471179786666305
7858,0.009910255889846958
7859,0.001215497256243683
7860,0.0037086849821750902
7861,-0.00014066093457013978
7862,-0.003932222516248752
7863,-0.0012959105801497986
7864,-0.008989070068064084
7865,-0.0017396439361488188
7866,-0.009104018144326058
7867,-0.0012591282961300243
7868,-0.004452520662223376
7869,-1.1732834503226785e-05
7870,0.002360278975334191
7871,0.0013012950314555346
7872,0.007592833356808759
7873,0.0018292638378247432
7874,0.008519219188024063
7875,0.001296462148658091
7876,0.004950216295315816
7877,0.0001281729041977391
7878,-0.0009586993475323426
7879,-0.0010267797899250197
7880,-0.0060831250975792355
7881,-0.0016404042458856044
7882,-0.007844569932208483
7883,-0.0013954217636479203
7884,-0.005403234488133272
7885,-0.0003794175099520419
7886,-0.00016264594277117826
7887,0.0008231477414147883
7888,0.004948785957652267
7889,0.0015007465041414585
7890,0.007172982467953972
7891,0.0013284264630543917
7892,0.005433425923656687
7893,0.00048807438821896215
7894,0.0007864441328824387
7895,-0.0005506954208640447
7896,-0.004214241655015151
7897,-0.0012644458641165894
7898,-0.0068335229229714335
7899,-0.0012814546571150525
7900,-0.005602625397030336
7901,-0.0005939625695086658
7902,-0.0011806134866963283
7903,0.00040132011252046917
7904,0.003958054090274109
7905,0.001141324063282464
7906,0.006903546706775464
7907,0.001236078988640588
7908,0.0059559833621273045
7909,0.0006684959591420633
7910,0.0015957745455397502
7911,-0.0002330649337288285
7912,-0.0037740029557205863
7913,-0.0009910051250169353
7914,-0.007142820649172435
7915,-0.0012212579671954395
7916,-0.006563636051347187
7917,-0.0008148321393266542
7918,-0.002277399215752953
7919,9.44419485872623e-06
7920,0.003364116209640641
7921,0.0008062384586485606
7922,0.007183185520353873
7923,0.0011471604932126013
7924,0.006993717657761956
7925,0.0008725791126366465
7926,0.0028857088433416763
7927,0.0001631079160153011
7928,-0.0028326536973406163
7929,-0.0005938742326463057
7930,-0.006954579111215747
7931,-0.0010163304933914683
7932,-0.007183135268539882
7933,-0.0009021233222387464
7934,-0.0034083388422249876
7935,-0.0003201465103285768
7936,0.002241988451424659
7937,0.00041789569941881014
7938,0.006590160749656369
7939,0.000909588357751971
7940,0.007198295277558352
7941,0.0008848494748843325
7942,0.003764484472378897
7943,0.00037142121741774996
7944,-0.0017236090804943142
7945,-0.00032698733999183226
7946,-0.0061609883189853885
7947,-0.0008301253865438644
7948,-0.007110606712776629
7949,-0.0008885355209008607
7950,-0.004132422239259921
7951,-0.00047303583215192827
7952,0.0010521631196601985
7953,0.00021441936381729927
7954,0.005550039939290158
7955,0.0007963233053166069
7956,0.006896742268133943
7957,0.000929913781287118
7958,0.004448153959559525
7959,0.0005536608459749858
7960,-0.00029352162471300586
7961,-9.0244122090841e-05
7962,-0.004641437225891055
7963,-0.0006585375456745504
7964,-0.006297998641126495
7965,-0.0008854134421562603
7966,-0.004543612416930715
7967,-0.0006573682699147578
7968,-0.0004962795342444372
7969,-7.880774186226042e-05
7970,0.0035606684256078267
7971,0.0005257002423412763
7972,0.005453090362345349
7973,0.0008072706635222526
7974,0.004327429528894284
7975,0.0006462233363260365
7976,0.0010487608715074466
7977,0.00018650760810382487
7978,-0.0024538644021268614
7979,-0.0003199074820538782
7980,-0.004352598161617293
7981,-0.0006375923939726909
7982,-0.00383918116853291
7983,-0.0006134731114100122
7984,-0.0014107278448391213
7985,-0.00026201826279617706
7986,0.0014909934816229444
7987,0.00020301280588963945
7988,0.003307368794261928
7989,0.0005092372715362249
7990,0.0032341651608238917
7991,0.0005230721748090554
7992,0.0015780240796459007
7993,0.0002943833718584168
7994,-0.0005927437843159584
7995,-3.6144381623013225e-05
7996,-0.0021467612925070378
7997,-0.00031612987027422005
7998,-0.002446655872989759
7999,-0.00041854214530793197
