index,y
0,6.067792857966495
1,1.7112453114765016
2,3.786672528390873
3,6.415789201055364
4,1.012476404171532
5,2.2844714274667073
6,3.082027223776616
7,1.5203465004287455
8,2.203807306475711
9,2.060735696550274
10,8.709534987612859
11,6.513346805262927
12,3.51633140787097
13,4.614931214211256
14,6.305477373372235
15,4.256323853037593
16,2.152546476558061
17,0.28609014049105913
18,2.2768302283050343
19,5.683198042546472
20,3.6028598149925934
21,2.120091781486328
22,0.6985612297385506
23,1.0351657298918784
24,4.7631636457502315
25,9.404931448786247
26,4.810579380758652
27,0.33698860960100585
28,1.1530480494854158
29,0.25080515862808955
30,2.186610570801771
31,4.563095339480467
32,4.144164101965124
33,1.5156506337946627
34,4.330902387123795
35,3.4585365122181986
36,1.121607088398966
37,6.895658195872394
38,9.02613798461702
39,3.8739604855948904
40,3.5192037526328286
41,1.8386520690925707
42,5.192818260681523
43,7.784735489764424
44,4.794456247010699
45,1.110978620448323
46,0.04839495715154495
47,1.3665865413814566
48,5.141467952011654
49,3.1829357515598105
50,4.0947834024385505
51,2.0037654294294227
52,3.076182627941478
53,4.242691335627407
54,1.911407948913748
55,2.073873944576461
56,2.7300063770713234
57,6.9615486010107315
58,5.165377479730037
59,1.4198835788206048
60,3.939966723584355
61,2.272532883571811
62,1.835043131555373
63,1.7707535092574989
64,0.019823366477514526
65,0.941459001383014
66,6.607055492894838
67,3.156596280668414
68,0.47589843955307354
69,4.085884523558377
70,6.285842807661187
71,5.459104375710712
72,2.843296849917065
73,3.923198016776902
74,4.428145715255319
75,4.434138580052278
76,2.711473178954471
77,2.133887124520383
78,3.2058003618345965
79,4.672386944645678
80,1.986281585694656
81,1.3654457953487893
82,3.0011569616019695
83,2.5770573621742257
84,2.430926435545578
85,5.317207430962234
86,2.0256173615348714
87,4.88535453523221
88,6.429823774418028
89,2.791939072589027
90,2.1352274806820555
91,2.070043651568045
92,6.458370168734251
93,2.8789317090222912
94,2.0939469868792213
95,1.6757594980723327
96,0.740713559048373
97,3.107039507075776
98,3.6927259101914633
99,3.746017217855715
100,4.3953407400496864
101,3.2370140110405026
102,6.460727131085573
103,4.942657046862213
104,0.7373350918432816
105,4.9915505507759965
106,2.902419354684126
107,1.4714440411272007
108,1.5283956818842548
109,2.3598235626756208
110,1.5737223488001606
111,2.874370528732089
112,3.2754184377660294
113,2.0548256418926885
114,3.5723288989752073
115,3.938001855880615
116,3.7543884737512148
117,4.789039245384684
118,6.675530518224609
119,5.086419105860152
120,7.393786732324362
121,7.775110776705208
122,5.066667184620067
123,2.161385766373277
124,6.964973468748715
125,5.294051553539602
126,2.909330700028969
127,0.6900779792161994
128,3.1212697216551466
129,6.23503087265899
130,2.9024026267178513
131,2.5999084658004463
132,2.2953521753341155
133,7.478487292588685
134,5.3803986324237165
135,6.049018014943862
136,8.452742274894636
137,5.543095181307221
138,4.212010571640556
139,4.715459662572317
140,3.7970570648834054
141,1.9848487051313202
142,2.9381092344054482
143,2.0122102952121064
144,4.514664254405124
145,4.420724124031152
146,4.296857615019645
147,6.268059385789656
148,4.6044831894527904
149,4.9301761317074915
150,3.3553232994034423
151,4.548476066476582
152,7.357534282444541
153,4.304017181474007
154,2.0099536274130783
155,0.46293546261357543
156,3.9012071482779076
157,3.1776002798414775
158,2.4649460210773304
159,4.181938093289562
160,2.2547600147484492
161,1.9038872700190388
162,3.264824304473961
163,4.023030755265938
164,4.609985492016021
165,4.6052222659967565
166,4.8117765418521845
167,1.7803040067775195
168,4.26063224201596
169,3.8742967591389283
170,3.5742885319022757
171,5.476529617098882
172,6.873258427612334
173,4.851745551250645
174,3.334892467311008
175,2.2365473812468064
176,4.05164783978227
177,5.610560249528098
178,3.5484017972306385
179,1.8209983234742606
180,2.3088672765409677
181,0.9644083711502001
182,4.2908306141373425
183,5.314075969615298
184,2.5228095334076137
185,2.810998414302242
186,2.573334625511006
187,2.634331025387963
188,2.8337014421675697
189,4.685463215797449
190,3.5183110235355244
191,3.0233968704723346
192,5.862743721249355
193,3.3830277087547223
194,3.1929134741552407
195,5.316354995318505
196,1.1070920762590184
197,0.40809561998531463
198,1.639925823836248
199,3.0443901277967087
200,3.2252725222259913
201,3.6877545251789097
202,1.8526066255628226
203,1.9090786037091252
204,4.127421940962746
205,2.8380635739635145
206,5.517422939243435
207,3.2687077302831957
208,1.8372666873652261
209,1.4973846645134619
210,1.0312793699062237
211,3.843874240243879
212,3.965603679131749
213,2.9615777830122387
214,4.518249250421267
215,1.8861498205607903
216,3.8187326696906516
217,4.059570177029191
218,2.137723677959584
219,4.285566724146678
220,6.857275832309466
221,1.0101954002559377
222,2.88355067994249
223,4.1541870234292135
224,5.134745094480051
225,1.5994992815031528
226,1.0815854671042755
227,3.7263371175533955
228,3.4571438772559926
229,2.7620833765315544
230,3.9836898524220654
231,0.9140586441941424
232,2.6735571597396053
233,4.545922293549904
234,2.4264397272145586
235,3.4456182226787955
236,2.7029455518604015
237,0.0951780011996217
238,2.8308556252230495
239,3.580881225086802
240,3.867668121759352
241,0.938298898384088
242,1.3352227123448466
243,2.721830194088569
244,2.2445660854281635
245,4.436637070812681
246,1.285959478216717
247,1.6392495037217079
248,3.646785629058853
249,5.220016987065151
250,4.217392131511047
251,2.7722733117550944
252,3.7186285597153974
253,3.7458209973186247
254,3.155153831338803
255,3.8920425861124306
256,3.1260089523949013
257,3.2021746337924712
258,3.563978612195835
259,3.680701183996547
260,3.9345860769806835
261,2.1318044380370216
262,2.1245830280655404
263,4.348827727401645
264,3.187943141928548
265,6.949412138481071
266,2.626727640477631
267,1.9764768989127273
268,3.2777453802676915
269,6.320215419749469
270,4.304185072436453
271,3.6471675844651243
272,5.617451847387953
273,6.849983952044913
274,3.9590716709155096
275,0.8377118248950959
276,3.1251392492617707
277,2.4082411944471955
278,3.384662720007558
279,3.273730852433215
280,2.2129476079586032
281,3.9671010903574837
282,4.445926767867291
283,3.9833685212680687
284,5.452880447092892
285,4.719746107537419
286,4.87796134616045
287,6.2742692086793515
288,3.710076202104802
289,2.8900855225539037
290,1.590267188989447
291,7.403836559985217
292,5.816466947782551
293,3.529296134522057
294,3.4662454311205093
295,4.060746035496917
296,6.873594872723071
297,5.425360647074435
298,3.4756291648054307
299,6.0905402445782215
300,8.152488584840372
301,2.4439223943913375
302,1.1937771529197843
303,1.75328414561735
304,5.053810734622868
305,4.554268073802678
306,3.0068316904833967
307,2.892650548202504
308,4.682403603388004
309,5.508538713524324
310,5.015200578669602
311,3.544164280446542
312,6.213432312263362
313,4.48543630047744
314,3.399478076879068
315,4.636088156148876
316,5.706712430260171
317,2.273697134806807
318,4.263660973976934
319,5.4448052124289275
320,4.4754357038180705
321,2.5459723330185886
322,3.4561969093725895
323,5.203974151163102
324,6.617811946190907
325,2.997265115590886
326,2.0407080110810303
327,3.4066691311466513
328,4.464332164874109
329,3.4405109110972023
330,2.1428272922046756
331,2.373860995515078
332,2.8743752772868443
333,4.614755001397242
334,4.08491168946396
335,3.590563294189105
336,4.344312488320513
337,4.904190489370418
338,4.789731290950759
339,2.6495224920561795
340,2.665029005413931
341,3.7241834388998005
342,3.5294073903993146
343,2.1773699694519104
344,3.1257857585200126
345,3.5820230405286497
346,2.7840826426586376
347,4.897246782823316
348,5.045700627030006
349,5.297899983290164
350,3.7184063092242963
351,3.94942698456297
352,6.980307726913904
353,1.782749394656385
354,3.6644014402684344
355,4.329597020136252
356,4.588180162057618
357,3.471467594472163
358,4.939917934839013
359,3.9637791391764026
360,1.4635267974868926
361,4.038101114615822
362,3.7610375992902134
363,1.9546943820227982
364,2.1002315849082778
365,4.840412162620695
366,4.103994576418206
367,4.896216682563399
368,3.15124953893862
369,3.442323684966064
370,5.041436243530309
371,4.719465915113408
372,4.638160441715519
373,2.6813035356172072
374,3.5401401948799807
375,1.22306810932738
376,4.672627487352173
377,5.529932903045185
378,4.819694552686055
379,5.790425418753052
380,1.3612057815447984
381,3.972894417237382
382,4.143193682253045
383,1.8429892447205136
384,2.10257935020555
385,3.406458705472698
386,3.309242102953042
387,2.2644469608546185
388,1.0427010709496296
389,2.5614790759766795
390,3.7073370324962833
391,4.864743066809629
392,3.3792677625277676
393,2.1525623686262514
394,3.121064230818379
395,2.7045744527206654
396,3.411987699761503
397,3.684938297164419
398,2.645159457674952
399,3.1497164469467553
400,4.572502161160179
401,3.542222173996892
402,1.9334818228937791
403,1.3912314677697868
404,6.168429522545124
405,6.782935114955376
406,3.646751118228771
407,1.2340284775267785
408,6.22061786191824
409,8.546149702517296
410,2.1999143534716428
411,0.13512046782405837
412,2.7832226936773075
413,4.813776255235549
414,2.4677332920961095
415,3.7841069558493294
416,4.8744191149553595
417,6.41385504452689
418,3.708967625912002
419,0.9725049542884184
420,2.512766749487384
421,3.0251380417873883
422,2.5315249603851506
423,2.5512380031247055
424,4.1076013675173755
425,4.073313928398867
426,2.0248517098217333
427,1.9777929809298922
428,3.4273090014123513
429,4.158552027565832
430,5.126329495942999
431,3.3795888206858815
432,5.6186728292015085
433,3.3000789825990817
434,2.0870512350090444
435,3.3000791502898963
436,4.932669565614759
437,8.016030577690433
438,1.299047422570824
439,4.156420189912605
440,5.234780178390655
441,5.377444485263394
442,2.355049081025172
443,6.011120642836739
444,6.045742846524923
445,1.8727917521495723
446,4.003982901380536
447,2.858222047729501
448,3.7327235275018555
449,5.004817088523131
450,2.1903829541524056
451,3.5128393592060974
452,4.939035708877948
453,4.1125669994077745
454,4.294623720981925
455,3.2880987639514068
456,2.325072284862497
457,3.895249680013502
458,4.831130832365205
459,3.2585726089371407
460,5.5910080349365465
461,4.116499034811097
462,3.057571504397119
463,6.003362322120413
464,3.2965463441416856
465,4.4486551639987
466,3.539435403609782
467,3.5910844856214403
468,1.5358297227169724
469,2.1994476392593705
470,5.001701799898925
471,6.580606325039625
472,3.3976198139138516
473,5.366164418871039
474,8.940256560772921
475,5.327116753024165
476,3.491638949452301
477,5.450709889194175
478,4.043978907786415
479,6.726049069867257
480,4.883576153326605
481,2.9933545621662248
482,2.8981654938442527
483,5.150153597949185
484,3.2903712791470876
485,3.3696549447336492
486,2.6699052902616667
487,5.9976182645178655
488,5.222808251079538
489,3.5507514648020373
490,4.163551212619898
491,4.863656726110613
492,5.613760310378364
493,5.657045796645671
494,2.187074671143522
495,2.5354342813088806
496,2.5874050156403055
497,3.606705940644045
498,3.1846756276775796
499,2.729514291704154
500,3.59306528077166
501,2.90536018405074
502,2.3547712306546686
503,4.736641945623804
504,3.777439636735955
505,3.5312830290951913
506,3.732366169658688
507,3.2215885923499985
508,4.834625823464476
509,6.379882466373564
510,3.351646116450128
511,4.79987891962317
512,5.572037958403197
513,6.008758843763482
514,4.03448095839867
515,1.5995576493384869
516,5.355414444533888
517,5.115464275611927
518,4.125849242921609
519,2.2891975666903748
520,2.3551326188140815
521,1.757770914923549
522,2.4795861071518424
523,3.6965541718600936
524,3.04598997599372
525,4.1335008943416085
526,1.852725340637096
527,2.1297037521485396
528,2.9532740113710103
529,6.414455301359904
530,4.368827986685871
531,5.562843984572187
532,4.905369849383452
533,6.471060298795995
534,1.398991770915431
535,3.649208350227875
536,3.3132130263582633
537,2.1683111030676274
538,5.006623091182066
539,7.35272754761433
540,1.336951581636052
541,1.455539089464715
542,2.766124107514671
543,4.789067101305234
544,4.108459763523113
545,3.1450663887119608
546,2.638579768930096
547,2.362978320533375
548,4.978249340670355
549,3.491167380072995
550,2.681614284585549
551,3.3414263340128145
552,4.9533415563167855
553,6.505579726633142
554,2.34553700874999
555,1.1013048532431262
556,2.89033132959732
557,4.7018448492185465
558,2.060308794963438
559,0.582208177728976
560,2.2240793947599315
561,5.6815789120570175
562,6.493070307910992
563,6.024654405495207
564,1.8311107780151412
565,2.953865388725299
566,4.8548451620956765
567,4.175946483194752
568,2.342695147579644
569,3.5168232311001435
570,3.4736770095057907
571,0.8565788715025622
572,2.7148700076874253
573,4.961102113602809
574,1.5837260731989697
575,3.877880163800384
576,3.876022154107806
577,3.164817469199237
578,3.1291507068146305
579,0.6934162984515098
580,3.234603547637619
581,2.2103745676999598
582,-0.12704654753115
583,5.5320076759588614
584,3.2472790670189333
585,1.3107498036601397
586,2.0614769877120547
587,3.547262636711904
588,2.7182896307309434
589,1.9825881111697745
590,1.7377130809081258
591,2.7043418747385424
592,7.48726698556417
593,2.4892372761464734
594,4.167325324049921
595,5.242103602205499
596,1.1443414135896735
597,1.778789697917424
598,6.6639071040998
599,4.880192885879372
600,1.4648666826552932
601,5.653146866137419
602,3.0733141039280674
603,2.534071419199016
604,4.9316314455388
605,2.144635675994874
606,3.8470947222086145
607,1.7232735054842743
608,1.0532400507800859
609,3.2539199865368325
610,5.927460342017652
611,0.47896364839223976
612,6.226304218457707
613,4.634541921528261
614,4.40482406615302
615,3.584416639994993
616,3.436510199655769
617,3.6274242920448665
618,0.6487265160423124
619,4.399342904997095
620,6.517195866748207
621,5.491228530005612
622,5.440069115711796
623,3.8064511873391123
624,7.0436790800887605
625,2.9429608923755404
626,3.482392020005573
627,3.116344134904705
628,4.733095623226725
629,2.6356369379951
630,3.1038999649176193
631,4.771076726067371
632,2.803868224937279
633,3.817780539299431
634,4.528172989750755
635,5.4597878949835446
636,3.21889644137432
637,0.795993865942454
638,2.678342420384348
639,3.4318709731695924
640,4.472086734982452
641,6.042057288140934
642,3.9343585344504466
643,4.56249356544828
644,7.109270109232072
645,3.546372939436211
646,3.9965213680745184
647,4.251349952508041
648,2.5537205381378656
649,2.121921736649326
650,4.310290329327953
651,4.991175175968049
652,3.153201656463565
653,3.227828775816596
654,2.8139017155035098
655,2.500252343405023
656,0.6894145337508778
657,1.5803139489561502
658,3.1118343951023486
659,2.6143596088203473
660,4.399769665910725
661,4.019771078968376
662,2.5562609463292736
663,3.882892849656564
664,0.8031822580484502
665,2.038488705161605
666,2.923678304060109
667,3.222228035754051
668,1.843347638155045
669,2.374673893879802
670,1.9404712494773328
671,2.406870312770297
672,1.2762607926126057
673,4.372033448257535
674,5.5876365536776715
675,4.982569286749491
676,2.0163321556588722
677,1.2902587337859446
678,5.804077918668148
679,5.264836212732699
680,4.5018857957780005
681,2.8605395328201197
682,2.66060424806769
683,3.9651445607694047
684,4.045590659736233
685,0.684681250528589
686,3.8286198902522464
687,3.3062077839250765
688,0.4362686619723633
689,2.4174845063955943
690,5.040449723264399
691,1.2835687044070034
692,6.96667855076901
693,5.4972900147190895
694,-0.257930328743067
695,1.42818795171665
696,2.9205242358250243
697,6.9219529674607125
698,2.8094661247319
699,-0.05339643343754255
700,2.0236916124300524
701,4.715297637268182
702,5.078906452171602
703,0.7983015225174368
704,2.0368820194432202
705,3.0351326465839317
706,5.217299275157399
707,1.645949476217743
708,1.7526543333005205
709,2.4199695569223145
710,5.635395196751044
711,2.857815528476098
712,2.800652708972194
713,3.8513865673268737
714,4.387659711943841
715,4.692166299553083
716,2.393320416550469
717,3.1055833442081964
718,3.1094189193936916
719,1.3821711663158975
720,-0.6053926083101632
721,-0.1994881000233797
722,3.0378453059849964
723,3.8484395577365356
724,3.9325354940336923
725,4.953561311871266
726,3.9517334143531255
727,4.094149330185427
728,1.9339663598730252
729,4.478496476968954
730,4.293719397080179
731,4.082804298719014
732,0.8897237563866126
733,1.3652615608755196
734,5.618513540257073
735,1.1567261157737374
736,2.4037161686180704
737,6.318523293577271
738,3.8632661725197095
739,3.1619880827141404
740,2.779510151078739
741,2.1247896704487523
742,2.3534087207591923
743,6.07718742299323
744,3.7160447966021484
745,3.363591595085223
746,3.5369280487313244
747,2.8704967883441426
748,5.177564724521183
749,2.5630336960169595
750,3.706207265182018
751,2.715359728411014
752,2.9225298921141496
753,4.646073970388394
754,1.0678154629967889
755,5.459932424520679
756,3.815841083272616
757,2.5173269184317872
758,2.765430194891905
759,0.5389543097757661
760,3.8387417375982813
761,4.859939081787578
762,2.7162984705182605
763,3.1314056921367794
764,4.490541399448028
765,2.423128881665976
766,5.339239948378385
767,5.111958292802182
768,6.013329296447785
769,7.817030034105098
770,3.4686789567304444
771,2.113309099060357
772,4.91666026229755
773,3.1822775764137625
774,2.9682787468941334
775,5.5254262772638665
776,4.025072980169592
777,0.7653549226221729
778,4.261845562670402
779,4.188869857224998
780,2.681344430533511
781,4.054207794138461
782,1.3838209126839374
783,1.5757419947510451
784,3.120760246610875
785,4.410089190748746
786,4.3875339304297
787,5.28139464293046
788,2.4004033928565884
789,5.175670354848749
790,2.386492659881364
791,2.2770062760680188
792,4.63067971245146
793,4.936343035756888
794,3.595787272917125
795,3.122159606124088
796,5.326946709665462
797,5.0291024714404635
798,5.727590387563657
799,2.8539010361067616
800,2.196167094681687
801,4.268850408433038
802,2.8118667655322835
803,4.175739933562412
804,5.618352479695073
805,5.6454092497039525
806,5.604568204288729
807,4.7981514719015275
808,2.1827189416655903
809,1.0548763460764368
810,2.0654659904774246
811,4.5297603853750275
812,4.139877923152944
813,3.1194367833383088
814,5.336605678065546
815,4.834181844494699
816,0.2610677967816579
817,1.5744271688425873
818,6.517520946848364
819,4.621564771797262
820,2.9538439001186294
821,1.7505532352996553
822,2.90468366274976
823,3.820767256923901
824,0.9543269712098237
825,3.7784297596045673
826,2.901938006571363
827,3.585047904582859
828,4.452464874015085
829,4.525078878946874
830,2.97957015588357
831,4.980672119718431
832,1.639267412043373
833,2.6588824201692662
834,5.412047698506097
835,3.1334489847359053
836,5.399892219229596
837,3.3733185775221823
838,-0.10728014852158016
839,3.59842408589113
840,3.600082247686657
841,8.371126322945278
842,5.18757213417642
843,-0.4109353254518024
844,1.5926520554799704
845,2.7083217052628723
846,2.9169339320008802
847,2.4683116824118576
848,0.9733149017283962
849,0.7785983074765944
850,3.6292561354477306
851,5.548582539755409
852,3.9545007245477564
853,0.4275586444771613
854,4.279579074982151
855,1.1046175868063863
856,2.298967891771109
857,3.8206778540771844
858,2.1191649926320912
859,2.5856273226969897
860,2.2185280199616666
861,3.219741587635564
862,3.7202349805798423
863,3.6862160330171174
864,6.594916587272667
865,5.06892066256036
866,2.3595243760137348
867,7.257020965073635
868,5.395024444502089
869,0.4452736528692247
870,4.550927249369062
871,3.0001433334633867
872,1.1165409376840676
873,2.411070952130391
874,2.985312954923823
875,3.3292061404354327
876,6.790888166135585
877,4.765493988646477
878,4.760308676097766
879,3.7553416142209066
880,2.279758940806205
881,1.7169185539665146
882,3.137873485017137
883,4.33311103571149
884,3.018937735209612
885,2.5361164508733056
886,1.7506728541491319
887,4.140838055096103
888,3.762435091287237
889,3.233348150248916
890,7.619215307154431
891,5.265529376741394
892,1.6928812647613807
893,2.8913428049492538
894,3.3166494402557145
895,0.4916589307608281
896,-0.2922866712498201
897,4.253217670409495
898,-0.12340233149598874
899,-0.6376536515305249
900,-0.08024054816904305
901,1.0042396690252031
902,3.118423084139708
903,3.245091105804821
904,4.571034386215431
905,4.459190953523663
906,1.4644305475684483
907,3.1570087582784176
908,1.6811020339413174
909,5.097055773792526
910,7.881525809616026
911,5.114378055984033
912,4.46567384409915
913,2.3113840239748136
914,2.0148189521298803
915,8.01650103740792
916,6.566466146157154
917,0.6723564180314358
918,0.2736761388795759
919,4.304393145171006
920,6.621457319260836
921,2.711427433113963
922,2.8471964796927103
923,7.191406792412124
924,3.4569305697300727
925,6.016031047963619
926,5.868192779672739
927,5.918922035620828
928,2.174715532709239
929,8.691850185537684
930,2.635650929417086
931,2.4930694100139505
932,2.0496936106571817
933,5.390926089440058
934,0.9022720249024306
935,1.4895699663922888
936,4.919946266910486
937,2.4571545826099
938,2.3786082619768782
939,4.542252537274293
940,4.751909862628117
941,5.909930144038755
942,2.7806832787960936
943,4.485113689779582
944,5.526450859547345
945,10.741513797900733
946,6.765084465259237
947,4.3737194416088725
948,4.056298272320841
949,3.9556137605260737
950,5.793647085779213
951,4.6415625280277135
952,1.188533789469726
953,3.268035450298467
954,5.411338865363163
955,1.8495982521108554
956,1.1785360837467158
957,1.9038705377918728
958,4.3090282752221025
959,4.446991060723876
960,5.4334564640942515
961,4.983813832940532
962,2.876499989027982
963,3.127857731333876
964,2.077726357910256
965,2.9236612560825974
966,1.95516308348342
967,0.5771467424557803
968,4.246014149846359
969,2.802655739569202
970,1.8680137268439665
971,4.8774983592211525
972,3.443772998760627
973,3.789812368739682
974,2.8205583628036357
975,2.652724975413946
976,4.761029100829878
977,4.0661541879669505
978,3.786261203841592
979,3.591353509793867
980,5.175965467823308
981,4.100971035277264
982,2.6764024512287987
983,1.2360702813301574
984,3.0404856942517737
985,7.137369812829313
986,4.28912781578136
987,1.4683237312177029
988,1.6071360023394319
989,2.537310511066615
990,3.706256039973979
991,4.241551955744801
992,2.344490729251134
993,5.060421493214701
994,5.939049811427441
995,4.401456773594141
996,3.6271323289472943
997,2.5948115867168453
998,4.713558953849811
999,5.32355818442943
1000,2.509269144669208
1001,2.9269183752215002
1002,5.3573576388529345
1003,3.0541796572583273
1004,1.1336175962913109
1005,8.169854824803588
1006,3.3929656284898817
1007,1.4789630005868633
1008,4.643164845850226
1009,3.6564900126452597
1010,3.53884036273355
1011,1.7770924886024415
1012,3.774551676099835
1013,2.813194013255364
1014,-0.7602413969930457
1015,1.5188695109619272
1016,2.7415768505758877
1017,3.8379375213318183
1018,5.310762959167398
1019,6.008232788999355
1020,5.088112541718115
1021,4.54311056490816
1022,1.4968231211731207
1023,2.3459096121039815
1024,5.736427445403041
1025,4.683244150274151
1026,2.728086563124497
1027,5.788368285961109
1028,3.1282682150134105
1029,0.6141906591289976
1030,2.77734605068187
1031,4.420804824180271
1032,4.749972965410508
1033,3.093303827941348
1034,2.301497210398078
1035,6.811065586895995
1036,4.680554577257894
1037,4.539419469781613
1038,7.66041195739659
1039,6.151471149854363
1040,1.2155569486526143
1041,2.1116114985483248
1042,3.408077149228318
1043,3.2107152472904765
1044,1.8104935372327209
1045,5.673525572522976
1046,1.6348670642476284
1047,0.09409250545155823
1048,5.802965487561776
1049,3.7536885444466606
1050,2.943655600019684
1051,7.596222700863776
1052,5.057738374470877
1053,2.516808089784768
1054,6.921409739507847
1055,6.320427978972916
1056,4.8983156046024945
1057,3.429256841502948
1058,3.5997334312775533
1059,5.016940170057681
1060,0.7479510304638824
1061,2.821564869151798
1062,3.1805636652897817
1063,3.583653086241599
1064,4.61016307842871
1065,0.25866264252861093
1066,5.47928488325176
1067,5.947463829708883
1068,3.517143074757188
1069,3.659665462171157
1070,5.599548341151974
1071,4.679085206960871
1072,1.2034381148001445
1073,5.872163968994413
1074,8.3769041963857
1075,4.336900380592893
1076,2.290405932566346
1077,9.601636061802767
1078,4.691180185095971
1079,3.807640129056468
1080,4.499773046982563
1081,5.143382577913051
1082,2.338274249836549
1083,3.303799485313921
1084,3.0430143202831874
1085,2.245617371033892
1086,6.059834380589104
1087,7.13828406354424
1088,6.066006927129373
1089,3.2798200580896957
1090,7.082182182932723
1091,5.9862614601906445
1092,4.380725530742049
1093,6.686756832309314
1094,6.477863650895459
1095,6.171265574570011
1096,9.730095100184757
1097,4.50586910516004
1098,2.9143933305766327
1099,4.726203606927295
1100,7.902405761722814
1101,1.3296353127528437
1102,0.17363166464219426
1103,4.069056507574813
1104,8.025660978644158
1105,4.347079194465608
1106,6.464512383949092
1107,2.4277099918725047
1108,5.03020720535903
1109,4.682904914294489
1110,2.4816922303415416
1111,9.433079202024938
1112,10.934224121843679
1113,7.843885492481679
1114,7.269967911957971
1115,9.978317337167065
1116,3.974566834861149
1117,7.270653582091752
1118,3.823775687741749
1119,5.116268351553101
1120,7.537584237480702
1121,0.5399014867833147
1122,4.758177697900078
1123,3.3951429550946237
1124,3.227382946235699
1125,6.631491034984837
1126,3.0038682725628445
1127,1.8160662801947713
1128,6.2563480442442705
1129,12.880382185380524
1130,1.8274238957284084
1131,1.2814567917189061
1132,2.1807815920842724
1133,4.545925979785514
1134,5.553747638372834
1135,4.162165804133883
1136,2.1362804035034526
1137,3.327635079802698
1138,5.5776168416991165
1139,4.115824615019344
1140,3.622624967017882
1141,5.220175713671059
1142,2.155564270073918
1143,2.419993996417913
1144,5.3874422019909805
1145,5.163250108254885
1146,7.835453267342465
1147,6.666763429479233
1148,5.855234377798981
1149,9.094024309335074
1150,3.8330454234653186
1151,2.341115956238474
1152,4.906242523824403
1153,2.936610184327909
1154,7.377440208987381
1155,6.923116912260503
1156,-1.0090313664236452
1157,8.02075690581703
1158,7.243260965253207
1159,1.830571886224322
1160,4.889071002286037
1161,9.437151063155945
1162,5.421859655532995
1163,5.305664264599167
1164,6.218218374949296
1165,1.4774785359892313
1166,5.21387001374792
1167,2.958530512547674
1168,3.777402210228455
1169,7.0313458945002045
1170,6.390835804743918
1171,6.771025911435697
1172,5.015083696807959
1173,8.94632592925915
1174,10.612873651119019
1175,0.7459684937762148
1176,4.104064834121319
1177,3.2223000009609435
1178,4.056648443762816
1179,2.9121489115264465
1180,3.9936682763360825
1181,1.9916132171899508
1182,0.34520537758128417
1183,3.585740788125403
1184,1.51814086904925
1185,5.328907450653896
1186,8.03105724626003
1187,1.7688609802302235
1188,1.160666870901159
1189,2.4722134759889127
1190,5.544913456394478
1191,6.793849081909821
1192,5.427451331426148
1193,1.5427754090851107
1194,1.2606172345644042
1195,5.132758246977033
1196,4.0611359097436885
1197,6.338200263715062
1198,3.376063866377077
1199,5.783968350119337
1200,4.994959727206999
1201,3.978837449165411
1202,5.506557055188895
1203,6.573739063398264
1204,6.3809213340847135
1205,4.29305253175397
1206,8.168884383867315
1207,5.55008451571394
1208,1.2766493765368063
1209,6.295890883291386
1210,8.531746756803953
1211,1.0056083916569154
1212,6.262680115304874
1213,8.442994496456135
1214,5.686967973455434
1215,6.081833727822171
1216,3.7201247373885415
1217,3.0995607859118213
1218,5.670946794054224
1219,9.322145752280925
1220,8.730454409913929
1221,6.283159839622832
1222,5.680915637401209
1223,3.543429214671653
1224,4.552248206107763
1225,7.8554462989436935
1226,7.586554350591825
1227,7.128138154153607
1228,12.249971782078175
1229,6.894671395348454
1230,3.0981835833928257
1231,1.394344419378704
1232,7.436013956325689
1233,6.328663700560063
1234,5.861507717364661
1235,5.16391483108383
1236,1.8578925020690535
1237,4.446147755024217
1238,3.178970771416831
1239,-0.13492927702478613
1240,2.068058732111535
1241,6.01650613781019
1242,5.083030562909646
1243,2.755044825604674
1244,6.0601506437485
1245,8.03222941480005
1246,4.902876260977049
1247,2.4753759508828588
1248,5.06538782710471
1249,7.7233119813988464
1250,5.59803186702861
1251,8.475147828396068
1252,11.223604032305921
1253,6.7014519573935125
1254,6.8705837675463
1255,10.066436490349005
1256,4.869673368879001
1257,9.243599766077002
1258,6.843939070757731
1259,7.683301829826981
1260,8.771508739441122
1261,9.044313443475593
1262,9.905659948802834
1263,8.932136932242285
1264,5.326258188488918
1265,6.818382723028548
1266,7.126945199535506
1267,7.778056406735562
1268,7.320342433810766
1269,10.224785034511552
1270,7.345081486053289
1271,9.313417509024802
1272,4.782811405407376
1273,10.958802956194862
1274,10.817081909752382
1275,3.9337111125770043
1276,5.190323512193248
1277,3.9249635543752848
1278,7.257930100886305
1279,7.634262649636952
1280,4.840063113919253
1281,4.926449851724055
1282,14.43639921359997
1283,11.48178427526154
1284,3.633098959522449
1285,4.082201659039167
1286,2.036119937595321
1287,2.984348923983766
1288,1.7009903743609882
1289,1.7339626044786682
1290,8.481004482258589
1291,8.707724270162263
1292,-0.1762355010825551
1293,3.113743456346368
1294,7.799252541903118
1295,6.286074389113612
1296,6.790879634550831
1297,3.909415655868015
1298,7.316991416045104
1299,6.099997573208226
1300,1.433743990477225
1301,4.29529184897947
1302,5.467854570614275
1303,2.751615868319369
1304,3.8784801022259034
1305,5.5167320782482285
1306,3.0007043984012447
1307,2.2664740405218757
1308,7.125545657362409
1309,2.607268338801364
1310,4.934572710959628
1311,12.815518245092159
1312,6.534800911077661
1313,5.077030703368853
1314,9.279144833104194
1315,10.100945160569914
1316,2.746525401910921
1317,6.512715847212626
1318,9.772069510865856
1319,9.016810526774849
1320,3.025113878775265
1321,7.247374049617847
1322,10.128919206028716
1323,2.4069445509645617
1324,4.612290563174085
1325,7.6746326199185875
1326,10.481144948493997
1327,4.882082607078178
1328,15.355873284155408
1329,3.4966077449073
1330,7.63176061526108
1331,13.145385447576256
1332,8.110281525858136
1333,5.538725804177896
1334,5.8337311794851985
1335,3.35427150271942
1336,4.294070926478765
1337,7.906930805348502
1338,5.686249282451024
1339,3.352814570791718
1340,5.273442240271152
1341,8.230814820418574
1342,3.610407676770508
1343,4.0449055739696025
1344,2.9150736404771864
1345,5.164114773580053
1346,4.7246171434573645
1347,5.513615220958132
1348,0.7044878318306974
1349,2.2902560988559526
1350,7.9966952986928
1351,3.2810233030951466
1352,-2.8234782877251843
1353,2.3983135015421593
1354,8.470753394306977
1355,2.457949335695337
1356,3.1104039673083226
1357,1.0555594752082476
1358,-0.5414733082358927
1359,1.870478615928234
1360,-1.600456757297378
1361,-1.0794405715633248
1362,1.273031331563733
1363,1.5574240780613449
1364,0.8678547806438505
1365,12.351302032911144
1366,26.678861726205135
1367,24.56793318281709
1368,32.06231689289711
1369,23.06831248618965
1370,21.15567441390307
1371,21.680641433331573
1372,23.637621909594692
1373,24.850591242219604
1374,15.820030192062092
1375,1.2539815490821353
1376,1.621114881800879
1377,9.171219506631713
1378,6.053264751107759
1379,8.706804344064755
1380,17.014121380550502
1381,2.450872107546163
1382,-1.9386482746812772
1383,5.33846332177843
1384,19.644106175485298
1385,10.643793547716314
1386,0.06095731969255109
1387,11.40898456277176
1388,18.3393430092086
1389,-1.9318938744580663
1390,11.589411323335794
1391,17.03606354464771
1392,5.636553544570204
1393,2.9760041457596103
1394,7.222253224165119
1395,6.466145149129659
1396,-2.239269824219325
1397,13.025099071639117
1398,13.837028205812883
1399,4.812921307277316
1400,1.601622473266704
1401,0.3252842292241479
1402,1.8126140949756244
1403,4.685049986987041
1404,28.766155315070304
1405,6.83284715316424
1406,-2.415870098227631
1407,17.443433095266137
1408,1.541333242456156
1409,-1.337030149020268
1410,11.289163410362567
1411,10.96161700179123
1412,-6.624176678670967
1413,12.737959026900622
1414,8.903162762865602
1415,3.4682889871407343
1416,6.753619957447968
1417,8.827376234754828
1418,7.538382035571662
1419,8.556281355434544
1420,14.612321496550301
1421,15.215793965838436
1422,16.963844398216025
1423,6.474162417895212
1424,17.615179033834263
1425,24.061046754014523
1426,15.865126415008868
1427,6.784700100891791
1428,9.271611951335576
1429,9.093086822235863
1430,9.841300612676598
1431,9.260348050928108
1432,11.984617206418086
1433,12.300504279143459
1434,8.627349599845227
1435,11.781251381726191
1436,1.9665292940023422
1437,4.441956801915442
1438,15.985919897420219
1439,8.200836320640159
1440,7.111517159940316
1441,10.298903797546492
1442,4.835029571439908
1443,3.3492789707472994
1444,11.20413615718361
1445,8.333411317710896
1446,1.616151146456515
1447,7.489519575787161
1448,7.064157898888355
1449,4.797795151901631
1450,5.882650524874217
1451,6.921609315658766
1452,12.533172901020265
1453,15.13063133236335
1454,14.322122232983533
1455,7.371463790982953
1456,3.4282565248224897
1457,3.406390523395112
1458,7.634862642392978
1459,7.3817667661975
1460,8.390857335481709
1461,0.7182730142093062
1462,11.81634686306005
1463,10.142581047379686
1464,1.8384725944162874
1465,5.1419012924356675
1466,2.2987042166018186
1467,0.6611387587861414
1468,4.39506041307484
1469,6.474944096471833
1470,8.3644594245716
1471,14.546988385146854
1472,10.725771574890867
1473,10.197095759728336
1474,4.7559526988805585
1475,12.303345566331332
1476,6.527542503222957
1477,10.70249024413772
1478,16.37816940716436
1479,6.0578695300788
1480,3.1723700914151336
1481,12.368889499829676
1482,13.020837255358117
1483,12.420853660144978
1484,7.255886512774276
1485,4.4390725925024475
1486,10.460091602760956
1487,6.775944874191326
1488,6.158142914714863
1489,7.133740516143248
1490,4.298724722513833
1491,3.9152314455370245
1492,7.667232518330798
1493,7.933274449734792
1494,7.626214425986444
1495,13.712629903878678
1496,8.542252101119798
1497,-0.8090791852646598
1498,4.893665765881884
1499,6.958552519688898
1500,5.909480541484726
1501,8.154715938086962
1502,7.966019661841007
1503,5.173241449710643
1504,4.316026272850616
1505,11.587320058262087
1506,2.390962204146312
1507,4.17052887375903
1508,7.854378084751779
1509,5.2291607162786615
1510,0.1599072219716159
1511,3.6947178466548602
1512,6.872389914139817
1513,5.758274825187778
1514,9.829916214469407
1515,4.483622469102873
1516,1.8649615806058486
1517,2.0823838803551653
1518,3.0169398152437825
1519,6.909679388091603
1520,6.330276895001958
1521,4.374205643064301
1522,1.2947313348659333
1523,1.9952794486628866
1524,3.5910275717225493
1525,7.921000558088163
1526,7.583268743885739
1527,3.602733863781983
1528,8.988773025893822
1529,9.336676584259239
1530,10.40631912672189
1531,12.733850997765344
1532,6.380068652754736
1533,7.741017965510038
1534,11.39747244827287
1535,5.1492613848666196
1536,5.98106934732341
1537,11.191322579383472
1538,7.420226658031017
1539,2.6805047609654302
1540,9.081305390535375
1541,4.62679487409229
1542,7.3511411012908185
1543,4.7198423530729965
1544,2.5922364972723875
1545,4.869864354336284
1546,3.238984345177206
1547,2.2160371028646044
1548,6.970911037560668
1549,4.856328740537211
1550,6.866121715448975
1551,4.32337946775285
1552,4.53356508274913
1553,2.0682204826939636
1554,6.442379789244551
1555,4.8186593542787355
1556,1.1763352320540983
1557,5.184416603353105
1558,6.487492892985015
1559,1.6822620927584309
1560,-0.49742514843965685
1561,12.662884931030455
1562,16.83472295763685
1563,4.630908073009668
1564,-0.258170702231358
1565,5.596333071256447
1566,14.398535753182792
1567,6.655049011879137
1568,5.79945254406054
1569,3.404025511276688
1570,5.073253664526633
1571,5.957470677535205
1572,-2.078534082248048
1573,2.5891291165815344
1574,11.670963435122113
1575,6.09378636727699
1576,-1.592664628265069
1577,6.110234306466128
1578,7.3091815047575475
1579,3.028571317317312
1580,8.35330569334616
1581,11.408593929012575
1582,8.800025187292475
1583,8.140164801621568
1584,11.13935353652353
1585,8.242470664931835
1586,11.091893586098038
1587,7.12245752651284
1588,7.633330873135173
1589,8.692899870380552
1590,8.252844881722103
1591,10.126508311935966
1592,4.793643688874139
1593,7.164529130219048
1594,6.995537612146375
1595,10.36889236861867
1596,6.169630576294727
1597,6.072137384560365
1598,11.91165140997831
1599,10.054111520273242
1600,5.191682932489718
1601,1.0880211989773614
1602,6.005539805115923
1603,7.041192593972063
1604,2.4895325073772345
1605,-0.3774072774990948
1606,7.004575436819242
1607,3.203652636766139
1608,1.3882455014120294
1609,3.206302537625234
1610,5.773651235475185
1611,5.564179029167805
1612,6.039152749266491
1613,2.9482045299256137
1614,5.3222348040127265
1615,7.389328848995667
1616,4.570450881011893
1617,2.8702624276760766
1618,4.539050915214276
1619,7.414178185111095
1620,3.365309166214388
1621,0.3059508298488663
1622,7.77749669579686
1623,3.312679580076427
1624,-1.0130578407116346
1625,3.523040094452534
1626,4.359009464088338
1627,2.979747555902821
1628,3.1789690735776017
1629,7.430421053593746
1630,8.198688278213785
1631,7.095354150682003
1632,9.89092046323208
1633,8.526831769850773
1634,11.98643787508726
1635,11.95395596732731
1636,7.184631959506834
1637,5.992662925053252
1638,7.553416048123683
1639,12.123996915272064
1640,12.191705175821953
1641,11.220950152762784
1642,9.226779811830193
1643,6.185964487407416
1644,5.496431538746592
1645,-2.5312220869493514
1646,5.791748918655813
1647,6.9204916352125885
1648,4.544033775547423
1649,6.084133514069439
1650,6.715585516452384
1651,10.569909844881133
1652,6.7769637885035365
1653,12.743516672041705
1654,5.163547542154788
1655,7.631773157268143
1656,9.542026814438529
1657,6.278452062299319
1658,3.656409539046296
1659,10.277854035839821
1660,9.914888097393996
1661,-2.4591346234680596
1662,4.69660579259068
1663,8.402411948088453
1664,-1.5614371595141165
1665,-2.6185775900203767
1666,4.1243978221896205
1667,7.410995578065574
1668,-2.647260850502873
1669,-1.7579174996413585
1670,13.219996638198024
1671,9.75981816804874
1672,-5.3778621401149636
1673,3.7575113683444523
1674,13.594425467076334
1675,5.6601417340668805
1676,3.2818100762024423
1677,7.624726269380545
1678,4.653567313013945
1679,2.1204550024076965
1680,2.273944144034327
1681,1.065010690845804
1682,0.8465009878700512
1683,7.778585792973306
1684,8.940403425512033
1685,5.457363142248053
1686,2.293396072551911
1687,10.045870245200136
1688,14.882772556636509
1689,6.302234905215335
1690,11.705324932447127
1691,13.929642339304783
1692,4.983567122611044
1693,3.293087771600622
1694,4.554648051637675
1695,4.166569689077398
1696,6.210968785383636
1697,5.914487109675897
1698,13.712350303351242
1699,10.139522655795634
1700,2.681777837273106
1701,5.85685083674187
1702,9.196604149656256
1703,6.296874860593485
1704,12.178267150464308
1705,10.288294776721122
1706,11.817118836938793
1707,12.346999748603386
1708,2.9659317836648755
1709,9.290187141691867
1710,12.298250783304772
1711,11.23124872308568
1712,13.360187199124342
1713,8.759889420772646
1714,4.596699254503862
1715,9.715279550187349
1716,-2.624193082664989
1717,-5.58762336351559
1718,5.7145217598058595
1719,4.74565115848232
1720,-0.304780258215799
1721,9.416880413493763
1722,5.208548615780441
1723,-0.5309058819725628
1724,1.5371054534493185
1725,11.110855604158147
1726,9.176877500158135
1727,5.426193222848439
1728,5.9738906771614735
1729,6.049361061657688
1730,-3.3987157393112497
1731,1.8523737679272971
1732,16.013795260775304
1733,7.41724816762828
1734,1.8180259577447133
1735,4.600854493675536
1736,4.106614691208082
1737,1.723205191104875
1738,9.054251805360762
1739,10.907059480834462
1740,8.355403682563923
1741,8.193644620874707
1742,12.778159412377446
1743,13.607369766153724
1744,13.744485269374229
1745,13.398774622624874
1746,13.30030034487841
1747,9.493490576586971
1748,7.933649387966163
1749,11.719233254918754
1750,7.333605358450331
1751,8.70835480074513
1752,3.8659114309678038
1753,1.7547988173528222
1754,4.607696193134604
1755,3.070235946559689
1756,5.609447500329529
1757,5.649450290165617
1758,5.8937127595391905
1759,4.844790591146848
1760,9.4947468996373
1761,6.099138333397565
1762,8.1240659959213
1763,9.54003405451538
1764,8.95782717350041
1765,12.532116029165913
1766,12.452316092982521
1767,10.334806075077205
1768,4.855921697056134
1769,5.0418398581729456
1770,9.808454304977703
1771,13.889047683207872
1772,9.481208839696915
1773,3.554907853777357
1774,1.7771699848575429
1775,-1.7915282072373016
1776,-3.656896168274274
1777,-1.231192541228304
1778,2.5451223919254162
1779,4.616530428359275
1780,4.348514615927301
1781,4.261329133379252
1782,6.891243563290779
1783,7.051660319330484
1784,10.636729029043867
1785,7.490724487993843
1786,4.9623319477790915
1787,8.942074786346117
1788,19.55178534627482
1789,9.426511651430262
1790,-4.207313874094692
1791,8.925406078617597
1792,9.542596422942623
1793,2.6254075956597425
1794,12.287216409378788
1795,12.90739153706958
1796,4.686726804027757
1797,5.853028751109339
1798,11.5433539892336
1799,7.536313413262359
1800,9.334433976009402
1801,11.854324193667352
1802,9.118074773332571
1803,12.50915525201694
1804,13.384717041573625
1805,11.483276804089611
1806,13.18050970597615
1807,11.985740031564175
1808,9.459479654064902
1809,3.4714469662091347
1810,7.560442771607558
1811,5.8684701689343335
1812,1.540878951683103
1813,4.121455388276529
1814,0.43189149975347585
1815,0.09563399045725623
1816,1.505625548011156
1817,3.223612083743713
1818,9.325223463597574
1819,11.64262019882131
1820,5.654530774528641
1821,6.139728851354312
1822,5.577903375651162
1823,8.624140290502414
1824,15.713335132443468
1825,8.01529284800902
1826,2.541452422863052
1827,14.236965527985832
1828,5.4114139899783895
1829,3.833563475455982
1830,16.471402395003448
1831,7.5738973198307304
1832,-4.644479812582033
1833,5.665824152736416
1834,10.202672838076664
1835,3.3142273767054067
1836,-2.9897113081431095
1837,1.77974066618998
1838,6.534663002308355
1839,-3.9614916645888276
1840,-7.207476888607008
1841,10.908677718849342
1842,12.965205026476589
1843,-1.441217893516362
1844,12.128460523304408
1845,17.622919934412167
1846,-0.7760006237663128
1847,10.422684281788257
1848,19.832782116866195
1849,9.510962396725864
1850,11.685811141155037
1851,16.565374493759727
1852,2.002363490746665
1853,4.91352328694372
1854,13.094965257986404
1855,9.994448658131617
1856,2.747477814947851
1857,5.663029729274443
1858,17.907963399276024
1859,9.877808608259055
1860,-2.2490259170517164
1861,11.318306610495831
1862,7.586097272787833
1863,1.4906565447166373
1864,16.030692000765058
1865,8.750880198622138
1866,6.716143751801461
1867,7.634416264944055
1868,6.544371286394469
1869,-0.7945874198165674
1870,3.0261824550318335
1871,11.803514751335786
1872,3.1294863505749144
1873,-1.4470768565879124
1874,3.00435928491395
1875,2.8945339267888346
1876,-4.002619302497469
1877,4.126291550392424
1878,2.0903296691732214
1879,4.594954050662099
1880,7.740748391402762
1881,3.162280822720355
1882,3.7659637870636913
1883,11.404254199214177
1884,6.352275489154993
1885,6.767451018287177
1886,9.837751420178433
1887,10.334553452815396
1888,12.11129635133782
1889,5.387799205053506
1890,6.9280341944383235
1891,13.900879442291277
1892,8.781043441425947
1893,2.2772153081983846
1894,2.8764221976363937
1895,10.847913477755581
1896,3.2686299654807396
1897,3.7611977045258485
1898,10.036701649732382
1899,5.242261259636052
1900,6.623617706750699
1901,7.121923171349596
1902,6.818711321085561
1903,10.2667966748721
1904,8.49394119513209
1905,13.050432446995973
1906,10.3071890224043
1907,10.171301327736696
1908,8.702539604753278
1909,10.677553956813664
1910,8.191776085509003
1911,18.829407912461054
1912,19.025518515509173
1913,10.593062224198256
1914,8.18956638058243
1915,9.718454947844215
1916,7.320168443599102
1917,12.01039475261538
1918,12.388263799718501
1919,6.372144191755468
1920,7.3827092221985104
1921,7.123074935646721
1922,4.1920673879966195
1923,4.635356525384081
1924,7.121444202581988
1925,7.088800525582012
1926,6.787805091386249
1927,6.151323884399159
1928,2.942634555238561
1929,5.925662150505698
1930,10.624424509470265
1931,14.428908046752463
1932,6.886900995892361
1933,6.325767381652851
1934,6.020245361285875
1935,6.016505700852288
1936,5.654257368774195
1937,3.2187763231475297
1938,5.21452444411096
1939,1.004098667326947
1940,-1.1355792547158188
1941,5.467812163786888
1942,4.4016029246343145
1943,2.617401751602096
1944,4.380426010490245
1945,6.979433355605888
1946,2.4063970356353064
1947,-0.9661485658224015
1948,7.302423379600191
1949,19.410840419957854
1950,17.804723888536273
1951,13.510846015995517
1952,16.020698635079782
1953,12.477239438750258
1954,15.499721492517137
1955,14.233251785443514
1956,9.400866118350319
1957,10.211963945062426
1958,10.377989990203744
1959,4.426717766322172
1960,-2.338824926257692
1961,9.30291689181691
1962,17.202244967539198
1963,14.63339146102642
1964,20.350012769950823
1965,21.53602318782746
1966,15.493220274654833
1967,19.146421913705492
1968,17.428223217926696
1969,30.965321506257308
1970,36.89394646099712
1971,31.48858642845462
1972,37.196987965239266
1973,30.139830458167165
1974,20.83112298421681
1975,18.229948008419328
1976,3.851611227044552
1977,-1.6404194487312145
1978,3.9679500163300148
1979,-1.7623645738218363
1980,-6.098920162879625
1981,1.9829765329722244
1982,-5.241379355958315
1983,-8.98061025471225
1984,1.210256033250292
1985,2.4026270552103313
1986,0.8041476983525259
1987,5.322719296987452
1988,12.229068529790736
1989,10.91891094121734
1990,3.9439224766963776
1991,9.192762146848432
1992,4.215780521836153
1993,2.2026464315027647
1994,10.66270221176342
1995,7.843732495339225
1996,-0.14361166279558338
1997,4.744240232437251
1998,-1.1294733180699907
1999,-12.415974896838756
2000,-1.984323690309952
2001,10.290032720687744
2002,3.314661460785313
2003,0.8705887022579178
2004,4.556754323842015
2005,-5.067906039672789
2006,-5.369506754107966
2007,20.396487440404783
2008,193.00623650203522
2009,197.66372789922488
2010,-6.275667415414155
2011,68.9678997750754
2012,136.4682734218172
2013,11.87506681271955
2014,12.876214199933774
2015,109.8245291266648
2016,30.664905902330815
2017,-7.450742873702104
2018,21.428826568737986
2019,10.31409596451101
2020,-0.9171092466895298
2021,33.48095458857346
2022,38.25613822054734
2023,-2.5145500419403497
2024,1.2932479924967337
2025,18.599305276605904
2026,12.808684797720531
2027,20.734635993780024
2028,35.48163965507104
2029,14.265121955737813
2030,6.859494075746808
2031,33.61099619160942
2032,26.680060301580216
2033,8.065142469082573
2034,38.05551760719992
2035,25.098136341929187
2036,-0.9490014407527441
2037,4.109049597704943
2038,-5.3334672342252585
2039,-8.66418085905749
2040,-1.2746646353151414
2041,9.079827235747144
2042,3.0470656038115425
2043,8.277047416171767
2044,21.08805368834547
2045,9.198110474457364
2046,21.228846356543894
2047,52.26762210200488
2048,33.535327605958976
2049,30.03420230464272
2050,49.212146337203464
2051,21.17435560860115
2052,-1.6670625581681815
2053,35.271696360524125
2054,27.2532221174976
2055,-1.44306947476768
2056,15.336932891165482
2057,2.800604429148615
2058,-18.450182136584523
2059,2.144654687169174
2060,3.1205402021938835
2061,-3.3859892062124906
2062,4.542638446097803
2063,-2.0755393973440937
2064,-4.33387653980139
2065,2.929516358242015
2066,19.201574127370908
2067,20.674629761703624
2068,17.63604814176545
2069,21.697745492430737
2070,11.127706312784603
2071,10.879731881531074
2072,12.032793732585509
2073,7.291519562130162
2074,6.606006144591146
2075,5.385856388126409
2076,3.2243961406104273
2077,4.718669977611128
2078,12.844328834729637
2079,17.034487560539837
2080,5.569468921376076
2081,2.072738627620602
2082,6.180681353280929
2083,-0.5075760077565475
2084,1.7826486736359435
2085,16.32879001312863
2086,8.654163098313651
2087,2.22136018717806
2088,16.129268721806834
2089,12.432989692652157
2090,18.67920685774529
2091,17.854498205755196
2092,17.436118477266753
2093,4.23169366058822
2094,7.946708809989051
2095,6.713006948958994
2096,-2.1907965594319916
2097,-2.8260681880024294
2098,-5.386722170962091
2099,-10.736726732319935
2100,-1.7316083501120778
2101,8.087103848983526
2102,10.979976007021842
2103,10.461860988016195
2104,13.349416576620015
2105,14.179713240657064
2106,15.490233837061425
2107,11.560874908402917
2108,6.855805529207496
2109,9.607714976398986
2110,5.080057518550983
2111,-5.966018021170326
2112,2.389991614401
2113,11.7790476719496
2114,9.929154215010199
2115,15.310944131844352
2116,-0.9562247249765647
2117,-0.9057278476165269
2118,1.9560724488093275
2119,12.480867012644419
2120,11.863231092918348
2121,8.869317839465891
2122,12.299814773213145
2123,6.75547571410829
2124,3.8050846037941803
2125,17.208881402807176
2126,21.014096742031853
2127,9.444262084077938
2128,13.882027856385061
2129,21.02270715419
2130,3.586053980287732
2131,5.463436090672487
2132,14.34582712312596
2133,6.330020658672599
2134,13.782407266074838
2135,31.44604026037649
2136,17.706227743330306
2137,13.274250375678886
2138,15.145276586806878
2139,0.36193582410343744
2140,-0.8005615980872451
2141,26.50132961489825
2142,13.677393401025249
2143,0.1747937439261815
2144,8.481062744286765
2145,3.656452978091128
2146,-0.6872054450931739
2147,12.061895336054544
2148,21.559338788457424
2149,-2.6738115297391674
2150,3.929759591778596
2151,16.936729847930817
2152,-2.449688406263692
2153,-1.126763451580939
2154,13.23033854345465
2155,1.0016829749467637
2156,-1.1083197692588413
2157,-5.04883762228054
2158,-8.270737737079605
2159,-5.753325921665694
2160,14.526768741017534
2161,14.081846439724947
2162,3.1261238059179677
2163,17.77425470369131
2164,20.71967909778811
2165,5.827384305149115
2166,9.300794679852725
2167,-0.5996164084955345
2168,-5.67357726913534
2169,7.373691493096831
2170,8.404052685241396
2171,-2.5815988888233155
2172,3.297786267685655
2173,9.252680732575392
2174,9.652631720987907
2175,14.53918258820925
2176,1.0321699066906835
2177,8.687528119433214
2178,12.12305740262921
2179,14.186453521442385
2180,10.440601064380552
2181,11.684678217384768
2182,11.10741789626727
2183,5.8910805743693935
2184,-0.5530747764201503
2185,5.234365348002664
2186,14.498123721202598
2187,12.83239112428099
2188,9.245965952986579
2189,32.53298584652534
2190,9.796880562847871
2191,-10.79146648006876
2192,6.934186110070652
2193,4.285526248408854
2194,6.114951225206739
2195,20.406079479092003
2196,6.642456460458166
2197,-11.384794493461333
2198,-5.54985691453679
2199,8.279658670424014
2200,3.1095809805987087
2201,22.82857828406596
2202,20.923814870476924
2203,5.654156218173444
2204,0.017313002258083333
2205,7.533238162851337
2206,12.814481023908508
2207,6.328370561095703
2208,12.049553839879287
2209,8.10751821636451
2210,-10.443369689331293
2211,-5.468985235620322
2212,-1.5864444169356908
2213,-12.441712055181775
2214,0.026172573675026456
2215,9.00048044410558
2216,1.7526437988491168
2217,3.787322142973046
2218,3.050950448321905
2219,-0.7287018010280478
2220,11.62193467757106
2221,12.926975212174225
2222,15.736058326550655
2223,18.056522408021365
2224,7.643168397672564
2225,-7.620933727273616
2226,2.6954788553406646
2227,-5.78459182639904
2228,0.17934739060382357
2229,15.794751641453438
2230,31.371505424369772
2231,19.708045283047465
2232,4.104453148728844
2233,3.2723339692079594
2234,5.56769109077151
2235,13.978823467257154
2236,23.455856873859535
2237,25.72979518028121
2238,18.023183370164382
2239,7.2567560221489265
2240,0.49708964567232766
2241,10.34745028567151
2242,-14.220403597992087
2243,-1.6348162475931907
2244,17.445003617095686
2245,35.624716574958214
2246,24.25097231428572
2247,17.322399778972635
2248,1.5002290093160926
2249,10.003233076759024
2250,21.00319546815569
2251,7.702791594693253
2252,1.8369473612749194
2253,6.640196935397253
2254,6.7053847994358895
2255,-4.217647803591996
2256,2.9325008515992543
2257,8.8288848856066
2258,2.8370171164713396
2259,22.619859539685162
2260,24.151156461818537
2261,9.51352014745423
2262,21.433299010871735
2263,34.67285231254285
2264,16.190905353424657
2265,7.336927027136064
2266,-3.9772360115303633
2267,-6.8488581056136635
2268,-10.516072828407287
2269,9.602858959866754
2270,9.51444938461377
2271,-0.22058253174553974
2272,1.8418561417889687
2273,11.990027056638956
2274,0.8790813491903714
2275,7.833234865281487
2276,13.853987592153931
2277,16.051462263982703
2278,18.844996646925303
2279,25.033184905277686
2280,14.75167486428964
2281,2.7451974567620363
2282,19.4219214308466
2283,1.8855819175541937
2284,8.865336025598967
2285,-7.772657592704742
2286,3.2641465173368918
2287,11.02419111464425
2288,21.89569532478065
2289,15.404080846139657
2290,10.532740264700312
2291,7.490783777124087
2292,31.604057412210768
2293,47.83544444018776
2294,52.64293711516925
2295,29.56855092944059
2296,16.523439365053598
2297,8.97285536707819
2298,-17.327557308537028
2299,-39.41355258610031
2300,-41.834583222112656
2301,-24.78914401788084
2302,73.53590584543734
2303,236.2651939064124
2304,164.09033512920325
2305,34.998075092082225
2306,81.37001158454362
2307,138.04243966590613
2308,35.91064512926474
2309,58.99145930578313
2310,96.81307704929452
2311,-5.182152534852147
2312,-2.5284466483951853
2313,-12.278684657328306
2314,-11.020236045751664
2315,5.602814339638525
2316,22.86188394154343
2317,29.134375235768037
2318,3.386169086812702
2319,3.6779337108039916
2320,36.93958072192064
2321,54.81123550311167
2322,83.99327280114674
2323,68.74675352718505
2324,0.3457221668886643
2325,-5.359918015124897
2326,16.64399367113823
2327,5.229228931337066
2328,6.111267874309935
2329,16.23037421620116
2330,4.551161836128222
2331,14.270276758360284
2332,-7.887256682561669
2333,-9.642995083160864
2334,5.959691686576677
2335,15.507665596581894
2336,35.70615808077394
2337,47.277109576267776
2338,32.69474195991699
2339,19.474235029673757
2340,30.666452815233743
2341,38.72913208172387
2342,50.5481869775226
2343,23.290121067283753
2344,26.438675612155528
2345,60.21702315961419
2346,37.05960825631966
2347,7.993415649342789
2348,-53.49003614699119
2349,-43.71678780705832
2350,66.96498076401417
2351,167.7579006988554
2352,429.14118847202195
2353,167.17681787711817
2354,58.70882976601255
2355,201.3584624664607
2356,173.30162853842373
2357,1.1187489984843577
2358,95.7327065337121
2359,153.36507887990803
2360,3.5880549732936307
2361,32.482952340677635
2362,29.386963301173665
2363,15.851235986911561
2364,35.04493227390086
2365,73.08040757219985
2366,69.17019847356089
2367,51.91462054142315
2368,42.35735081872137
2369,74.94563785633792
2370,27.855702841040767
2371,20.451476779081343
2372,67.60536135596693
2373,19.298201698919403
2374,20.92630489531024
2375,66.9175002626894
2376,-3.1196436362131834
2377,4.472039905730731
2378,48.75634350330835
2379,69.948924259515
2380,40.72900272013274
2381,36.649766821356245
2382,-2.7783012638749294
2383,4.476637607336584
2384,15.803841620510111
2385,24.0039414919764
2386,26.380844575212826
2387,21.511986692893075
2388,13.919245915781884
2389,1.6135659782443288
2390,-18.364635618816454
2391,13.504914042197127
2392,11.455149003360383
2393,48.83666512718029
2394,57.267760790038345
2395,33.058952068610374
2396,20.068625817995336
2397,48.91427281652771
2398,52.83254238655789
2399,10.225069249617055
2400,12.556560793560761
2401,26.074987564441205
2402,33.642852303302455
2403,20.47301761045394
2404,-42.56571420554221
2405,-44.2226313583052
2406,-38.157872801982215
2407,125.76939403457311
2408,299.5392547525491
2409,77.61926229992407
2410,107.19262056488513
2411,219.04334103983567
2412,150.4245218063641
2413,-3.45306805004153
2414,150.16293810244687
2415,88.70305741487762
2416,-26.109600642462834
2417,9.148615864334676
2418,1.1595428676962078
2419,-8.77133241160815
2420,-23.35119958985744
2421,22.34911943216528
2422,44.19293640045172
2423,21.72648482557312
2424,47.612209092637585
2425,84.34199212345993
2426,51.27798629533731
2427,74.45486647196645
2428,122.04191035695591
2429,22.518889286626337
2430,13.032682582445778
2431,85.44759874642601
2432,22.370905012566773
2433,-17.597196614194424
2434,-5.043065917148053
2435,-8.618272618623562
2436,-11.597723471797137
2437,12.753546026382619
2438,-0.3952467161107193
2439,-2.8284530947878266
2440,-3.6645960719317365
2441,18.924481586553682
2442,37.337757261817195
2443,15.750732657429715
2444,28.037112425035385
2445,30.27679876512397
2446,12.671824355492872
2447,64.90080969150955
2448,65.90700969050879
2449,35.847555611306
2450,39.82472108160968
2451,29.42930644792756
2452,-15.640152389610593
2453,-44.35039623651712
2454,-26.940321854092588
2455,20.522041955467582
2456,34.860161682062405
2457,1.4097300298150917
2458,-11.340299917146993
2459,22.186975649794295
2460,30.20385038574295
2461,219.67246696478944
2462,217.25512396672286
2463,-17.78902486131101
2464,-6.3777614692750175
2465,165.28189770091203
2466,94.62290713362825
2467,-7.17936303340959
2468,189.66127040151164
2469,129.0894923046735
2470,15.360164220010423
2471,-8.739495198993213
2472,10.587598231125844
2473,-14.498389614415103
2474,1.3510328093813084
2475,53.00141355708298
2476,18.161879767602738
2477,-24.778582797167857
2478,-13.603911694309918
2479,7.405344776427956
2480,-18.974661469135516
2481,31.614578128500025
2482,122.2860184583866
2483,57.34606617389159
2484,42.036236557518784
2485,92.85754238540171
2486,58.288202875200945
2487,20.134349462489688
2488,58.620736036852115
2489,39.52199346740719
2490,-5.430500592909044
2491,-48.67945679120758
2492,-60.87825161336982
2493,-56.931882458201045
2494,-36.15309117540482
2495,22.68390627576978
2496,12.271647973407909
2497,-15.373960349597803
2498,-6.106271422211873
2499,-7.85544962133213
2500,-20.740601794924572
2501,28.361821863545245
2502,74.47105212639968
2503,57.759649109046705
2504,73.4720352222374
2505,60.13396547684809
2506,5.226610510535129
2507,2.9727341134627316
2508,4.705135501340542
2509,25.382573543245705
2510,-2.0952868982856288
2511,-67.73681402216646
2512,-92.31493236667936
2513,-114.7941119664601
2514,-16.80097185598692
2515,49.19958245068412
2516,276.9726905575393
2517,168.86888105055317
2518,57.9978730593918
2519,154.09736510558085
2520,186.94145494584598
2521,62.29343286262107
2522,105.9295693165842
2523,223.98349101785047
2524,16.406803196236236
2525,-39.40732724118978
2526,-41.83903675197916
2527,-47.10801194691459
2528,-8.43898719232418
2529,40.91327551272605
2530,75.26759403833064
2531,30.45372780999484
2532,20.9360793789337
2533,1.0380489676108002
2534,-21.240567156220713
2535,-16.52199373304813
2536,64.88668449469277
2537,68.27876947613386
2538,36.00061810939602
2539,58.02871968743826
2540,103.17757310615627
2541,50.60010444945629
2542,85.2459450645685
2543,63.99742557752088
2544,23.174679595295974
2545,44.73604310194221
2546,14.366483888375308
2547,23.138509938126116
2548,-0.03797241769023688
2549,-2.9974794032259062
2550,-13.356293287195452
2551,-25.742542736811668
2552,-31.673876203403363
2553,-36.57749836090258
2554,-16.76476387948828
2555,16.97816639175283
2556,37.23509863762189
2557,71.25671160570091
2558,62.159284364016564
2559,76.00740184777602
2560,67.05321874842632
2561,53.71373324844487
2562,76.02285465882858
2563,31.107625003246213
2564,19.328139172530538
2565,24.520260792939524
2566,1.0287260688288298
2567,3.9351771283344337
2568,-64.99552541882086
2569,-74.26834617403487
2570,-25.61681709974851
2571,17.16188469296774
2572,172.4020199179701
2573,14.688369017611391
2574,68.58489036531293
2575,206.28637609346958
2576,224.84514533987542
2577,157.41510749051585
2578,286.9383982114784
2579,217.73441747742083
2580,48.05967768737023
2581,-31.93130668804133
2582,-29.44369629583719
2583,-32.00353304992608
2584,16.809438626729413
2585,27.179725137162894
2586,2.8278096708707565
2587,23.248517789968812
2588,40.456007851248366
2589,54.62140177052853
2590,63.71990811785829
2591,48.96389008560073
2592,87.61283297082946
2593,57.199600524581285
2594,10.593112582009352
2595,68.41461173797926
2596,103.84910321185734
2597,74.15808469109697
2598,128.0398067519184
2599,80.87563479907585
2600,16.84739129152138
2601,-12.894503189704109
2602,-7.45510417678405
2603,39.04490826709516
2604,60.674809362122
2605,57.23244904485818
2606,28.860678737607124
2607,26.19583284580889
2608,3.3608139333603773
2609,-25.058668575701287
2610,-70.92226729046796
2611,-55.906993560392316
2612,40.910284360011055
2613,89.69889819685015
2614,113.27154887847801
2615,69.671517976271
2616,81.06088466797252
2617,97.9113830729874
2618,102.37076691060942
2619,72.61554286895515
2620,-6.250313229009385
2621,-5.153829323457985
2622,24.388385080208113
2623,38.23470651298178
2624,-50.71044796776434
2625,-114.85757377134422
2626,-75.65003544154065
2627,-28.417574487933763
2628,140.57494537116875
2629,162.50357526944546
2630,46.78928994557096
2631,92.9620425761001
2632,203.66510201984852
2633,176.05454976177776
2634,215.23311863774282
2635,344.6251128638045
2636,212.65079300326747
2637,66.99479766627304
2638,10.755979915574716
2639,-55.17124248541681
2640,-62.45000721317651
2641,4.714620076279264
2642,41.24305309894754
2643,74.36133164296358
2644,50.51723911210444
2645,34.63230569801317
2646,8.0512783323187
2647,47.985754514344166
2648,14.502430201544223
2649,93.48831264753859
2650,39.724934504297416
2651,37.57243483427503
2652,105.30043017386231
2653,103.27266531577301
2654,104.4571290490224
2655,126.29413031110288
2656,112.32668102226688
2657,33.1828810975095
2658,-15.477358575063382
2659,-35.68911649770234
2660,-7.427330065647901
2661,9.51775647045015
2662,78.84206986510095
2663,67.94006054200857
2664,59.01844950182462
2665,23.90926773486873
2666,9.717827196238401
2667,15.710495448084394
2668,30.166058747346522
2669,44.54973420855774
2670,49.779782557428526
2671,75.88029402824046
2672,44.36270500314079
2673,31.800018634297796
2674,16.661976812814807
2675,76.24862581438443
2676,111.37681529520661
2677,90.20785385950055
2678,58.5874818376729
2679,47.55819357521713
2680,52.580382552564906
2681,55.855318762539206
2682,-30.653773678993478
2683,-123.6227354430099
2684,-81.52620594258502
2685,-47.140810740770604
2686,127.23850373088742
2687,46.32911674677171
2688,-7.130632350677043
2689,115.45554066304221
2690,267.1431869188793
2691,249.99249225452013
2692,290.54195193971884
2693,368.2847550438655
2694,244.99934717109832
2695,68.79602331736513
2696,-1.4391195490455253
2697,-56.79971859968253
2698,-52.95350647263499
2699,12.277811673759063
2700,15.115178155370998
2701,-10.774020189692152
2702,26.88230117519884
2703,78.46596830026103
2704,78.63374774739216
2705,117.00833721303894
2706,93.82558742133517
2707,159.92480137380048
2708,91.25981930489212
2709,115.14352097616238
2710,142.26017677971888
2711,96.98107416814739
2712,49.08193166940538
2713,23.912951507860885
2714,-12.448543078031006
2715,-55.963331051764406
2716,-26.857859949843295
2717,27.686493970629698
2718,117.79785962963741
2719,129.90714810384097
2720,148.12919422433632
2721,97.99355638680112
2722,84.80768535028983
2723,48.16167134756097
2724,26.14137187908565
2725,-29.351747067644656
2726,-36.35777840098661
2727,20.235665002605266
2728,42.36424215123002
2729,65.95467435695365
2730,54.17252614433133
2731,50.31814429540088
2732,71.90757165885076
2733,134.67958303436657
2734,102.84922529572404
2735,41.96173789908484
2736,34.766108553455645
2737,39.64343978225581
2738,78.20618937957222
2739,54.66342536752714
2740,-7.07288944849257
2741,-60.14685291282305
2742,-92.29128599684374
2743,-25.36190796023465
2744,17.218184591848818
2745,47.22814421708401
2746,156.41882930747212
2747,130.43933616812382
2748,239.37178723580587
2749,304.61737502043076
2750,268.00647163045187
2751,221.36402247896604
2752,261.3548434050144
2753,199.15055102300602
2754,45.6291130198421
2755,2.0062947633574644
2756,12.956275925295316
2757,-15.147754335536982
2758,33.420556486387156
2759,6.381083421716765
2760,38.39786463583604
2761,101.34795589009939
2762,101.12569957016939
2763,100.00259998516306
2764,53.4827237783725
2765,46.4983283134587
2766,80.74182931704631
2767,130.61849230063967
2768,98.73681351834045
2769,120.77297800807058
2770,111.0963244304822
2771,60.6785779039708
2772,47.28184865977141
2773,48.516137208080316
2774,-28.286645695208883
2775,-6.649264717205997
2776,22.076928842135953
2777,64.81422849999346
2778,111.04166181451446
2779,71.62013084542093
2780,77.7262672768061
2781,73.77814642745717
2782,91.21591590685681
2783,87.43335817582808
2784,75.44977829430938
2785,56.68612111566923
2786,49.75466602673287
2787,67.30991344188422
2788,50.05757333778371
2789,44.160182451775796
2790,22.463731343564245
2791,63.23736940803076
2792,65.23147212838629
2793,46.78542019925419
2794,74.10927605170029
2795,70.76044719489366
2796,73.72689316700458
2797,40.83429465103146
2798,10.559851123927167
2799,-42.577607886533116
2800,1.9948082571958377
2801,57.940042043322336
2802,31.176292029247602
2803,-15.127815996254453
2804,95.27683821932203
2805,111.87116598742324
2806,167.26534501998282
2807,164.28523042480805
2808,161.67911576182723
2809,248.8233623500057
2810,267.05627736103355
2811,188.44757298634582
2812,148.3902462506725
2813,194.48016752511725
2814,112.3420792876858
2815,58.53113671396063
2816,28.127453781497284
2817,-53.178344491054645
2818,19.309859949485833
2819,46.76647332723281
2820,45.43102989014142
2821,121.20162431837356
2822,163.9900531296368
2823,137.55808325790878
2824,126.26637607782948
2825,92.33922754950456
2826,12.69792911233341
2827,31.546538437039093
2828,62.277600366244364
2829,89.02255078598486
2830,71.04670426543031
2831,30.519578597376167
2832,101.69148664869607
2833,114.01637678103243
2834,110.57075997323989
2835,75.56690830155115
2836,56.62042564280009
2837,37.89029426683454
2838,60.72301172614937
2839,47.89723994125745
2840,74.06046165943715
2841,58.88269634727161
2842,69.75242633066615
2843,78.23290669857062
2844,50.270230088128606
2845,31.1275465978684
2846,130.94372336886994
2847,131.3404867241198
2848,97.02587027592783
2849,111.85354697987421
2850,137.88405442310253
2851,54.449559296385004
2852,51.546943353463185
2853,9.629468152338825
2854,-30.90540200235739
2855,-8.951177709079182
2856,25.364809666109565
2857,-21.421463305006867
2858,12.894825330531777
2859,98.11505327587223
2860,138.05325625510378
2861,181.75725823915522
2862,163.37696242047775
2863,164.05419502221747
2864,124.60000011676725
2865,64.07695052133847
2866,12.106092264557462
2867,40.78267939157368
2868,145.64302697062092
2869,118.61800514831805
2870,117.81185900084493
2871,140.23879031740992
2872,194.4813138976681
2873,220.13800606836364
2874,233.07282964909575
2875,200.20434263688333
2876,175.71633521930664
2877,130.9723939838071
2878,98.237860459947
2879,31.083770637035936
2880,1.4517612739442898
2881,29.679886219224873
2882,76.36984838877477
2883,108.69363282136653
2884,97.4036222088468
2885,86.10248391501736
2886,72.60200820680416
2887,66.30171969619802
2888,56.733489274936254
2889,112.1829684006788
2890,72.18403691618296
2891,105.71352859920532
2892,59.45691588258727
2893,17.260219310768342
2894,38.631071227357346
2895,70.26059717638256
2896,109.87139000500146
2897,122.65608233657088
2898,90.0228282091259
2899,17.350987050382475
2900,34.19726690768287
2901,23.762836868521678
2902,20.519614696263076
2903,18.94006497406733
2904,64.99428215876124
2905,122.85976748070259
2906,139.26369093653653
2907,133.21203973306083
2908,161.9135627810332
2909,106.94209927350298
2910,69.36975038024272
2911,99.58063185896202
2912,25.296464585263347
2913,-62.465298672853926
2914,-29.06239551466805
2915,-75.06556460677596
2916,-62.44211635842964
2917,52.42289594377896
2918,115.1037597545029
2919,150.03973598368944
2920,188.3189672935654
2921,248.93299499507728
2922,181.14633093852387
2923,183.14290062375534
2924,175.9718421645215
2925,108.45570611760692
2926,13.60611228115997
2927,4.758692800438555
2928,41.41611302176091
2929,4.307672612059541
2930,108.85326958991652
2931,100.41159510596663
2932,111.37908659174629
2933,163.56233114630334
2934,231.99483062355276
2935,283.0904445919645
2936,245.57415511049518
2937,262.02864140974856
2938,249.04758910291514
2939,131.18080725634394
2940,44.253836492295314
2941,-20.322693855770115
2942,-14.686675537775173
2943,-22.1598607454644
2944,-9.41741602286976
2945,45.54695138605902
2946,85.12752033224375
2947,164.81671398623874
2948,192.18853156734502
2949,235.77784050598893
2950,162.28233891316972
2951,208.10100078723372
2952,112.43292723729657
2953,77.96838557431322
2954,36.6962787564102
2955,26.476750034248216
2956,23.010855470990947
2957,-46.51467623904537
2958,-66.33322238189407
2959,13.469217855679526
2960,56.14984371286653
2961,132.86405427749315
2962,211.56297199704682
2963,256.5951722671584
2964,247.9924297149728
2965,188.90869100423788
2966,126.13974514058741
2967,55.631143301690955
2968,65.80339484423298
2969,64.6352867522277
2970,24.51753174226822
2971,12.456867020860779
2972,5.966218115991136
2973,-61.530699897385205
2974,-26.09157318528704
2975,32.64001385779342
2976,146.96643220681065
2977,238.6263962449559
2978,241.7966070475977
2979,215.5317472966518
2980,105.53066325770791
2981,103.44283103656959
2982,116.97710533497617
2983,177.39218934381972
2984,175.52474934750785
2985,173.2725858989017
2986,183.10045277050537
2987,141.12740403472753
2988,101.35578090873027
2989,68.42319575665734
2990,116.13622666014136
2991,133.93508329815822
2992,93.62033310160919
2993,83.42053794765789
2994,97.99155933625681
2995,183.95051032507573
2996,325.09438756831133
2997,330.3302111124728
2998,294.7975149670327
2999,223.82119993741065
3000,223.1415221277203
3001,192.25163616616476
3002,159.36498981891324
3003,106.04444344031383
3004,113.78048034298614
3005,93.1222394806013
3006,12.028725092221174
3007,-77.02376675277354
3008,-62.00081608092102
3009,59.74050293518143
3010,245.69118898925217
3011,315.0932734327476
3012,297.8118900291013
3013,268.86803219462047
3014,173.22222516207353
3015,155.86184326325272
3016,93.27462792830711
3017,94.00529077347045
3018,23.264911149639413
3019,66.60518713096889
3020,-24.8764453184006
3021,-64.9958710977368
3022,-53.132564901313195
3023,47.036481505232366
3024,219.87069319891197
3025,312.3651194182783
3026,375.7099583509571
3027,240.1054413709022
3028,133.25666720523077
3029,66.55282807083438
3030,69.54399195013347
3031,5.179118294717699
3032,10.789383519259268
3033,93.54781852312904
3034,42.393146922665004
3035,92.90035617965664
3036,75.86845340517571
3037,97.25545467749606
3038,130.86763109805057
3039,189.30078529287235
3040,175.50335722113573
3041,176.9306845541429
3042,169.60991644451954
3043,273.0640288435681
3044,304.58973462778675
3045,243.18467915332994
3046,206.27118052408318
3047,91.86429960955402
3048,101.43231613188563
3049,31.974064267888863
3050,89.8011545320976
3051,112.07163338621216
3052,218.57410735848035
3053,260.2255981193773
3054,209.72929820391988
3055,131.4974300353617
3056,92.84582657308856
3057,260.57160554397973
3058,304.6163145609781
3059,322.45129505572794
3060,258.0263458764551
3061,146.6206643374617
3062,118.38246060738328
3063,109.11128340050162
3064,129.1518229453567
3065,206.3033355787172
3066,280.40235451851134
3067,241.13402774118504
3068,185.37167921866234
3069,96.95141143226934
3070,59.81829479355022
3071,24.29183359146986
3072,116.84466012747787
3073,150.1162514083194
3074,151.59935665028453
3075,146.75382577385977
3076,88.54282371767188
3077,36.54860918750378
3078,66.62650794862306
3079,147.4216857914676
3080,193.7912496886074
3081,262.85553861170087
3082,261.5026412864585
3083,252.64018866199874
3084,162.80014963397696
3085,35.87354675220592
3086,69.8648661181387
3087,53.67201812074835
3088,21.21874324348164
3089,22.111199776574598
3090,-69.08116735520456
3091,-47.007861723327046
3092,77.09488590980324
3093,198.2842818928002
3094,165.93331257539162
3095,210.25626795862578
3096,233.46823379686194
3097,192.3750324208604
3098,113.15154461383308
3099,22.631884671194534
3100,-23.028110534004842
3101,63.55407226083633
3102,127.14242964945187
3103,204.46715425176524
3104,156.65472997625514
3105,82.5993758503613
3106,143.47164623275987
3107,141.37241918492165
3108,163.3549928271422
3109,193.75632062279388
3110,229.83023739639646
3111,167.79618120625574
3112,136.80001936298558
3113,123.96791370486716
3114,190.14695951825323
3115,279.14674085635596
3116,271.3449233037827
3117,311.84128991440076
3118,184.4515732839039
3119,86.32132648022599
3120,99.15009301066652
3121,134.89667378315147
3122,92.52983411733915
3123,215.21596338403205
3124,162.48765730471203
3125,114.14819579583741
3126,221.4151919343342
3127,229.55606804813024
3128,260.66341642248807
3129,291.74076019405754
3130,245.760977628193
3131,156.55694578255637
3132,185.81427484187336
3133,92.36181429910692
3134,80.3459671050411
3135,122.74957848781749
3136,100.33383098789557
3137,141.0250597711669
3138,50.03818352486058
3139,37.9104122409565
3140,52.13056321990114
3141,174.9618811760292
3142,220.23216821065705
3143,330.2948677508965
3144,199.46189163718338
3145,157.95772636774367
3146,64.98764791208269
3147,51.245292130162085
3148,78.78536128061204
3149,126.25412333048372
3150,98.92809376676963
3151,79.22590653692413
3152,140.10271092102042
3153,121.41842211588215
3154,142.10638347413462
3155,49.88526804524301
3156,115.97325302700949
3157,58.52001073379574
3158,76.68330972804232
3159,109.21317875810416
3160,179.37172021512603
3161,144.53714962296746
3162,179.37670160025152
3163,104.22558081302058
3164,8.65251198860905
3165,64.37130822690081
3166,80.17957868510057
3167,149.64019734535162
3168,114.48145080184774
3169,134.25081929981775
3170,148.09359765024473
3171,105.84457352770843
3172,143.1759419842011
3173,204.09688260898668
3174,311.0782854198125
3175,393.6073603674743
3176,338.1677307874757
3177,171.9904483101401
3178,25.65996160812842
3179,17.06959887537579
3180,63.38196088698553
3181,185.5581657245787
3182,292.8111467168197
3183,301.07953906266454
3184,278.71390374547724
3185,188.8167078751744
3186,218.07029473954017
3187,172.05389379946672
3188,203.5488809379772
3189,240.70723618594408
3190,165.3955865538486
3191,108.24408063418952
3192,130.9702499954938
3193,122.3973587511009
3194,86.20475613171989
3195,205.875958314827
3196,176.18280625943828
3197,291.2982288239932
3198,333.0020877054054
3199,303.39844560576654
3200,314.2550388504222
3201,258.56674852430507
3202,181.1772460119273
3203,104.95500298630247
3204,-10.866617417186893
3205,-77.38897703113379
3206,-67.97831905262582
3207,-43.93683602809724
3208,39.331139856347335
3209,164.84322241655065
3210,255.86416339142147
3211,309.9298644677593
3212,303.6509663683678
3213,228.4782907324675
3214,197.63510401091057
3215,149.85642511140063
3216,228.6882409614665
3217,115.94820800612
3218,76.30763542263219
3219,-11.204945908697553
3220,-142.6980617161393
3221,-93.29916031363088
3222,-45.774337466159665
3223,168.99304609188695
3224,434.0547774738248
3225,523.0426158125639
3226,385.29885233057325
3227,321.74315121572397
3228,105.99926552042204
3229,-18.98427823436957
3230,40.481209826164736
3231,-79.80057112771358
3232,49.188139410237284
3233,41.54812448452625
3234,100.20749799477137
3235,13.280177044457904
3236,149.2905949896946
3237,384.3984579678081
3238,540.9717960697133
3239,660.2396385087972
3240,515.3744787854307
3241,328.26714872783117
3242,37.83506145864873
3243,-57.65552407165885
3244,-5.231270076713172
3245,148.2983360972678
3246,216.81011827921122
3247,255.38023560874942
3248,148.54401378266326
3249,91.46793607570807
3250,271.45587231389317
3251,399.7278943253909
3252,509.3265097551434
3253,439.56444122877986
3254,277.81992849807955
3255,167.68467428869485
3256,92.2211606167715
3257,139.73392588310855
3258,197.28543870200082
3259,201.79127488676977
3260,214.247123620763
3261,231.87351505354334
3262,88.80055293961516
3263,190.5410897727451
3264,61.79749918394111
3265,128.21375266334158
3266,240.56323728251928
3267,309.8802776119396
3268,410.9117612877213
3269,358.9671833729089
3270,285.4875925445654
3271,171.0281838249827
3272,72.81743569824256
3273,-72.81016367109807
3274,-74.3159909756024
3275,5.9943736715546105
3276,65.95033122630302
3277,69.74547524084149
3278,104.10214429199361
3279,122.29521088844267
3280,290.87773077360623
3281,323.07648297074917
3282,458.82758366687113
3283,397.3890947348226
3284,331.94585092830744
3285,268.9246502402112
3286,90.65454150556465
3287,-43.58776838408939
3288,-288.1553637329453
3289,-139.11850429297593
3290,-32.31552145702853
3291,122.32614762011599
3292,318.91278455036945
3293,284.869460840494
3294,316.606166227678
3295,388.6301262650322
3296,452.7164475235802
3297,274.813558020123
3298,194.76619347235467
3299,-33.71332634883593
3300,-104.65742322903816
3301,-132.11153975893043
3302,-6.530351384079129
3303,158.23365039149465
3304,204.40084516511087
3305,287.982304736841
3306,293.6194743586553
3307,329.2593398435402
3308,394.60341220241156
3309,393.8561404499746
3310,381.5310712648935
3311,238.7871924729924
3312,94.48294426432848
3313,67.51713941617449
3314,-15.521728108328874
3315,111.48665444416586
3316,287.83229757024793
3317,307.4980493060138
3318,324.00529202229046
3319,308.7833509065845
3320,242.81301134898487
3321,277.3225471076821
3322,394.4524596297727
3323,398.95406320145383
3324,273.1540921314738
3325,166.26956443033012
3326,96.92697760080986
3327,29.8200622697865
3328,134.45893140707406
3329,177.210414738208
3330,301.89735376745443
3331,347.34423756074676
3332,238.64450334330363
3333,182.2753771453181
3334,123.79848223243577
3335,230.13295703241718
3336,195.55280529175965
3337,168.96496939915346
3338,27.09184589865794
3339,5.859293083532754
3340,75.02001475657991
3341,116.32029789825917
3342,181.8517132852759
3343,216.4042281242872
3344,206.3706228669411
3345,189.53803645386515
3346,113.94207016494164
3347,108.30029396944857
3348,146.25484972912906
3349,145.80847524563976
3350,230.84997411329718
3351,191.15704761596376
3352,129.2430763677085
3353,58.74920444658388
3354,134.83610836697554
3355,58.56484558889255
3356,95.8023982787386
3357,134.76259873081565
3358,169.60420428629598
3359,243.923255319168
3360,255.05965552616695
3361,175.55690779755852
3362,221.56722017290792
3363,244.89296043915246
3364,159.55668701739077
3365,137.4662105282448
3366,69.86823393414512
3367,108.54043085450752
3368,74.54057269478874
3369,129.9660112041589
3370,84.74793470582328
3371,163.13220327672602
3372,150.7129388290797
3373,295.98215690817716
3374,347.1979871893012
3375,268.00192114807146
3376,215.31769938870934
3377,156.6033594547637
3378,185.90732777228536
3379,194.80543320255543
3380,305.2942689278237
3381,212.8507807015644
3382,157.5226825396756
3383,181.15054379465602
3384,132.90924751547536
3385,143.62541892237482
3386,193.23626354763064
3387,274.22516817437696
3388,294.8117051340926
3389,279.019634256959
3390,206.8239421819881
3391,265.2319014132281
3392,272.2877444061675
3393,383.78690140974095
3394,310.1025861736349
3395,195.43355863340955
3396,103.36610235605761
3397,-8.41437427927029
3398,-51.725351879204254
3399,-67.56797136751855
3400,142.69301785038346
3401,228.52677044264814
3402,237.9457635219143
3403,187.34995595755828
3404,67.4946376706543
3405,147.5171204066642
3406,108.78357646636168
3407,223.16318092934512
3408,251.34409242924912
3409,186.36027623296505
3410,79.9031657811275
3411,34.77466971550184
3412,-28.40239677928342
3413,11.279261780141509
3414,112.30471129021574
3415,200.35332571462502
3416,264.65407378097603
3417,249.22531653135295
3418,245.37606626437397
3419,118.89296121454682
3420,110.59282864122702
3421,123.89391571722463
3422,235.16447516459593
3423,142.89776528183958
3424,144.92816607330334
3425,77.18608850895548
3426,47.68927714641493
3427,64.1121674980777
3428,81.79753072052031
3429,204.6173149216991
3430,202.76655315923693
3431,353.6565726818241
3432,268.54507126432026
3433,194.81512602563635
3434,113.05167416365843
3435,2.3252943248892217
3436,97.02890280903625
3437,111.95805006801245
3438,175.1290315318492
3439,183.5983443969962
3440,250.85033232964005
3441,178.16886461808733
3442,183.96384703782078
3443,184.7995617081273
3444,135.59060484567763
3445,218.1119685489329
3446,178.34645619940534
3447,136.99481059953374
3448,174.60618002235054
3449,280.2528212459154
3450,231.99524567147498
3451,296.5029496952006
3452,282.2263273886422
3453,190.8633341621349
3454,261.7367178565129
3455,227.6415088376996
3456,249.56742506715045
3457,274.37181060986234
3458,204.78558082374695
3459,122.18990513502565
3460,17.043660216134572
3461,61.71133470188165
3462,101.02331610379042
3463,219.14775187669545
3464,247.44895654665766
3465,308.5143551320345
3466,224.60316833905958
3467,154.80136364478997
3468,78.15948714941065
3469,73.06056958356255
3470,111.76043676674917
3471,106.36361639288192
3472,217.05359272332208
3473,78.73117128336034
3474,14.13763810390517
3475,-12.030112267915195
3476,124.43331263823426
3477,220.51447487927155
3478,341.60812531632484
3479,309.91953953034664
3480,230.53504598991228
3481,201.47604062338044
3482,45.9476887584165
3483,91.18584342167706
3484,64.74035313628916
3485,36.92801834594808
3486,163.70160692419805
3487,160.7007974880075
3488,123.31751953446683
3489,151.16601963868305
3490,141.40748222975526
3491,132.46054781643255
3492,219.5156458991653
3493,297.5066408713836
3494,336.10602519678923
3495,209.65210760124978
3496,31.492717669904312
3497,-51.05308082528208
3498,9.022362980982669
3499,59.187045860100255
3500,191.6895077368611
3501,303.662537691179
3502,324.5350937122946
3503,327.79179243357714
3504,198.54515641645975
3505,146.41554828822322
3506,124.99842484605597
3507,149.93311782618855
3508,213.05647623608493
3509,183.48572408702907
3510,174.35881578991848
3511,138.6750533603161
3512,147.33122820382647
3513,58.56429987675534
3514,187.1334791333965
3515,196.68986075193288
3516,251.54981921624878
3517,294.4099241253198
3518,252.2122789137825
3519,318.42463102787616
3520,256.6176317931984
3521,124.07769825314388
3522,65.49185909269231
3523,161.22771593382222
3524,205.80397415987605
3525,336.61960156612827
3526,242.78921589433378
3527,131.94261532169944
3528,165.7819365048911
3529,153.40454068780738
3530,82.37529890498625
3531,125.81148627106114
3532,235.6444939247833
3533,210.23998662153002
3534,226.84914426895182
3535,36.58182225813194
3536,6.63999803545863
3537,51.235137343745464
3538,175.43281637486857
3539,153.1389441047958
3540,140.15447759445152
3541,216.47140754618167
3542,255.642087595868
3543,259.40299847841
3544,88.53755357861446
3545,60.50594194974186
3546,53.708213206695525
3547,65.82216782472058
3548,116.73710888657484
3549,167.59342486282313
3550,269.7962896658609
3551,246.45438118280046
3552,257.4757409311055
3553,199.07439740098735
3554,122.14747760673322
3555,101.47159871387527
3556,125.7197566689393
3557,149.1008329379395
3558,159.5523227215725
3559,231.21628891592104
3560,170.78715953182962
3561,16.962017723232616
3562,106.37979593229882
3563,185.56376235893936
3564,303.0782906666726
3565,236.79909619784033
3566,245.34810972503942
3567,90.24988753925349
3568,74.27947024926847
3569,85.12377438106098
3570,154.62174278185924
3571,239.43668571079968
3572,229.5289684029566
3573,372.11644833644783
3574,148.6832757936542
3575,94.25968490585778
3576,24.112520513317694
3577,92.54365876587894
3578,67.24151710181881
3579,240.03319958408656
3580,322.14149658393166
3581,378.60772597360017
3582,262.3199796674744
3583,158.57561933323493
3584,108.53005095774789
3585,-62.3494964442064
3586,-3.6513712182681846
3587,64.53885888271006
3588,193.33319524277957
3589,266.29231879100405
3590,343.58951218130346
3591,253.40700297609848
3592,299.7250313564662
3593,120.90595182463998
3594,213.19625069615455
3595,126.40488489554127
3596,141.93358345531647
3597,273.04118006021355
3598,137.77334919971818
3599,94.24866314984475
3600,-48.48380820699503
3601,67.14946602179653
3602,110.4548585341353
3603,318.00577058616835
3604,270.44263312792526
3605,254.4758603486167
3606,120.31837965635982
3607,0.9982117274526092
3608,102.94468435857044
3609,-28.081769948390303
3610,154.68911887202768
3611,154.77918479821895
3612,348.0028991682825
3613,203.69376268243013
3614,124.51974323294245
3615,53.771240115417065
3616,142.28458960090236
3617,224.36639594072855
3618,260.1669889580333
3619,341.5769876023641
3620,174.77063083948795
3621,209.78263459070752
3622,104.2921937100074
3623,136.73046010249865
3624,68.57879006358122
3625,87.91137054231044
3626,154.03105525984316
3627,101.83702477230324
3628,166.61683490186414
3629,108.92853191599339
3630,212.66692095494187
3631,77.2386557815226
3632,162.85647404253427
3633,217.42905476783326
3634,247.22265938171407
3635,266.2555214963725
3636,232.43161268159346
3637,159.8943153007854
3638,26.275882024686663
3639,48.090225624959174
3640,15.831241712577771
3641,142.1899084231521
3642,210.1820801598094
3643,301.556683280938
3644,251.87798768720282
3645,110.76595329264224
3646,-35.151422567173896
3647,-92.86716477254629
3648,58.12309987446383
3649,208.93430056304453
3650,347.9785185882527
3651,337.63293146875924
3652,312.12320046446683
3653,167.60174108415157
3654,-19.238632982438567
3655,-2.283341959410223
3656,42.7463516258399
3657,163.9384249091877
3658,234.9725350440534
3659,315.1598769547846
3660,219.80683733180058
3661,150.14250252849445
3662,44.81216373653656
3663,70.64886359947441
3664,76.43366852951876
3665,203.85239387193428
3666,257.4159566645697
3667,268.276904868001
3668,249.50698949141636
3669,126.07626210294944
3670,69.84667955212812
3671,-17.255340868807462
3672,108.08456427559207
3673,202.89409905068572
3674,322.33154361580364
3675,200.83052163130006
3676,205.87140355040052
3677,84.01871615594274
3678,53.424084346691544
3679,113.40737900171546
3680,81.76828153410351
3681,238.4516411765211
3682,188.36309616695956
3683,245.17153914540404
3684,141.37217574504677
3685,134.99137292080405
3686,127.70386611069607
3687,208.6504024559655
3688,188.85524487665867
3689,189.0405522561764
3690,200.47847200775107
3691,185.5851157184919
3692,131.1880967071837
3693,168.08715014533857
3694,134.08880378726522
3695,13.24805017777369
3696,32.6686487148205
3697,34.02443097847136
3698,158.9046978486712
3699,155.03928882753098
3700,214.4840862661951
3701,188.1871296499423
3702,195.947040172971
3703,198.19620208174322
3704,109.90147398274124
3705,90.50238180649625
3706,91.00363712030618
3707,154.7599715152146
3708,147.18131674519583
3709,143.79571146018705
3710,104.58672745166164
3711,31.194708645810135
3712,70.13402565768975
3713,92.4051955333279
3714,173.36690443063108
3715,145.28437440859662
3716,98.27882214367584
3717,99.82081094787853
3718,50.36861944315661
3719,104.88161577488529
3720,124.2085203413045
3721,161.9779403639701
3722,268.3417239723886
3723,258.4005391846623
3724,219.2213113831962
3725,64.72434103154389
3726,81.42593513828146
3727,75.04208017120439
3728,178.7124661032403
3729,184.76955421780744
3730,201.94166443852484
3731,287.7840210665053
3732,236.5687437835476
3733,212.4399989854385
3734,170.84106566981546
3735,130.59546312928362
3736,107.72257625554026
3737,254.63285337377877
3738,223.37781162671973
3739,206.7636652421872
3740,108.19126558201134
3741,43.95227753418149
3742,52.32742652640573
3743,98.54421158266878
3744,115.2791140091587
3745,242.46206817600478
3746,260.834257163936
3747,92.81931365341288
3748,104.08539541846874
3749,-4.408035551713499
3750,156.67328022656068
3751,192.86794416676508
3752,327.02931146759175
3753,323.59367484806086
3754,245.04382421161597
3755,58.97245511739927
3756,-37.97331026308333
3757,13.033360133099919
3758,-61.08428802623424
3759,170.0861383480779
3760,182.76840544094026
3761,227.188876717329
3762,201.80401126412093
3763,152.14303085102017
3764,87.08564446231975
3765,72.6543016249665
3766,87.36111416866608
3767,128.97435070463794
3768,252.17590985185325
3769,161.05049184397967
3770,120.49370163455131
3771,117.73865706448409
3772,74.58695075421646
3773,72.42677208134022
3774,95.39640749197451
3775,90.96021473808939
3776,101.62361935042348
3777,120.06530146210673
3778,72.68646585648092
3779,17.392607368007962
3780,11.95697872304433
3781,85.26748922608036
3782,91.91874021813157
3783,98.03889907625016
3784,231.40406698364282
3785,336.9851390952759
3786,235.79559490594738
3787,118.91936969416325
3788,85.15582479191869
3789,44.56564712855456
3790,113.85992559086549
3791,209.91678078311503
3792,236.11916759206562
3793,341.3246931532507
3794,288.136423809029
3795,151.00687086076098
3796,52.99486427191862
3797,-2.7813516756149235
3798,164.58417157363553
3799,229.17347710366718
3800,356.6772479436982
3801,295.8626606299815
3802,185.78149809680596
3803,19.027009523225743
3804,64.00176938272456
3805,54.43840788555051
3806,103.61668490019531
3807,172.89427468223798
3808,188.98948875042177
3809,225.84546416104857
3810,135.58277245777867
3811,108.94805345564174
3812,94.1296053990188
3813,153.8789461664302
3814,137.62536816225463
3815,193.50546343052963
3816,141.35866111509935
3817,113.33158373800747
3818,46.47347726226286
3819,173.41339076559996
3820,133.95536224060987
3821,91.01298520698971
3822,190.48207062400513
3823,121.7058288814339
3824,153.77468323896912
3825,64.71895536357957
3826,133.42532874039048
3827,116.44525804836276
3828,201.5425784917543
3829,149.92286734383484
3830,176.68210411850575
3831,152.89260215937355
3832,114.89288492094396
3833,254.74322247265187
3834,108.11186894133522
3835,85.73706313550139
3836,-30.483028838326575
3837,70.8394954578523
3838,23.332603942680972
3839,187.7897732075342
3840,118.37991480815805
3841,96.27726477819824
3842,27.740004826362238
3843,26.787786306465705
3844,102.1090747464163
3845,0.6640377067962872
3846,76.92118113665363
3847,9.725256677426534
3848,160.7517909536195
3849,134.8775378538844
3850,222.6172797005614
3851,256.43137408972024
3852,262.5961480773231
3853,321.31541035716225
3854,224.06778119258254
3855,202.20250326392906
3856,133.36267558992964
3857,142.98816482056736
3858,65.21151234870057
3859,91.34644067541463
3860,95.8643488032942
3861,55.20406404898677
3862,155.1540343194432
3863,138.3336285386628
3864,236.60049023960153
3865,234.9084996032755
3866,173.4004996070787
3867,121.9878873935324
3868,138.9591018983833
3869,178.00699980778856
3870,249.55529087322796
3871,306.42823172176634
3872,228.18419315310868
3873,179.92820421054603
3874,98.35465177311853
3875,44.27450135748315
3876,-29.589688889855168
3877,43.26433622487616
3878,73.79823932694892
3879,174.9791329498628
3880,130.08439981204285
3881,122.35681112576732
3882,37.69393714041719
3883,41.856998554448
3884,166.943201787002
3885,195.9249484287125
3886,303.0148070689232
3887,192.31413083404502
3888,185.5953464712398
3889,101.09490807706673
3890,148.87626638428966
3891,131.5106167291173
3892,146.1406787100735
3893,235.8496859250736
3894,163.3016331916457
3895,213.98099496763945
3896,135.17456918444847
3897,115.96753161002067
3898,34.8487100458078
3899,30.9224710842129
3900,26.79598675469632
3901,8.120776534833338
3902,28.021914349964884
3903,107.34810636162733
3904,101.5644713338546
3905,184.67509822952206
3906,151.68151263839607
3907,210.1025533914628
3908,142.48313091854467
3909,106.23668688517648
3910,103.13972525615118
3911,91.57637706566739
3912,157.48426640253913
3913,70.96936709942678
3914,118.48676046647796
3915,33.00077353911811
3916,127.12260672541242
3917,189.94257800917808
3918,277.4412917381455
3919,306.22836777426386
3920,309.00129353228573
3921,381.50931011636925
3922,135.00311547110724
3923,69.02528953076943
3924,-67.18863925677711
3925,32.72949810230892
3926,81.03849615441501
3927,93.39997378668455
3928,144.1398081068198
3929,94.19377089962228
3930,220.1144720490811
3931,199.40511845554033
3932,251.97044525064163
3933,317.8740153430816
3934,369.8465952023405
3935,306.52695541683994
3936,178.2825917389211
3937,51.02563411062568
3938,-47.553228484098305
3939,38.551941256463614
3940,136.86699971598424
3941,183.76176520408984
3942,215.27771611666844
3943,190.36190015952215
3944,107.00156661421305
3945,29.893509138345035
3946,70.81530352238329
3947,126.43414147224206
3948,256.4415254874828
3949,330.32060561153605
3950,344.0168879770674
3951,247.51452630013753
3952,180.5556914091792
3953,120.63751760309965
3954,117.91781264181624
3955,61.44491824698323
3956,122.5247053100627
3957,208.8627697660553
3958,125.98635313727324
3959,200.80682151088345
3960,99.37610795847303
3961,143.0313175881755
3962,96.34165163415206
3963,122.11332791016554
3964,83.15927157634839
3965,-0.7633109812998717
3966,37.46064530333816
3967,-34.52909710651272
3968,184.2906949513484
3969,163.72339439117354
3970,273.79020687188176
3971,244.4107402926976
3972,246.70599127110293
3973,85.67717445401168
3974,67.69185284047431
3975,138.36654986159294
3976,60.49179834623126
3977,228.75128418159986
3978,109.42434109268635
3979,139.75922329887865
3980,111.47512680569696
3981,90.63972731307868
3982,84.6792254370992
3983,180.92683702279052
3984,179.62568296786873
3985,169.60105889452873
3986,245.06815736474073
3987,280.7568891363782
3988,286.5338049356825
3989,254.44441999300355
3990,229.3991728274251
3991,40.730658641125736
3992,7.9098045708219535
3993,-13.303935381206653
3994,21.286276870868644
3995,50.133201177937714
3996,163.8404757823518
3997,144.49933240936483
3998,189.31184036695765
3999,333.3657198585237
4000,322.36900069576444
4001,323.73563125082006
4002,351.9641756118297
4003,283.0298516201314
4004,293.83457247850816
4005,234.6001946016736
4006,46.55749990149053
4007,-40.24754975842269
4008,12.165865925482306
4009,24.433163257511726
4010,159.82129648454233
4011,220.68534677336638
4012,239.08188145148517
4013,267.05779370285666
4014,161.13898107409707
4015,183.75872229496213
4016,257.88985972076483
4017,308.62882847684347
4018,265.2460721921459
4019,216.06530241531428
4020,174.2102336509491
4021,84.66737603985882
4022,64.3830724601696
4023,-14.424607775247784
4024,47.38970038004367
4025,125.6497398417979
4026,218.76807365239358
4027,281.3937049246363
4028,182.5632510201783
4029,112.7808601730285
4030,18.182994081773533
4031,-9.13837954782728
4032,-73.67977130574461
4033,-7.064552204550691
4034,85.6228510005471
4035,192.29407293085106
4036,214.1350744970508
4037,242.88852918832538
4038,412.51573397813894
4039,236.69239031035363
4040,259.0002668169188
4041,174.7559012502147
4042,96.35936771149385
4043,27.7093148121861
4044,68.92889083159231
4045,36.99624261776352
4046,-0.09216843399435011
4047,9.880120766023813
4048,-28.13987348367864
4049,91.397849586339
4050,124.69566649222224
4051,248.9561118299804
4052,351.0587416988373
4053,488.55310065483144
4054,475.4705479069296
4055,316.1902897752471
4056,83.03585682920152
4057,-53.29603239837932
4058,-114.3084293897051
4059,-100.22519503902845
4060,25.717570611182325
4061,153.10792885118477
4062,249.0804055750452
4063,250.40287801965584
4064,279.0757365388617
4065,322.3897354048197
4066,298.7303168266487
4067,328.292403328322
4068,275.71874331505586
4069,192.30054937161626
4070,154.0768727950289
4071,187.95658243679688
4072,149.47558132347055
4073,72.60127176551937
4074,85.59808789643849
4075,199.97889688771795
4076,188.69574446793058
4077,103.8193419238276
4078,80.82529661087513
4079,61.990924341780506
4080,154.53963696002225
4081,310.750478019196
4082,397.75733953447883
4083,345.04855929598006
4084,311.47730192304385
4085,232.61544401014478
4086,154.22161700294996
4087,141.1299233003732
4088,73.18911623195594
4089,71.67510664782759
4090,77.1387433048291
4091,57.732791767267166
4092,101.02821934190503
4093,100.222726841688
4094,81.60455454269574
4095,45.75082136758615
4096,60.2535096909103
4097,99.71146640626908
4098,72.82272753841819
4099,153.0595840029904
4100,182.30509153849286
4101,198.6868044390282
4102,211.01249070828604
4103,297.67165823510396
4104,308.09070508731037
4105,176.61302110911527
4106,113.79428312133483
4107,9.461310914107207
4108,-49.37308496351653
4109,-31.489629695312786
4110,7.838408694270203
4111,137.79040244124386
4112,93.46386319454012
4113,115.51654316003253
4114,111.67256816770269
4115,163.3195558791448
4116,159.9270241081845
4117,232.23464952427503
4118,408.8455823672123
4119,372.1572143721681
4120,457.3741137099121
4121,157.78521272563657
4122,74.87872057340961
4123,-107.5286580051235
4124,-127.56613672186957
4125,-55.856769389387004
4126,5.976802866018975
4127,181.73249208635414
4128,194.5314631531089
4129,258.1522821175943
4130,205.11224688986604
4131,307.4211936159006
4132,233.07851451735678
4133,349.66765158460845
4134,232.57621570095978
4135,188.2128800514671
4136,216.18689867333396
4137,242.8996771005724
4138,278.3983046540821
4139,122.01263521663583
4140,128.83460677446308
4141,141.6206262707727
4142,195.87288447666404
4143,121.32165130572093
4144,88.43699776504702
4145,59.53876507420136
4146,122.20397593111251
4147,249.82318844568496
4148,359.3053673576219
4149,367.4712759840692
4150,274.2388002262852
4151,260.05245478156525
4152,51.630029359897435
4153,57.02325678513364
4154,18.49878724287626
4155,165.6184133302508
4156,167.34515349378768
4157,186.5710707868599
4158,209.959500565636
4159,123.36124145345097
4160,29.461940302360375
4161,-74.28048429515331
4162,-7.781488915972923
4163,9.60840519160193
4164,100.37588693780349
4165,77.71429391239171
4166,142.1262031051541
4167,101.36761950798332
4168,159.98569269000626
4169,221.34262834344665
4170,273.5955885196241
4171,330.2363561108017
4172,217.26475114326215
4173,210.37075526724993
4174,92.71095011947747
4175,3.946901086866248
4176,-89.83643991402134
4177,92.51972174206284
4178,14.635271765676775
4179,71.40863484785059
4180,150.84017330950388
4181,154.70708707720033
4182,212.67535881669153
4183,294.5930747853257
4184,297.62525548751074
4185,222.13645722154428
4186,331.7682997662647
4187,211.06847644489957
4188,190.45189918958548
4189,-31.239805253586535
4190,-44.3998741229279
4191,-50.850365548142804
4192,31.0020062171288
4193,189.32469939731234
4194,262.65622453562986
4195,336.53520797782016
4196,281.3546748997937
4197,336.97450578494175
4198,250.8097062115638
4199,315.24212715202515
4200,205.6324888805162
4201,201.03886519302725
4202,199.7878286413031
4203,187.07309012621576
4204,152.93957256250567
4205,94.39913925182206
4206,127.83740966266829
4207,96.11587798544532
4208,202.50244865853335
4209,176.4560999679159
4210,174.32361799459616
4211,84.9740741896358
4212,102.17265845714338
4213,202.79856691880624
4214,309.28607556305957
4215,269.48250740772556
4216,301.35073794554995
4217,251.26807309583012
4218,141.93910694055577
4219,154.9729830476035
4220,46.11229623154926
4221,168.4563481412751
4222,25.58781920830236
4223,74.37600787853495
4224,113.05826254833096
4225,44.650686755593
4226,19.73787378690928
4227,10.184395478452897
4228,68.82372331580653
4229,39.12246840761369
4230,147.0923888180348
4231,138.98349251652462
4232,162.9090653116837
4233,132.86107527136514
4234,211.17490419951844
4235,260.3330725703344
4236,126.67807761464627
4237,189.03079939497204
4238,104.15070941275114
4239,52.20698292154778
4240,125.27599649576102
4241,191.991263357076
4242,239.02987292319816
4243,172.5421319487563
4244,68.72593338834278
4245,68.17666560730996
4246,61.93824170698457
4247,96.07998978248762
4248,82.4752328376491
4249,295.8686546791409
4250,231.2080869645398
4251,387.2878574731518
4252,334.60918678245764
4253,237.0583949520725
4254,312.22634442701343
4255,171.27085670359887
4256,64.76491539737417
4257,-62.66716998415327
4258,-16.7000365941377
4259,4.800794302584822
4260,102.0723010506561
4261,158.8643571518786
4262,246.73189448497249
4263,305.1273405286951
4264,321.911185377238
4265,362.612590536517
4266,174.50352612766662
4267,165.8727621450987
4268,163.03540004852397
4269,291.03781040400105
4270,318.4320467698548
4271,246.4778113029279
4272,174.34059210471523
4273,102.24998287363682
4274,38.51160742853421
4275,4.062254451436938
4276,77.5499135028815
4277,91.89300104579962
4278,239.94201561536252
4279,334.07477694540074
4280,296.2508901977979
4281,240.71182577241973
4282,271.62238996656214
4283,156.48267724354625
4284,149.42607513891855
4285,173.00295300117205
4286,139.53805831563253
4287,116.20377094837824
4288,9.862003780561837
4289,43.445783390854096
4290,37.26720113204261
4291,99.01620516190458
4292,104.63019464436759
4293,113.97626264620578
4294,76.4703540209103
4295,58.71910726293703
4296,114.55219865432927
4297,97.75351726795412
4298,164.41614832728348
4299,154.7269751871493
4300,197.68727379807842
4301,189.42364893392042
4302,164.25806189496427
4303,137.85198189783463
4304,59.623745701128634
4305,3.192054151858789
4306,51.974859092849734
4307,47.78794204294929
4308,86.08540628500538
4309,147.89312951152598
4310,243.10716504823017
4311,274.89665054156654
4312,258.0889255238596
4313,142.50816214315623
4314,150.79606210774128
4315,194.45347066187512
4316,168.50335685928096
4317,252.68518302813445
4318,201.81970265882512
4319,183.92623866709494
4320,116.47903381159438
4321,41.27045794232522
4322,-77.21253315453255
4323,-20.727275052433747
4324,62.821125241274416
4325,119.06413617465158
4326,271.9206008197377
4327,285.2581010026533
4328,365.170741131583
4329,275.9258806214752
4330,255.30689905868215
4331,115.06900055420319
4332,85.28219978957424
4333,194.88835712630316
4334,247.95686158026464
4335,350.66145893415774
4336,321.2217450277483
4337,240.19947912697066
4338,82.91301997219485
4339,23.54431198025246
4340,-69.90194776993445
4341,-8.550974173434263
4342,10.252426556414296
4343,101.8293688970183
4344,257.98906538857335
4345,372.91585641331227
4346,455.34581476620133
4347,385.76804048689775
4348,397.30939359121777
4349,211.8056321182395
4350,216.40548682765234
4351,97.19547882555308
4352,42.69779966042722
4353,-25.477941638979498
4354,-99.11781514350388
4355,-112.27869156641653
4356,-76.26356897634435
4357,42.009423686751646
4358,6.620951613555966
4359,189.8501425931158
4360,141.52800170829317
4361,227.44879717130073
4362,198.8256944519393
4363,137.13884706420808
4364,78.16563087642619
4365,46.52505944376091
4366,146.82804509809634
4367,155.07574258883324
4368,250.25251802773607
4369,161.82914494353972
4370,119.17319235687705
4371,50.8436157202167
4372,-14.660402919619228
4373,0.7426618022636523
4374,70.13228504511538
4375,112.46925853592546
4376,172.360395936538
4377,211.553015976373
4378,191.5120749699422
4379,170.40801165355458
4380,325.6377719017653
4381,267.4339945381042
4382,225.26547654015243
4383,153.42841224807086
4384,31.55091486136062
4385,30.493027927174154
4386,-40.31933171747691
4387,-49.63317773339456
4388,-51.501834117515635
4389,111.1494279317284
4390,209.70283120429815
4391,326.39122753638856
4392,424.50363972132726
4393,432.2862895602038
4394,366.02884566728187
4395,299.2551629859663
4396,192.4244507951261
4397,90.83205822455047
4398,44.21714446749714
4399,47.753793088020544
4400,98.15403190066127
4401,175.50852694362467
4402,155.04816375399494
4403,157.4759432523312
4404,185.99122100753925
4405,218.2791932367002
4406,280.76868783167345
4407,302.74827383011274
4408,287.0667270084445
4409,331.35444348053204
4410,345.4678022918519
4411,379.16193352265583
4412,315.6540027591914
4413,211.73224135229793
4414,77.95607070569112
4415,37.39150986448383
4416,50.41955110061749
4417,-18.48240306524048
4418,63.94833020956492
4419,32.792794799255866
4420,32.590321086483414
4421,19.98793785319477
4422,53.67654170526311
4423,39.11198857367386
4424,82.72219070316565
4425,140.62890441422755
4426,156.3130915961273
4427,257.12583243876855
4428,202.69564972089742
4429,197.59709568204386
4430,111.3039028411953
4431,88.06384060992666
4432,57.49463312804525
4433,54.01373099015022
4434,55.62437584038888
4435,16.566658225566712
4436,37.89976277723669
4437,2.251441505842378
4438,32.30498342509983
4439,75.13508245157999
4440,112.64486675454395
4441,194.88558953824193
4442,222.6900691293498
4443,260.39784011166154
4444,269.94982565551055
4445,176.24039121741754
4446,119.5811398959309
4447,-6.468968115320336
4448,-52.70179577218278
4449,35.97769484512815
4450,123.86118624316838
4451,135.3883429590883
4452,136.79447477695595
4453,108.02296082389068
4454,115.80622927281588
4455,173.43392838348714
4456,253.5192695279179
4457,266.16350372566643
4458,323.80822194905795
4459,237.08856356609215
4460,238.69943217011905
4461,202.63973954108198
4462,86.81529669534534
4463,146.40219803798604
4464,184.70135594669395
4465,237.51905507426656
4466,221.87065353931558
4467,280.1833746644075
4468,244.1096209223427
4469,208.68820482358262
4470,197.70965546171885
4471,215.40518775909823
4472,213.35313750710483
4473,214.43427791250463
4474,323.3836031739732
4475,298.02328925805114
4476,186.53159056922675
4477,128.01474823564791
4478,27.250627967130384
4479,-29.419550125911073
4480,-81.43505532589158
4481,6.882954625047635
4482,56.58807417360482
4483,38.21087597782674
4484,142.21774902485734
4485,133.8321699704527
4486,184.95947852152412
4487,213.76938719415102
4488,245.34811740453026
4489,175.5791917876799
4490,170.63500388869883
4491,92.73737002474792
4492,12.909484069613548
4493,35.29508341422748
4494,40.32913950618493
4495,81.72623414144466
4496,20.538275224246572
4497,40.51670251491806
4498,109.704483267076
4499,64.78163382859863
4500,61.83927167937963
4501,102.0508961543615
4502,92.54480237818727
4503,57.17883917471045
4504,107.30807703203533
4505,98.90442772770389
4506,120.53586643411967
4507,104.98233300918896
4508,154.79763124159493
4509,230.20398898407709
4510,202.62464528843913
4511,194.55462268064605
4512,81.21578782217368
4513,37.59951055674585
4514,25.066838833086717
4515,79.49586300194494
4516,97.57374131320907
4517,101.4114179705797
4518,175.98341084361658
4519,126.12851978372628
4520,146.80544758742263
4521,224.8613344611002
4522,256.21129144068624
4523,243.02620104827528
4524,329.3771378456498
4525,226.54154466292292
4526,239.82119560875353
4527,165.96971332875717
4528,108.1452170070651
4529,115.79164930071994
4530,118.8731563412472
4531,169.0747708620343
4532,167.50244486299158
4533,198.27211520207229
4534,69.9819063493059
4535,134.75925334962434
4536,118.2196914522778
4537,112.43517370336765
4538,145.71905984593323
4539,151.58045953048108
4540,163.89934787520454
4541,75.36305946817973
4542,113.4513541513315
4543,65.14773987609003
4544,72.15532986960918
4545,104.5397613082393
4546,114.43542315885203
4547,120.71843357535631
4548,136.26191725409103
4549,222.81054068568446
4550,147.91367244330226
4551,119.97002902972456
4552,45.57114030950936
4553,9.953417521253177
4554,-73.41030562468154
4555,-79.08852465398314
4556,-93.06509754513812
4557,-83.58139820062186
4558,1.3815832834423034
4559,68.93544653370928
4560,58.3179296055858
4561,91.98220579793336
4562,149.4856285578214
4563,194.93729197995253
4564,275.1067744523295
4565,226.43868083632879
4566,248.62084373171987
4567,155.27350773658614
4568,104.93038244388111
4569,36.03165521079324
4570,27.06274697196514
4571,14.563106734701796
4572,-56.39328958590479
4573,-49.206389882978044
4574,-55.083340857460705
4575,48.870739815987115
4576,74.28915497014526
4577,157.32560646845312
4578,255.06843329606565
4579,235.2465703720687
4580,260.1972089739501
4581,293.3994501532796
4582,235.66913938273538
4583,271.58201124017944
4584,266.93383808534884
4585,259.90381760160795
4586,210.98265567985766
4587,213.29207113170867
4588,141.04883584904798
4589,94.74387779833735
4590,62.41483257715083
4591,163.13174349746495
4592,232.03480292474578
4593,137.42493986504616
4594,116.21652015774036
4595,9.210882447876342
4596,6.418216449866342
4597,34.07489896301656
4598,99.39767189807094
4599,114.15542493221596
4600,90.43438237250447
4601,134.01265035685788
4602,107.4331168617689
4603,100.74605280046221
4604,134.39241098200196
4605,194.93369275889592
4606,171.19967013222336
4607,177.32505485606976
4608,175.36732772931566
4609,126.18665760733931
4610,-18.708377730680002
4611,-58.623095447802655
4612,-98.28119959693272
4613,-46.614365232553126
4614,-37.052005459512976
4615,68.29856431562517
4616,131.09538405896282
4617,148.9772048367567
4618,143.53131978645456
4619,119.32132359479895
4620,87.0199320273069
4621,84.93731236866263
4622,134.35474745192343
4623,93.358597658906
4624,126.18479559624741
4625,100.90187638055859
4626,122.04299061364412
4627,72.36564282204982
4628,48.58829469701662
4629,-34.54051631963254
4630,-59.34758248083778
4631,-27.89226154885635
4632,-29.83783658084602
4633,32.14877400933418
4634,12.498454096743238
4635,112.30383848948924
4636,83.97160516025572
4637,160.4996299632054
4638,235.4061832437732
4639,298.1043250150021
4640,375.30944915262245
4641,360.9482902337806
4642,317.9831339126145
4643,217.62617912382856
4644,189.61898234132585
4645,69.10245531981411
4646,68.68208195574641
4647,47.19197161864897
4648,59.459186799731974
4649,82.97817436569397
4650,70.51839551760038
4651,27.947115058119365
4652,-16.154448186769418
4653,16.09477670388256
4654,-60.24055386180763
4655,41.206396959847375
4656,32.27648398244175
4657,144.15883038333877
4658,211.84608365099882
4659,225.3195990760057
4660,220.70342035744682
4661,222.23852980956505
4662,258.6715548752207
4663,134.6268674445859
4664,190.2276730651907
4665,90.0403689687556
4666,64.79185716662087
4667,-2.419634343014556
4668,-48.81408762290713
4669,-34.71846002626677
4670,-28.50836581767397
4671,22.101805917016048
4672,70.43657176266855
4673,98.12349805307859
4674,56.8669748165334
4675,110.2894112648364
4676,157.49626205036336
4677,176.3806384086505
4678,238.70844528555202
4679,256.81216226537344
4680,197.6386227691834
4681,175.13637780625578
4682,118.93882485989577
4683,15.268591187777922
4684,-47.95283824277159
4685,-110.33804941400344
4686,-146.38337612695756
4687,-180.54486308362272
4688,-119.01740288053348
4689,-63.3131024605944
4690,10.500107827770535
4691,2.6906793543571457
4692,27.25214371439115
4693,64.28013693747097
4694,129.29752844548673
4695,274.40765546066376
4696,273.4135018881948
4697,384.2700256238
4698,408.612720370459
4699,406.0193448156263
4700,256.9166568457274
4701,161.63041036538237
4702,45.21682210970364
4703,-61.81023573698559
4704,-81.76962378439649
4705,-62.29699097762202
4706,58.08097089185632
4707,67.99075365974572
4708,84.36734909789422
4709,26.333370184447386
4710,46.03349390742076
4711,36.853341823170275
4712,97.72640460748349
4713,124.80842428859341
4714,109.07895881620627
4715,156.2838551764421
4716,120.0091667814608
4717,145.97226381775417
4718,162.33792636189546
4719,223.31300952944375
4720,142.87502722997942
4721,139.3312357324891
4722,20.083791048298874
4723,-34.46227751306002
4724,-47.286413613231126
4725,-87.35033249559014
4726,-67.39887468531963
4727,-72.03733619776796
4728,43.89390325893456
4729,56.22506817669801
4730,197.36535458845978
4731,230.57253002088999
4732,221.31763343084464
4733,181.87280979257199
4734,99.59113067007681
4735,68.99185770460615
4736,62.0462506738393
4737,101.08865553686434
4738,104.59253681853626
4739,102.02175100660064
4740,53.1965696429871
4741,110.42700486345271
4742,44.62554691917291
4743,-71.58761744337954
4744,-98.14269948089704
4745,-118.12961408938232
4746,-122.20623814880396
4747,-97.76894682473481
4748,-39.02214242436118
4749,-1.438969455636096
4750,24.161523247982256
4751,121.37442304138523
4752,229.1391119944125
4753,297.6529887477509
4754,359.84013638835717
4755,420.66113330772424
4756,392.5865739575474
4757,297.3802809707285
4758,170.10463288028492
4759,55.333240041431765
4760,-20.905570979240746
4761,-69.70365551505013
4762,-4.028896002974933
4763,18.177660432125226
4764,31.116907160449927
4765,-36.56408370731181
4766,-79.43527164851342
4767,-66.14185403286216
4768,-25.95127391293694
4769,44.41139955841022
4770,141.78024135895447
4771,218.51095661515723
4772,220.28524066771695
4773,245.00808465835874
4774,209.58140155165327
4775,177.42823114168536
4776,120.48226671032945
4777,92.88945120104428
4778,79.81821227270213
4779,11.049284376118672
4780,4.482987856116893
4781,-47.03850337674911
4782,-37.48709903917954
4783,-42.72312662405559
4784,-18.979309806523492
4785,-9.005114440769578
4786,81.15071607554842
4787,117.01073658018493
4788,144.55938436346844
4789,189.94853445325498
4790,201.8675579594897
4791,174.08474956262538
4792,102.52156412619297
4793,85.17153483251292
4794,-18.728393312021378
4795,-11.615587456709761
4796,17.028147161586975
4797,-15.674071047119119
4798,59.34118791357768
4799,83.13301700728609
4800,41.12689204509093
4801,49.46053771216101
4802,-3.245937047631512
4803,-39.361059876923676
4804,-21.30570762908299
4805,-0.7683709212832885
4806,27.02286581047515
4807,80.94667771269829
4808,104.66816319679323
4809,150.2256386247352
4810,193.86742515737546
4811,174.5820661045805
4812,203.2156894514752
4813,140.15697332494554
4814,115.66347797767833
4815,36.79642526452063
4816,9.488915760637946
4817,-78.50994631495927
4818,-83.57283966346137
4819,-52.74636478189939
4820,1.419552215484539
4821,60.76569902473499
4822,63.33097035903115
4823,78.05871168523004
4824,78.79460097716446
4825,74.48808155197814
4826,83.54472152955357
4827,77.04524749349254
4828,72.2560258678602
4829,67.6923812894752
4830,136.92603895739427
4831,147.86890789496087
4832,194.89509159252987
4833,122.22899262539427
4834,120.41584006929996
4835,46.88307497958051
4836,0.44533214727861165
4837,-14.743407006424007
4838,-39.05554239346258
4839,10.438287818860733
4840,18.789096062199306
4841,114.38515911515402
4842,117.39073934871168
4843,100.71786993716954
4844,78.0455458665309
4845,66.0578679824368
4846,96.00320432538408
4847,81.27288396568537
4848,98.63240860213153
4849,43.66526190792203
4850,-4.096860235684624
4851,-27.765953148624572
4852,15.596754085175675
4853,34.2250178289519
4854,93.00281642484538
4855,156.54649281780797
4856,170.2048433663857
4857,142.22570666311563
4858,53.91280989667815
4859,-20.83005572000686
4860,-32.94306691304617
4861,-37.214776304754515
4862,-10.491452906302582
4863,19.688464882292447
4864,82.87299663117072
4865,171.23614312482263
4866,184.28783753756287
4867,156.86251308510973
4868,106.80657450723115
4869,36.266692712877976
4870,11.347494551805255
4871,-32.556589121137584
4872,-53.078649101232486
4873,-13.726736454313787
4874,-6.213070654550148
4875,55.9320413535548
4876,181.0728274181015
4877,182.18884892984497
4878,195.42063540468544
4879,168.5383840134646
4880,123.97572836044982
4881,49.91463985154558
4882,5.654652512594546
4883,-5.002648546248829
4884,-49.347113701590004
4885,-9.118685698523812
4886,43.01492086643645
4887,101.42215018325811
4888,66.28190488591817
4889,111.27263601270846
4890,75.84164472201023
4891,62.08053263208643
4892,45.56538222469686
4893,-2.648429882319507
4894,-0.12848958855672227
4895,2.2949962117154397
4896,54.38569573034433
4897,57.79419810150156
4898,117.91649030709353
4899,113.16179022327604
4900,87.24395355263893
4901,38.85363649862287
4902,62.0058925797783
4903,-0.8532139015940391
4904,-29.90080075861843
4905,-45.18900463487526
4906,-59.106049163932795
4907,21.661929952697676
4908,34.818491388275326
4909,105.43941656940295
4910,116.60566935353323
4911,174.5637670994773
4912,185.08413594449428
4913,163.8019027287468
4914,124.52625130621266
4915,57.45977948524761
4916,7.765501787132551
4917,-52.319245029908906
4918,-77.26602563952628
4919,-134.07310193453898
4920,-85.87731862698665
4921,-40.52519733650212
4922,-16.52017177897449
4923,63.638383665235914
4924,149.08933735865926
4925,196.67406268208248
4926,147.78038730553843
4927,149.1475892820968
4928,85.51145453428
4929,20.382774901811302
4930,-19.187986528559442
4931,30.00674833747289
4932,40.625012455498805
4933,67.87804815877904
4934,114.92219471890644
4935,72.58711826795229
4936,138.34300415492814
4937,147.12680255700965
4938,136.5552331202568
4939,37.502683580149245
4940,-4.58369166409334
4941,-46.50262535276215
4942,-28.788722288749852
4943,-38.4620647012612
4944,18.489502212594225
4945,87.19310474068406
4946,80.42014739584235
4947,187.73723898360697
4948,171.06891842474252
4949,223.30517686729442
4950,145.7087958809464
4951,82.52765278194408
4952,26.287948542197153
4953,-49.62459298539059
4954,-15.827133873099896
4955,-36.485578192671056
4956,40.57804349890604
4957,101.98446454084251
4958,165.58583745713435
4959,134.00428248706598
4960,142.8887213056332
4961,109.24042666079494
4962,83.96000960604577
4963,51.62827546469904
4964,9.34986826459148
4965,24.897059826583707
4966,-18.985165176463827
4967,19.433570850341805
4968,-3.520914473271
4969,22.009332482464924
4970,23.182907235871266
4971,19.976637479963017
4972,46.77047846583762
4973,17.270256461667024
4974,53.95917099748236
4975,67.67040981421063
4976,104.39587317421488
4977,87.81779369506039
4978,94.92374764959528
4979,59.97974667584222
4980,2.345258828237282
4981,18.802703814592984
4982,68.4586444389275
4983,105.80416658809501
4984,121.83767852377109
4985,121.71099076028162
4986,50.91939979253186
4987,25.62735339723918
4988,-42.82580431696041
4989,5.623479057404702
4990,-39.97655725588185
4991,-19.526051985460697
4992,-25.305718883657487
4993,-49.77476866073957
4994,-40.59963359590679
4995,-26.83364095752514
4996,75.79239158059062
4997,149.26914323055917
4998,151.01860259591237
4999,137.5370092498958
5000,105.03725793775291
5001,4.045883163134147
5002,38.884945459535714
5003,35.11645147840967
5004,69.70985615274698
5005,82.50978694701367
5006,67.69734757610829
5007,101.10688288258096
5008,132.40086641208003
5009,96.04995427031996
5010,148.26478180592065
5011,119.49776089995112
5012,99.3314061299403
5013,68.5669662733137
5014,43.940166265178746
5015,65.68889300625295
5016,-16.64615227727702
5017,31.624709683444497
5018,-9.75401422333423
5019,41.57102392896278
5020,83.49058363214678
5021,66.1299248798804
5022,35.85347667991378
5023,39.57901730565131
5024,62.3566197153404
5025,30.183224264753246
5026,17.8045799537362
5027,35.05308211482404
5028,82.07991894752264
5029,76.48165713056241
5030,164.22588903688154
5031,180.12060487516098
5032,159.01979033393084
5033,138.60946011921743
5034,99.13943443754857
5035,90.52807076234171
5036,11.058537588005303
5037,-27.243591896941354
5038,-60.06670843142813
5039,-62.38796313439332
5040,-48.07044509436832
5041,23.558770357885614
5042,53.88383371514566
5043,75.57988752120663
5044,136.36508118895293
5045,168.08505722839388
5046,143.34655695429822
5047,135.38230628190996
5048,91.16746297579935
5049,42.78034112068042
5050,10.123740025573877
5051,-13.283401819576026
5052,-17.705440919823207
5053,-34.15858435479418
5054,-14.15143535361972
5055,14.743078030017877
5056,14.011161463232755
5057,19.68358528585425
5058,22.21740136173457
5059,-10.617715963031417
5060,-49.98249575221507
5061,-16.075362258978885
5062,66.30076500077338
5063,65.14598799024192
5064,77.46594218431567
5065,110.50856878795938
5066,80.01255725357105
5067,118.65388201268458
5068,144.39960877132174
5069,148.8797252896865
5070,103.58156489038335
5071,93.78753613646342
5072,27.45987417969833
5073,81.97130293364354
5074,62.41637235266302
5075,72.35553026152608
5076,93.12443789191002
5077,50.996037561429745
5078,54.26102130945363
5079,-3.8331373477958532
5080,30.90370766826361
5081,23.647586217547524
5082,39.909615310232134
5083,62.791785974604785
5084,68.8957956098384
5085,57.463432051487565
5086,68.39030527072946
5087,71.19663933987519
5088,102.59319424206542
5089,126.41989626110303
5090,153.90763260665972
5091,173.7132908603705
5092,128.50510335609138
5093,114.70379962823124
5094,33.27799622399663
5095,-12.491953945249396
5096,-6.6238024110431235
5097,0.7925421696452267
5098,25.49409415558635
5099,37.457492261443555
5100,61.992707329013086
5101,34.968396883926836
5102,66.8010447758304
5103,68.12586082106101
5104,113.17282312405177
5105,113.18632675832097
5106,107.88180457883539
5107,77.39228133647902
5108,26.202187619629044
5109,14.435121313384634
5110,-25.336628785841818
5111,-39.103764095169375
5112,-38.55360450655066
5113,-0.7239912866224767
5114,-10.727858917145317
5115,54.19155065704621
5116,69.14572153618926
5117,75.55587413079031
5118,28.459782248916188
5119,7.048591624847178
5120,8.133723412197448
5121,8.378661896215318
5122,33.69404475466399
5123,32.91379999365818
5124,64.39220778628436
5125,85.17773591153173
5126,101.0578446118297
5127,128.06681196293718
5128,178.25631370748465
5129,138.2619640803323
5130,130.62724852352218
5131,99.51211174179745
5132,27.230059866012702
5133,-36.08695633602756
5134,-51.40100832878717
5135,-22.79485411955031
5136,-0.30059544643459907
5137,38.931025054616455
5138,57.57838701172873
5139,133.8738869152103
5140,88.69730602574465
5141,147.69680635771132
5142,132.4966609679424
5143,112.94508345112943
5144,131.2346565952312
5145,110.93098133598012
5146,120.89281415322581
5147,44.31118706780943
5148,51.66358155321947
5149,-9.749804089774576
5150,-32.60157348527126
5151,-39.069206021117665
5152,-32.536641311940194
5153,-31.00682736993058
5154,-26.302677190600605
5155,3.6537217061942617
5156,-23.986017211752003
5157,-5.682946425709156
5158,6.752822387891189
5159,50.57086638363881
5160,65.2196867645256
5161,103.0985375724687
5162,139.89695621958927
5163,132.13254068981743
5164,125.050859626447
5165,117.86854444719621
5166,112.85460665996372
5167,61.5756632118047
5168,39.474048403989435
5169,8.180497816570726
5170,11.354859193912029
5171,19.346388851426994
5172,13.18096882189044
5173,32.93812668597502
5174,27.001330544675184
5175,40.97554329694251
5176,32.73374550245522
5177,34.36419372076246
5178,33.93141867353609
5179,66.03779389798898
5180,90.8688868340523
5181,112.95002220183102
5182,106.59545899479778
5183,109.42488510372822
5184,81.45602785999597
5185,56.84105789925266
5186,38.00995579901619
5187,10.064276514954896
5188,24.425060559546207
5189,-5.481096513133853
5190,17.332582464189688
5191,16.037640040710382
5192,10.179015550244657
5193,75.57338183939383
5194,100.33930517214425
5195,93.95848950023557
5196,93.58829882059808
5197,85.84188712024617
5198,64.91644494469459
5199,59.09505220048967
5200,91.19255351912516
5201,87.89949560696931
5202,57.44146539532332
5203,13.53427351658803
5204,-40.75765691351678
5205,-11.951973125808918
5206,-51.76514500683775
5207,-5.8158677964486385
5208,-7.683584962336336
5209,-0.3539363003808407
5210,37.51969869321146
5211,55.54253990914592
5212,109.63754287538674
5213,77.39253926807362
5214,105.08062804054254
5215,65.76514334855227
5216,49.119326388130695
5217,31.789779829936254
5218,32.57816671766902
5219,35.177419365132714
5220,27.953269664767497
5221,32.013876584243135
5222,40.868398195958605
5223,75.60586117974465
5224,56.27202183520108
5225,80.1559060881218
5226,29.401747126560767
5227,23.435627351628145
5228,-22.287246361526616
5229,5.042097691875616
5230,28.71501990513937
5231,61.254939827730055
5232,118.084705842075
5233,136.00388883270318
5234,142.28633929399555
5235,82.99171304574537
5236,68.81160804698676
5237,15.384936964701561
5238,24.937536109218527
5239,7.345072578648273
5240,-18.148777843981513
5241,0.248880232749652
5242,-8.46348733726551
5243,3.078531855516451
5244,-13.322272504080585
5245,-0.7375603961230828
5246,21.814539504159697
5247,31.38333751321305
5248,11.740007344340778
5249,-15.968846767317068
5250,-49.47099750211017
5251,-69.16240156354318
5252,-56.87710145455804
5253,-18.922464913149856
5254,41.94813863515362
5255,65.71669704901159
5256,109.77549179983015
5257,101.51481373196098
5258,114.10853140565791
5259,103.10383926926055
5260,63.044520165926194
5261,57.709211801357156
5262,66.73914536154246
5263,64.7394074856175
5264,55.26281320348764
5265,78.56321248434459
5266,78.81225129249684
5267,68.36978481336514
5268,28.267999604106777
5269,16.661540932677124
5270,30.38624905216533
5271,34.30334569880487
5272,73.25829838201686
5273,49.14939376394019
5274,33.94492045161987
5275,18.029116834742435
5276,38.40748900448743
5277,56.18887434270484
5278,81.88642939371961
5279,100.22421008610176
5280,102.63962251578572
5281,80.02871906105582
5282,63.35900376295218
5283,61.12682515742281
5284,50.05252710285833
5285,69.65993607185503
5286,48.24372112871501
5287,75.30836397067421
5288,52.51043476459793
5289,80.78293515115377
5290,45.333053542623695
5291,21.118222024095562
5292,2.1500188524167805
5293,-26.832128518216805
5294,-38.00337679249352
5295,-29.669916908272043
5296,2.6537953481366237
5297,4.057261917712185
5298,1.5877143878718423
5299,27.603165234150712
5300,44.17356010119604
5301,36.93835616805342
5302,54.6795312054119
5303,48.675183872585706
5304,45.68519369439116
5305,31.3417539955431
5306,25.45511280614987
5307,-0.3455090264832383
5308,-36.457405800266386
5309,-30.75604040279704
5310,-31.94495433899702
5311,0.48102929988776405
5312,24.17575475311843
5313,38.63293538003615
5314,31.72860589868792
5315,19.74532245678081
5316,23.13308382843117
5317,7.8225512591764526
5318,41.59880022760317
5319,54.22401297369174
5320,58.442378348358965
5321,69.82454209782175
5322,81.9133104516679
5323,115.31381974468457
5324,97.54754527402426
5325,106.45543381960414
5326,82.75440416925625
5327,38.70593422167469
5328,-10.155637669693299
5329,-26.334040890685355
5330,-53.023547532802695
5331,-33.51791418243959
5332,-48.29972199358638
5333,-29.062409761193393
5334,3.0811611255294955
5335,13.044683840117854
5336,41.42562244704781
5337,18.975772706399656
5338,11.473561441238607
5339,-5.819958268463214
5340,-9.448267663504861
5341,-14.536846240776107
5342,6.7244058681848005
5343,38.4930055849461
5344,54.074977390723056
5345,54.013109012158
5346,50.300346523921384
5347,39.0488581123
5348,40.11959611984932
5349,33.41498406549329
5350,-0.8056283395680898
5351,-15.540530055800465
5352,-13.679919863594808
5353,-7.448245801893706
5354,24.975354934004685
5355,45.740495628565775
5356,53.028448005952185
5357,76.80266744430742
5358,85.8403389774304
5359,96.86027674436272
5360,77.05618339025004
5361,84.11156998146363
5362,55.69296099051668
5363,33.55848040743319
5364,12.947735547725989
5365,5.940805750494795
5366,-4.805537207811481
5367,7.102188774257107
5368,28.249011684832222
5369,28.158251008273123
5370,28.4493842123243
5371,10.540953867157034
5372,0.44876590643575254
5373,-13.659164785626684
5374,-0.8081788833552632
5375,-7.852278814793421
5376,1.1983804854473703
5377,3.030386913920129
5378,7.929677152465325
5379,-6.922198005987503
5380,-4.385097509594654
5381,-15.752688065489977
5382,-10.995922820449449
5383,-0.5460131414153876
5384,13.426804222033047
5385,45.08861955424847
5386,82.40189457617213
5387,72.00245612212068
5388,52.14584001694023
5389,51.53474693396301
5390,10.213853771063562
5391,-15.881642017733812
5392,-30.01422574992213
5393,-23.1313335692617
5394,-23.05931369740461
5395,-28.610104661175125
5396,-29.012173791232964
5397,-0.24096660017851942
5398,2.937362732245997
5399,36.67893746858227
5400,43.26892373950253
5401,44.21462678077954
5402,51.670002661055356
5403,19.939225591882305
5404,44.20270027629965
5405,37.361430452988046
5406,54.54011981763808
5407,42.75575076624398
5408,47.223063299122266
5409,33.31133199472362
5410,21.487592088944744
5411,12.371196542419103
5412,0.33139015880494177
5413,-12.450890922712034
5414,-16.46351041008521
5415,-23.849101279241115
5416,-38.764783868425376
5417,-27.77080442354208
5418,-48.756196298111746
5419,-12.007828567747174
5420,-18.28412278150581
5421,25.18222825691024
5422,35.783889661090505
5423,54.28821671113947
5424,65.34778029634388
5425,56.41016145636079
5426,64.68264317622798
5427,61.46841664664141
5428,55.05652028298442
5429,30.14915163260599
5430,19.820615332466254
5431,-8.941975339374503
5432,-24.926474400631427
5433,-38.60785202335035
5434,-48.04190962646075
5435,-33.29470788537707
5436,-27.889052411778827
5437,-3.1514848687096344
5438,-1.889210716427679
5439,18.83888947917149
5440,23.399337737102055
5441,28.743573735787834
5442,46.783060024756004
5443,46.00813817482156
5444,44.94320852868654
5445,28.027127248994336
5446,68.61540936487972
5447,60.85855362798606
5448,53.265880535350455
5449,57.23087074630766
5450,60.91504628317974
5451,23.209607690133375
5452,10.633725335385307
5453,18.688969665986814
5454,27.483426405061323
5455,28.227685447044152
5456,12.892789141814992
5457,20.301442607594712
5458,10.438739417866898
5459,18.116784706910334
5460,24.294375115922115
5461,5.220150792665909
5462,3.8487630177016006
5463,-17.987594567279903
5464,-18.993008112663077
5465,-6.241733355694261
5466,11.394419923116509
5467,17.606080102797787
5468,27.87020147083216
5469,20.01166124434311
5470,10.927019458485384
5471,-15.164170150721489
5472,-14.500097101362302
5473,-24.51155276819169
5474,-10.302290991509313
5475,-0.75884454778583
5476,-0.9178436189811389
5477,6.542506595805316
5478,9.81995121208656
5479,22.318906138451
5480,20.978603749064877
5481,25.704708586739375
5482,39.61043146726333
5483,39.43606830986783
5484,47.23671916112392
5485,35.65412102643416
5486,50.990126399892105
5487,44.483615002471325
5488,34.46568286385385
5489,30.9164673190741
5490,27.250963479180303
5491,4.724055879187515
5492,-12.836953910165294
5493,-17.358421809765588
5494,-37.190095893246756
5495,-38.84544723971897
5496,-27.706829461241064
5497,5.307607939199314
5498,18.148946235063082
5499,28.201660941437517
5500,19.03680254932523
5501,15.304721915557215
5502,3.393026514475577
5503,-12.920496431149743
5504,-25.22645676306309
5505,-0.7504103894729923
5506,10.306875486268938
5507,15.444713632941609
5508,14.07963127799646
5509,28.468126364010118
5510,26.958951281868675
5511,1.5635817214314987
5512,14.432698554076152
5513,24.67055386539755
5514,30.924218085283375
5515,16.99509025211421
5516,27.070687059691267
5517,6.498137797900156
5518,25.575403425057637
5519,46.18077189593888
5520,34.67567888338129
5521,37.72680640567772
5522,24.706806523385666
5523,24.898273972001245
5524,17.359834390234152
5525,42.82487421649841
5526,41.235373003513075
5527,41.40510054047196
5528,32.983422816517354
5529,20.704127568029413
5530,1.1484775035311792
5531,-8.057205087437051
5532,-8.651329834012525
5533,2.994426415030759
5534,11.560542508049469
5535,16.988449147655135
5536,24.955251669818903
5537,27.624470598363857
5538,39.194353939063326
5539,55.83376372622704
5540,65.6825834526092
5541,68.50966341762147
5542,65.26000459923215
5543,51.074358230697555
5544,40.31176374785827
5545,33.20273426535044
5546,17.65876719267502
5547,2.6965020090041527
5548,-10.45343031767844
5549,-17.03194769086328
5550,-26.274545183291984
5551,-49.50498847726521
5552,-34.21232178682311
5553,-36.412022481988316
5554,-28.652976548212816
5555,-11.933232631175322
5556,-13.89560788894564
5557,-9.876397066652482
5558,1.6885924474822895
5559,12.692584380453697
5560,26.716435942901608
5561,28.451069458685264
5562,31.25082512139561
5563,33.582043621224045
5564,56.46447039047112
5565,55.421628533807215
5566,42.86573921916882
5567,54.96827283162745
5568,55.30713876873435
5569,30.709228515166018
5570,3.30749605558697
5571,17.0761084480889
5572,13.938873511120617
5573,9.116342482344086
5574,11.109396637939119
5575,9.619221487040683
5576,10.817030540871409
5577,22.260820962183708
5578,21.734788187076536
5579,20.198388545983995
5580,25.187922113931375
5581,9.209727979838854
5582,12.253326655971719
5583,10.103191036060187
5584,29.79613307029009
5585,18.644435272566202
5586,26.743254170758338
5587,25.96772759089958
5588,16.061864590412462
5589,4.636516615334791
5590,-12.970806802685798
5591,-31.071054297368743
5592,-34.522593406057716
5593,-29.01887974479193
5594,-8.10122358050197
5595,-1.718698742972281
5596,-4.013607626266408
5597,6.778305885883327
5598,4.573241578438356
5599,28.822264713746907
5600,38.30202103075502
5601,37.4243903983813
5602,26.2100565435067
5603,26.586663637111474
5604,3.5259742667122556
5605,-8.784208092381045
5606,-2.5135803225062974
5607,7.163679660840784
5608,23.215989209361897
5609,43.85805154276559
5610,49.15664612005085
5611,33.20206886734015
5612,15.196780048657432
5613,0.974451020322484
5614,-19.77577889516007
5615,-26.07299025110013
5616,-8.579319062624013
5617,-1.118279600302355
5618,20.00996548208662
5619,17.948480795111877
5620,46.096615750638094
5621,74.98296637557189
5622,91.55531157511442
5623,99.17297836240364
5624,89.9615355628124
5625,89.20567219852279
5626,35.920291070097235
5627,-2.094006040347909
5628,-22.969789522168323
5629,-20.365628928037022
5630,-23.7383720724808
5631,-9.71732982772223
5632,-5.978540376685573
5633,2.4635176363829863
5634,4.275596126037522
5635,16.155646607949055
5636,17.262826466844004
5637,16.597710285074385
5638,7.61486294599587
5639,-5.742897727152643
5640,-3.204570043710092
5641,-8.396723902624394
5642,2.3246135164087804
5643,15.332091016321407
5644,23.48740301854442
5645,41.27618457129902
5646,37.22884842020472
5647,40.22729734884048
5648,9.307926085117828
5649,-15.503243630759068
5650,-22.384924141954524
5651,-18.755445534630873
5652,-9.516195318080607
5653,-5.446704148054788
5654,-1.2345456653935656
5655,-7.159718772117984
5656,17.12467137729471
5657,38.21179752095903
5658,58.40514402740913
5659,57.48098438246265
5660,52.18346356235404
5661,42.237710814025135
5662,22.74059834253161
5663,21.03324431353774
5664,8.885297467762298
5665,12.3674113954975
5666,10.707506265460905
5667,5.16555998481268
5668,4.817402568018736
5669,-1.6235365928025332
5670,-6.241997685534834
5671,7.063350334022481
5672,14.653270076819837
5673,18.296819615934005
5674,18.21229439823723
5675,4.8415631919483015
5676,-1.1280036010336074
5677,-5.799779168085735
5678,-2.4583930098706754
5679,17.677531050980075
5680,35.38278341315265
5681,55.857055061886825
5682,57.75011962465791
5683,47.68908430848376
5684,36.41652476353055
5685,16.197474036278138
5686,5.258651979409202
5687,-6.9813773339421346
5688,-17.151728398115377
5689,-18.022982061182425
5690,-20.561369168877178
5691,-17.297369381267895
5692,0.9449748093169436
5693,10.863653243238849
5694,20.31111053471441
5695,25.335504331632855
5696,33.09839140119394
5697,33.848695547030154
5698,32.30277210138477
5699,32.749060117367826
5700,25.299145560942048
5701,27.66138653367925
5702,34.333447907756586
5703,35.371107869499205
5704,24.979798576365724
5705,18.275889012070518
5706,4.4584848815118505
5707,1.5097566761105177
5708,9.11938188159955
5709,1.0265643208655815
5710,-1.1412804313514628
5711,-2.087061588966767
5712,-1.043094429978629
5713,5.690605187349716
5714,15.696903242110674
5715,22.5095658401206
5716,18.296554118473523
5717,17.91252820555963
5718,7.266419811661488
5719,-7.718144610314664
5720,-9.18578269478011
5721,-13.92696881820279
5722,-3.7761610507508347
5723,8.88128159877464
5724,25.28192148665784
5725,23.467683432120854
5726,20.314210051362963
5727,20.073230883913656
5728,9.49264941412824
5729,6.269755694264429
5730,-4.779674250179927
5731,-0.7015369167515165
5732,2.1370262724583746
5733,9.385965707432952
5734,27.702201729824846
5735,40.70778308190661
5736,41.22032377304804
5737,39.290839123459016
5738,25.42907619062694
5739,14.713000665507629
5740,-5.724003547272922
5741,-5.735608311945113
5742,-4.815399365786711
5743,2.325793343620041
5744,4.024572709600122
5745,11.095854544341416
5746,9.074628643880283
5747,17.267258593520527
5748,18.93265984473285
5749,24.918326112776704
5750,30.056661028682438
5751,28.29951667840461
5752,21.88301211080292
5753,19.63714663709008
5754,14.724447668475635
5755,19.144296392897918
5756,18.941438777746235
5757,13.249208836905176
5758,13.266222758950228
5759,8.591200041755561
5760,4.836338350873651
5761,2.8174353707278224
5762,-8.623958554881716
5763,-15.013023986311213
5764,-15.106670139317666
5765,-23.978417855519893
5766,-26.04566584373012
5767,-19.673342267777745
5768,-15.49831028737807
5769,-5.525958738987461
5770,8.182945079939545
5771,19.435491628752136
5772,18.497084843392763
5773,25.72115569967696
5774,27.665464676789817
5775,32.008981832619334
5776,30.843067233637864
5777,26.691205184639053
5778,12.105249530034262
5779,-1.2493581781968104
5780,-11.291174312396102
5781,-16.709088827996236
5782,-10.788638803985657
5783,-4.940296308219813
5784,-0.9968370230788386
5785,3.5552122971004017
5786,8.353895810655334
5787,12.00139144167015
5788,28.545926442982264
5789,37.09899777459812
5790,43.37395729250411
5791,46.25407756088424
5792,41.493960694889346
5793,30.613753811543464
5794,28.410392014875086
5795,19.22119747355465
5796,9.679495322913732
5797,1.5324929534757057
5798,1.4850501341036881
5799,-0.9312655643866168
5800,3.1399403611447596
5801,5.315163312201023
5802,8.698293383515887
5803,8.581920277776154
5804,11.818440123032607
5805,4.741416453003634
5806,1.0497704761724025
5807,-11.550607621779049
5808,-12.110279354938745
5809,-14.813573589970497
5810,-7.853072377785306
5811,6.106075067857856
5812,18.17042772058463
5813,30.783435537708897
5814,33.33980095207469
5815,38.77418249539435
5816,31.39208647433787
5817,13.767402817470725
5818,-11.458704409513535
5819,-22.30833486239044
5820,-24.73626715595741
5821,-16.592449053381543
5822,-2.798012908182016
5823,-3.159452508880682
5824,-1.2476877017213346
5825,5.406150599716361
5826,4.197284842748073
5827,4.404727194432203
5828,6.057372013665113
5829,12.95876858838688
5830,14.26750955392634
5831,19.305957252926223
5832,20.47389025608413
5833,21.907147886831115
5834,25.626536551136414
5835,22.94900795413308
5836,20.72366608381938
5837,27.40072884872379
5838,29.053734341754446
5839,31.343485354918908
5840,19.927291289926035
5841,11.9611479673395
5842,12.408841315590537
5843,6.714442060694387
5844,9.624454266363395
5845,11.784575046417705
5846,13.97700923344834
5847,15.218267467051808
5848,3.0091246376720076
5849,-4.516382388436449
5850,-17.26078251322792
5851,-14.328963729664876
5852,-15.594088150851725
5853,-16.72638183333642
5854,-12.784005111141093
5855,-8.712839344949868
5856,-10.090544493704394
5857,-8.897582865612632
5858,3.920531817829129
5859,10.475076093647356
5860,19.53365712307494
5861,23.484135360117627
5862,23.952296317115493
5863,15.673419574409253
5864,13.645771508573127
5865,5.5520169261461945
5866,-1.518860723517046
5867,-4.7492850857799835
5868,-4.263262730671699
5869,-2.2349520620868186
5870,-1.9065312582543605
5871,1.1899231021700851
5872,-5.903653444538837
5873,6.136748724910585
5874,8.209470463537324
5875,16.081475902188867
5876,21.952506289431977
5877,24.501625843597363
5878,21.348673719249543
5879,19.929984439925786
5880,18.48775563031565
5881,18.276294973129595
5882,18.07757184087053
5883,12.65832406635018
5884,13.137413064449476
5885,8.775089938014256
5886,7.35774574055408
5887,-0.29013753953750576
5888,-5.846680798153251
5889,-5.96379427783231
5890,-3.449624324438675
5891,-1.4606167846437792
5892,-3.398189729991718
5893,-6.693680311289885
5894,-7.71971248884141
5895,-0.9438219569607119
5896,1.7514437179680051
5897,2.0482336183325325
5898,12.240778757822328
5899,12.393000877733316
5900,8.337315168695058
5901,-0.28245157703224516
5902,2.3904205037200037
5903,-4.131654528376179
5904,-7.518088479845325
5905,1.5157100515652935
5906,3.0774728906094446
5907,0.8369546203289088
5908,-3.017396578332729
5909,-8.960948355296418
5910,-11.382627514232812
5911,-0.39252547057695925
5912,6.187294153861643
5913,5.245548617143281
5914,12.77356609771324
5915,9.501666911372869
5916,2.4409542669785664
5917,5.111727177335128
5918,2.402382684370209
5919,8.749275896509818
5920,10.942559808678611
5921,21.693176018684536
5922,24.86078386477045
5923,23.11133063498196
5924,19.585140304821667
5925,14.35758559702352
5926,4.870769893081552
5927,1.85360238614024
5928,5.584860087426499
5929,6.382024659768737
5930,13.281363346973087
5931,9.837780350001932
5932,-0.8280920556948844
5933,-4.301187206531859
5934,-6.174148100533649
5935,-4.189044585716331
5936,0.5376432587249991
5937,5.0868396231483075
5938,-1.750098259504205
5939,-4.534011658233394
5940,-12.596424215791977
5941,-10.363260475406909
5942,-12.821302528623447
5943,2.9715614400832635
5944,3.3188780863841747
5945,6.977383139814391
5946,4.801869760455191
5947,-6.613688233325237
5948,-3.8704782376116778
5949,-5.296681235325242
5950,4.570474576484645
5951,14.502339517337973
5952,16.87407172802907
5953,10.47685872404962
5954,-2.7735184030006694
5955,-3.160271924400439
5956,2.41425694576435
5957,7.439419555876801
5958,17.189003598833356
5959,22.752090252633945
5960,18.53467791975143
5961,19.439784999569444
5962,13.6755379835406
5963,14.650979477385958
5964,18.519804791776913
5965,17.099010738019203
5966,17.418686301641706
5967,17.503499791897134
5968,13.992283713637308
5969,14.328569521435412
5970,12.105283940942016
5971,9.133581812251075
5972,9.62656994947994
5973,5.601091943776583
5974,4.516523217034016
5975,5.180996369768521
5976,0.9314501741378086
5977,2.9177941458775583
5978,2.200470514305593
5979,1.1227493308919332
5980,9.120088900486888
5981,11.583884220681425
5982,12.649408265322549
5983,10.457028782207923
5984,1.3248923577105909
5985,-2.9447271774068313
5986,-7.1108368773576345
5987,-11.212647799031755
5988,-12.77412693616446
5989,-11.46195173460428
5990,-11.39376648592378
5991,-11.411593912657208
5992,-10.340464664058416
5993,-5.870828714177725
5994,-3.4986837619868245
5995,-0.015496144428806792
5996,5.136328937655144
5997,6.369009915701036
5998,7.43100387535537
5999,3.565944601123052
6000,3.490060292561028
6001,4.049344718657447
6002,8.576103554302826
6003,11.049748027032244
6004,14.952866905539487
6005,17.543150954275372
6006,12.336552028551838
6007,6.835245329512525
6008,3.679591472648571
6009,6.2930300598143765
6010,5.025136329790674
6011,6.529702640682934
6012,6.530716030244869
6013,-1.088079527601721
6014,1.8661977743262643
6015,3.01440663014529
6016,10.10803286441018
6017,11.90626981939139
6018,11.788011951793331
6019,4.441701646852871
6020,-0.04981603968384562
6021,-2.1920892429755243
6022,-7.223848473082086
6023,-10.222085143359381
6024,-10.179082847348822
6025,-5.256946354942561
6026,-1.7618235127831199
6027,-2.8747414417345807
6028,-2.569342374240453
6029,-3.0919912431364187
6030,-5.143583564527459
6031,-5.954614681369729
6032,-9.643881258421874
6033,-6.971135471927832
6034,-9.020758042743674
6035,-12.071875526243371
6036,-13.076612511867438
6037,-12.08099021764714
6038,-2.249900253392961
6039,-2.160318060883505
6040,7.479031081821407
6041,7.833803628882866
6042,11.767425816656326
6043,16.564829454250333
6044,15.853976639573185
6045,16.06482642955388
6046,21.62544039484971
6047,29.252526410115944
6048,34.157349465877935
6049,30.12131323539323
6050,24.971194431015334
6051,21.101877893880445
6052,21.792380179731126
6053,16.5020651768465
6054,15.856573329871564
6055,15.047430234987274
6056,11.974241935293897
6057,4.770717860827387
6058,0.6692983162428962
6059,2.31687866331222
6060,6.003665049773738
6061,15.90130370462068
6062,16.748601971058815
6063,17.99802173957465
6064,15.60892287168985
6065,10.112315473436428
6066,3.4861541413231616
6067,-1.1527067007140313
6068,-1.0403952513047872
6069,0.8904886981362511
6070,6.524053983473733
6071,10.877722734633545
6072,8.54564545483479
6073,9.685950227458685
6074,5.065792665478321
6075,-3.5694644384963294
6076,-5.292819133312043
6077,-12.478464019624331
6078,-16.89132903626467
6079,-18.362149187810278
6080,-15.302601969728157
6081,-11.359691330867259
6082,-7.470278044788258
6083,1.9807077846902112
6084,8.552088228564761
6085,18.959125452692046
6086,27.348655623153785
6087,25.55884718208905
6088,23.585500962108018
6089,20.917199755234222
6090,18.144162639371135
6091,14.702353798444511
6092,7.79019249154517
6093,2.5585953505725163
6094,-7.65415510375108
6095,-8.578786562844284
6096,-12.847243993264675
6097,-5.350366427027419
6098,-0.16618043481267955
6099,8.690500211183512
6100,16.49992261704485
6101,20.997513502175646
6102,22.85078875381525
6103,21.16772941378638
6104,13.082179895666671
6105,5.77452077847875
6106,0.02170938854493865
6107,-4.446266448519898
6108,-7.115777730948356
6109,-7.354512692439677
6110,-0.09195912035121895
6111,-1.7709524704344337
6112,5.918861802237696
6113,8.70950337020163
6114,7.344017633166767
6115,2.82396079973166
6116,0.78640506564482
6117,-4.63782026005827
6118,-7.384108251057929
6119,-9.397001436452413
6120,-15.14604371648501
6121,-13.797505282206421
6122,-11.346481728898182
6123,-8.104731489761487
6124,-2.0802338066118717
6125,2.7610525414141005
6126,9.737934596067062
6127,10.52295813714321
6128,11.73234239851625
6129,12.758921379524908
6130,7.449566047154452
6131,3.4506571132995063
6132,-1.0625445679771943
6133,-2.622582531063967
6134,-0.5765226823956803
6135,3.3859809373872305
6136,8.988431679120062
6137,11.471010675311021
6138,12.548095458938263
6139,14.948433289371621
6140,14.977150239871545
6141,12.407292785567014
6142,8.620947212787145
6143,9.412481796430336
6144,12.245545173457616
6145,15.399616696313286
6146,16.736774545191675
6147,15.427981332804578
6148,17.288762099786858
6149,13.784952978353923
6150,10.971764033854882
6151,12.027653907160007
6152,4.6765222771862645
6153,1.4398658553633514
6154,-0.29280462806867696
6155,0.9419879136204211
6156,0.773197374004232
6157,3.147694951314433
6158,5.595635791883194
6159,7.433843018585826
6160,7.226706431889242
6161,8.14108151354247
6162,2.036385514848193
6163,-1.4804007395453453
6164,0.735525526126199
6165,-0.9574307595549901
6166,3.651225197337424
6167,8.876061158418388
6168,9.64072200210831
6169,6.140798646656683
6170,2.7250953889979126
6171,-0.7085741033360885
6172,2.621002190649374
6173,5.9938388595056615
6174,6.363091869889184
6175,7.964421043928667
6176,7.884509949357785
6177,6.709757888793745
6178,5.940047190664481
6179,11.712763491585934
6180,13.084822038759514
6181,14.788472018231964
6182,9.03292763161853
6183,6.566610734724279
6184,7.765827357046943
6185,4.378360436206343
6186,2.529239877328177
6187,4.377526939513821
6188,0.18084382575857946
6189,0.310150226146915
6190,-0.8578252005398438
6191,-0.1161533695835849
6192,2.935315933866261
6193,2.546759817824624
6194,0.7074218708625969
6195,0.9802870188584458
6196,1.6477342807880329
6197,-0.037682179013333844
6198,3.0399434150775373
6199,8.22569139000428
6200,8.023143296792496
6201,4.8955568081162495
6202,1.9524951835367041
6203,1.3538873630590478
6204,3.1627099807493293
6205,1.656868248829775
6206,2.3765170851388944
6207,4.911298382995276
6208,1.9820378350347412
6209,-0.02535851008186423
6210,-0.8527718748224337
6211,-1.1488059765287206
6212,-2.5322842722330883
6213,0.23217316704885765
6214,2.5918347351307545
6215,5.456343431082484
6216,10.67211377360357
6217,10.442362226374156
6218,9.408329010981525
6219,5.8744156544858335
6220,6.50542662056568
6221,3.2907811688636075
6222,1.4597756921814415
6223,-0.5745782618523635
6224,0.2659230033467781
6225,2.4245297786671975
6226,-1.2930283868448136
6227,-0.08931413697299985
6228,2.305529559356232
6229,1.8663504725589817
6230,7.886122523430711
6231,8.609466154806986
6232,8.307922058588172
6233,6.269157880058859
6234,1.5052034794265174
6235,0.3231509689569351
6236,2.779187729728268
6237,2.644380097366777
6238,5.705612888080211
6239,9.737097280197535
6240,12.689946799327979
6241,6.896416160701685
6242,7.150097006143614
6243,10.900114682721702
6244,9.0642499719602
6245,7.113892036668877
6246,3.0401758982791645
6247,2.772687677831011
6248,0.84490138806475
6249,-0.22062017235495565
6250,0.7570808034859969
6251,2.933203413091425
6252,6.574790570382631
6253,4.2155760809458585
6254,1.7067872101621513
6255,0.15246263475480099
6256,0.7421687729540801
6257,-0.08904447738722514
6258,2.8641485099319546
6259,2.76709861672262
6260,2.6427083340448188
6261,4.364154843761192
6262,5.784666380596078
6263,2.864604228508206
6264,3.205720890333281
6265,4.17565983043843
6266,5.94111543199114
6267,7.080604705971283
6268,0.0852869100373154
6269,-1.6427298622492867
6270,-2.969683256079072
6271,-4.4091493955925385
6272,-4.6067815777831065
6273,-3.4391592546128686
6274,-3.2597222842325215
6275,-4.364414139755411
6276,-1.1598084660042196
6277,-2.176065915142171
6278,1.2757733321409876
6279,2.305206118682607
6280,5.609493127776035
6281,4.438184680825614
6282,3.504487776399439
6283,5.739415538136086
6284,4.223074942568478
6285,5.012332560573131
6286,8.297596642944178
6287,8.087516980897858
6288,3.468336951819402
6289,5.69844849081283
6290,5.335625302308441
6291,2.5664696408019014
6292,1.6376677955926158
6293,-0.20087998962739567
6294,-3.8570816422150864
6295,-4.952567008827454
6296,-5.01365505368682
6297,-2.48043347067978
6298,-0.18743675102161914
6299,2.7852213101754475
6300,5.195096858778701
6301,5.804755865298604
6302,7.467978963469191
6303,8.13789975673204
6304,6.2092422467924
6305,3.36940255379645
6306,0.031229828549965786
6307,-0.008165662545854916
6308,-1.2309192314621624
6309,-1.3668145139439476
6310,0.354876594709594
6311,0.07501031139515137
6312,-0.694801291249104
6313,1.1750009262256635
6314,0.9020266072709143
6315,2.4530396645723545
6316,0.2660742508813552
6317,2.5513127882170457
6318,1.8822629444144727
6319,1.0315111207493506
6320,1.0231443271715812
6321,-1.5771934434047976
6322,2.5781464353856838
6323,4.674672239017138
6324,8.965777553481113
6325,7.3137096920743465
6326,10.959754913053821
6327,10.49241577753616
6328,10.017522979889938
6329,8.622767886347779
6330,8.67788522569134
6331,4.961110683501493
6332,4.247576060958147
6333,0.13249391896094273
6334,0.7174372445509987
6335,-0.4045716608852395
6336,0.011057224894285454
6337,-0.3646090663615417
6338,1.6676775064405318
6339,4.3586525845165625
6340,6.08496408124026
6341,6.302229268491017
6342,5.902070610006796
6343,5.1328217701124315
6344,1.3574102115261661
6345,3.465693111962516
6346,1.4709764648945995
6347,1.4767430435758668
6348,2.391680942913661
6349,1.9102603866842962
6350,0.7915876264851663
6351,1.2796859989078873
6352,1.1285673777957295
6353,2.1209540323444647
6354,3.558424642867989
6355,3.849572276583279
6356,3.1760904232574054
6357,2.2477747013537166
6358,0.3224638671410598
6359,-0.22454920652832155
6360,-0.1540624226428521
6361,-0.6854061521938988
6362,-0.2562604340022848
6363,-1.0436208855562794
6364,0.6221260982660743
6365,2.29154826775706
6366,2.157473343460701
6367,2.332632237832921
6368,3.1975970018252844
6369,5.671584956519758
6370,2.255170611011066
6371,4.71834640180873
6372,5.271137380599307
6373,6.0525262563595525
6374,5.550675370633221
6375,5.635508076823007
6376,4.802201830255101
6377,5.534896038039029
6378,5.410493856703458
6379,5.11938717781718
6380,3.39112286948989
6381,1.4995183998572348
6382,0.6516785483884902
6383,1.1851921290764245
6384,0.10312176828635235
6385,0.6402469563896552
6386,-2.2715614448247146
6387,-2.1316300656248024
6388,-0.9908164943731106
6389,-1.4840436094942426
6390,-2.3227278235622717
6391,-1.1069215475465999
6392,-0.34479707029905127
6393,1.1931801376394429
6394,2.2242679424497243
6395,3.3372338630195766
6396,4.972236311205218
6397,4.580568758322456
6398,5.288732614360715
6399,2.649822618458887
6400,-1.8805494031649008
6401,-3.9460706674946615
6402,-7.781513725658925
6403,-7.178338624769444
6404,-8.042666720037719
6405,-4.329953401342793
6406,-4.875195321867956
6407,-2.1153841056876512
6408,-1.0719122496391882
6409,1.5277444157599804
6410,2.0942681914904298
6411,7.930575760198955
6412,7.416975980319445
6413,13.004822043322598
6414,12.35635703902305
6415,11.673437469711374
6416,12.52066033421527
6417,7.4236173197994635
6418,6.244820844538952
6419,4.858682566904414
6420,6.369967266539021
6421,6.26247970871039
6422,6.457427643928222
6423,3.702227630008583
6424,3.820974580194412
6425,2.5831409479219962
6426,2.844894278932053
6427,4.1686548972160145
6428,2.1828397556201242
6429,0.2488257953903575
6430,-1.992624523453065
6431,-1.7951390835518897
6432,-0.9964111515297883
6433,-2.0235468580551528
6434,-1.4444352236319273
6435,0.2349520580128437
6436,0.25014554053971694
6437,0.9451864228522084
6438,1.3607334746182354
6439,3.279575134374346
6440,4.602255445796811
6441,3.5775449512824826
6442,3.733628142341954
6443,2.5940704668159653
6444,-0.2414800038177345
6445,-0.8592611604170375
6446,-2.9256353688261503
6447,-3.079527762102619
6448,-0.64535555279865
6449,-0.6483697899696182
6450,-1.1616538824041944
6451,1.6953636740499751
6452,0.5468714977523359
6453,2.5596168941568074
6454,4.251679713127286
6455,7.152629759968779
6456,8.28964428542665
6457,8.971468280117353
6458,10.328258702616296
6459,10.484340048853921
6460,9.15537217589449
6461,6.775384146778435
6462,6.520920677932849
6463,4.806077501869437
6464,1.9275709344882583
6465,0.8039513472958018
6466,0.11423111222309355
6467,-2.5150018477803426
6468,-2.466286408804757
6469,-2.6863990106117313
6470,-3.7848388200917147
6471,-1.6929139180983628
6472,-1.3710254063869078
6473,-2.5473081868777863
6474,-1.5394338389390556
6475,0.062422397934492356
6476,-1.4992029441784303
6477,1.363585105063138
6478,-1.310685942381267
6479,-1.1161192115151284
6480,1.4304411090351687
6481,-1.4606443313638082
6482,-0.1758874586220264
6483,2.4826646052816947
6484,3.113977436448419
6485,2.576849711675441
6486,2.86420416509515
6487,1.4741869845835183
6488,1.2914661543599009
6489,-1.5636262893640123
6490,-1.5825336565778825
6491,-1.5079707162911098
6492,-1.4094330713624106
6493,-0.2788974209809152
6494,0.48783300356632764
6495,1.993717192512883
6496,2.872997923727226
6497,3.1109648273831993
6498,6.339163140516122
6499,9.823579330221328
6500,10.422782973703644
6501,9.159819448201551
6502,9.476733633639618
6503,8.65566076822759
6504,7.163589809906972
6505,5.004376002278329
6506,4.510041896728573
6507,2.9189930912708326
6508,3.0887184108892853
6509,1.7680729675610565
6510,1.2110595336382326
6511,1.0478518193340254
6512,0.7687743081285712
6513,2.0641028074871173
6514,3.1951907933664305
6515,1.3969651999738788
6516,0.41822680612677304
6517,-0.1856941867927046
6518,-0.6907648557314859
6519,-1.3550943598343181
6520,-2.7280110883485893
6521,-1.799614510282129
6522,-0.917900965734138
6523,-0.0014316808837803526
6524,-0.10374388417386561
6525,0.9529967323095696
6526,0.6800138298834424
6527,3.0814597472685805
6528,5.262376495325376
6529,2.7129762979195617
6530,2.378341138311111
6531,0.6653079333487553
6532,-0.6750119905958181
6533,-1.516532049494278
6534,-1.17170811635982
6535,-1.0240879640647438
6536,-1.0724649824312251
6537,-0.9256836874278627
6538,3.633302509921551
6539,7.242504136887789
6540,8.812341629387962
6541,10.2856378440394
6542,10.80086780357379
6543,8.779780324582022
6544,8.42527122104202
6545,6.821465183693997
6546,5.840348416844172
6547,3.2672724353152307
6548,2.043929344113975
6549,1.1208777600385589
6550,-0.6669522939140943
6551,-0.37781984477417657
6552,-1.0847576660245029
6553,1.3240051414571783
6554,1.391097555386578
6555,-0.29902969164054494
6556,-1.3793181109385302
6557,-2.6806334611184797
6558,-2.482300970499003
6559,-2.608907885369925
6560,-2.7220226881865814
6561,-2.0749178568450617
6562,-0.7726691633349402
6563,-1.16574095664956
6564,0.8376446051273907
6565,0.7407056202268918
6566,1.1941256509473674
6567,1.7808596156709262
6568,1.8901368102690685
6569,2.4817273135070024
6570,0.6881285915546307
6571,1.322623645045063
6572,1.2725161995656533
6573,1.8844232851173082
6574,-0.32677114112108024
6575,0.3511767287065332
6576,-0.9290531582916383
6577,-0.8291048083878244
6578,0.10947210652050374
6579,0.13496409036047166
6580,1.337363988018716
6581,2.676689685705721
6582,3.502065000680791
6583,5.68113302048013
6584,7.452677012184138
6585,7.316323854068599
6586,8.066742174095413
6587,6.888468290325129
6588,6.938279238289104
6589,6.083943890091674
6590,4.060892811332967
6591,5.559812108209766
6592,2.6674134061163883
6593,1.181487803329292
6594,0.10351027384303542
6595,-0.34008515869997197
6596,0.414288082444931
6597,0.9304260337797239
6598,1.2844180189302614
6599,-0.10748963073157308
6600,-0.5278949735845653
6601,-1.8366100978975193
6602,-1.974925259041764
6603,-0.8421797445703858
6604,-0.25898435786408325
6605,-1.728569079963459
6606,-0.541344802575381
6607,0.14570264177726805
6608,-1.950601278654845
6609,-0.31179761997726574
6610,0.26076931252116553
6611,0.13406601619640246
6612,1.468436955661007
6613,0.7471662802679474
6614,0.44434795525281656
6615,1.1695630250730307
6616,1.2231655205848662
6617,1.2876610281647851
6618,0.9286079378384627
6619,0.8520037819885073
6620,-0.6315766131170116
6621,-1.229084960962237
6622,-0.5611806719460016
6623,1.6690590691991662
6624,3.1881366586700506
6625,6.310626395976045
6626,8.766415604522289
6627,8.600837006490764
6628,9.177589081574425
6629,9.762746556258836
6630,6.70613487065561
6631,4.798525939463883
6632,3.668127966854273
6633,2.8910570691275037
6634,0.6819279612858749
6635,-0.6541208989529976
6636,-0.6740903190514953
6637,-0.7399613416105605
6638,-0.052581800739564075
6639,-0.22431460893762406
6640,-0.5693336691788852
6641,-1.3146874127779702
6642,-1.3933285465266136
6643,-1.9097172300736016
6644,-1.4629850707774796
6645,-0.01042797956770303
6646,-1.325921039074823
6647,-0.4760947223118035
6648,0.5803471921067946
6649,0.9477285940323291
6650,-0.6678129049239051
6651,0.381178302188484
6652,0.6609342849433276
6653,1.37364422440096
6654,0.44920754117971984
6655,0.011457273031664356
6656,0.23997934110708563
6657,1.4778944888606926
6658,1.5717398584200268
6659,1.2194639530347327
6660,1.4043689479491315
6661,1.1278144525372442
6662,1.7057260448541565
6663,0.7452729358461642
6664,-0.7827086261603827
6665,0.6832702282386969
6666,2.106918028997806
6667,0.0
6668,0.0
6669,0.0
6670,0.0
6671,0.0
6672,0.0
6673,0.0
6674,0.0
6675,0.0
6676,0.0
6677,0.0
6678,0.0
6679,0.0
6680,0.0
6681,0.0
6682,0.0
6683,0.0
6684,0.0
6685,0.0
6686,0.0
6687,0.0
6688,0.0
6689,0.0
6690,0.0
6691,0.0
6692,0.0
6693,0.0
6694,0.0
6695,0.0
6696,0.0
6697,0.0
6698,0.0
6699,0.0
6700,0.0
6701,0.0
6702,0.0
6703,0.0
6704,0.0
6705,0.0
6706,0.0
6707,0.0
6708,0.0
6709,0.0
6710,0.0
6711,0.0
6712,0.0
6713,0.0
6714,0.0
6715,0.0
6716,0.0
6717,0.0
6718,0.0
6719,0.0
6720,0.0
6721,0.0
6722,0.0
6723,0.0
6724,0.0
6725,0.0
6726,0.0
6727,0.0
6728,0.0
6729,0.0
6730,0.0
6731,0.0
6732,0.0
6733,0.0
6734,0.0
6735,0.0
6736,0.0
6737,0.0
6738,0.0
6739,0.0
6740,0.0
6741,0.0
6742,0.0
6743,0.0
6744,0.0
6745,0.0
6746,0.0
6747,0.0
6748,0.0
6749,0.0
6750,0.0
6751,0.0
6752,0.0
6753,0.0
6754,0.0
6755,0.0
6756,0.0
6757,0.0
6758,0.0
6759,0.0
6760,0.0
6761,0.0
6762,0.0
6763,0.0
6764,0.0
6765,0.0
6766,0.0
6767,0.0
6768,0.0
6769,0.0
6770,0.0
6771,0.0
6772,0.0
6773,0.0
6774,0.0
6775,0.0
6776,0.0
6777,0.0
6778,0.0
6779,0.0
6780,0.0
6781,0.0
6782,0.0
6783,0.0
6784,0.0
6785,0.0
6786,0.0
6787,0.0
6788,0.0
6789,0.0
6790,0.0
6791,0.0
6792,0.0
6793,0.0
6794,0.0
6795,0.0
6796,0.0
6797,0.0
6798,0.0
6799,0.0
6800,0.0
6801,0.0
6802,0.0
6803,0.0
6804,0.0
6805,0.0
6806,0.0
6807,0.0
6808,0.0
6809,0.0
6810,0.0
6811,0.0
6812,0.0
6813,0.0
6814,0.0
6815,0.0
6816,0.0
6817,0.0
6818,0.0
6819,0.0
6820,0.0
6821,0.0
6822,0.0
6823,0.0
6824,0.0
6825,0.0
6826,0.0
6827,0.0
6828,0.0
6829,0.0
6830,0.0
6831,0.0
6832,0.0
6833,0.0
6834,0.0
6835,0.0
6836,0.0
6837,0.0
6838,0.0
6839,0.0
6840,0.0
6841,0.0
6842,0.0
6843,0.0
6844,0.0
6845,0.0
6846,0.0
6847,0.0
6848,0.0
6849,0.0
6850,0.0
6851,0.0
6852,0.0
6853,0.0
6854,0.0
6855,0.0
6856,0.0
6857,0.0
6858,0.0
6859,0.0
6860,0.0
6861,0.0
6862,0.0
6863,0.0
6864,0.0
6865,0.0
6866,0.0
6867,0.0
6868,0.0
6869,0.0
6870,0.0
6871,0.0
6872,0.0
6873,0.0
6874,0.0
6875,0.0
6876,0.0
6877,0.0
6878,0.0
6879,0.0
6880,0.0
6881,0.0
6882,0.0
6883,0.0
6884,0.0
6885,0.0
6886,0.0
6887,0.0
6888,0.0
6889,0.0
6890,0.0
6891,0.0
6892,0.0
6893,0.0
6894,0.0
6895,0.0
6896,0.0
6897,0.0
6898,0.0
6899,0.0
6900,0.0
6901,0.0
6902,0.0
6903,0.0
6904,0.0
6905,0.0
6906,0.0
6907,0.0
6908,0.0
6909,0.0
6910,0.0
6911,0.0
6912,0.0
6913,0.0
6914,0.0
6915,0.0
6916,0.0
6917,0.0
6918,0.0
6919,0.0
6920,0.0
6921,0.0
6922,0.0
6923,0.0
6924,0.0
6925,0.0
6926,0.0
6927,0.0
6928,0.0
6929,0.0
6930,0.0
6931,0.0
6932,0.0
6933,0.0
6934,0.0
6935,0.0
6936,0.0
6937,0.0
6938,0.0
6939,0.0
6940,0.0
6941,0.0
6942,0.0
6943,0.0
6944,0.0
6945,0.0
6946,0.0
6947,0.0
6948,0.0
6949,0.0
6950,0.0
6951,0.0
6952,0.0
6953,0.0
6954,0.0
6955,0.0
6956,0.0
6957,0.0
6958,0.0
6959,0.0
6960,0.0
6961,0.0
6962,0.0
6963,0.0
6964,0.0
6965,0.0
6966,0.0
6967,0.0
6968,0.0
6969,0.0
6970,0.0
6971,0.0
6972,0.0
6973,0.0
6974,0.0
6975,0.0
6976,0.0
6977,0.0
6978,0.0
6979,0.0
6980,0.0
6981,0.0
6982,0.0
6983,0.0
6984,0.0
6985,0.0
6986,0.0
6987,0.0
6988,0.0
6989,0.0
6990,0.0
6991,0.0
6992,0.0
6993,0.0
6994,0.0
6995,0.0
6996,0.0
6997,0.0
6998,0.0
6999,0.0
7000,0.0
7001,0.0
7002,0.0
7003,0.0
7004,0.0
7005,0.0
7006,0.0
7007,0.0
7008,0.0
7009,0.0
7010,0.0
7011,0.0
7012,0.0
7013,0.0
7014,0.0
7015,0.0
7016,0.0
7017,0.0
7018,0.0
7019,0.0
7020,0.0
7021,0.0
7022,0.0
7023,0.0
7024,0.0
7025,0.0
7026,0.0
7027,0.0
7028,0.0
7029,0.0
7030,0.0
7031,0.0
7032,0.0
7033,0.0
7034,0.0
7035,0.0
7036,0.0
7037,0.0
7038,0.0
7039,0.0
7040,0.0
7041,0.0
7042,0.0
7043,0.0
7044,0.0
7045,0.0
7046,0.0
7047,0.0
7048,0.0
7049,0.0
7050,0.0
7051,0.0
7052,0.0
7053,0.0
7054,0.0
7055,0.0
7056,0.0
7057,0.0
7058,0.0
7059,0.0
7060,0.0
7061,0.0
7062,0.0
7063,0.0
7064,0.0
7065,0.0
7066,0.0
7067,0.0
7068,0.0
7069,0.0
7070,0.0
7071,0.0
7072,0.0
7073,0.0
7074,0.0
7075,0.0
7076,0.0
7077,0.0
7078,0.0
7079,0.0
7080,0.0
7081,0.0
7082,0.0
7083,0.0
7084,0.0
7085,0.0
7086,0.0
7087,0.0
7088,0.0
7089,0.0
7090,0.0
7091,0.0
7092,0.0
7093,0.0
7094,0.0
7095,0.0
7096,0.0
7097,0.0
7098,0.0
7099,0.0
7100,0.0
7101,0.0
7102,0.0
7103,0.0
7104,0.0
7105,0.0
7106,0.0
7107,0.0
7108,0.0
7109,0.0
7110,0.0
7111,0.0
7112,0.0
7113,0.0
7114,0.0
7115,0.0
7116,0.0
7117,0.0
7118,0.0
7119,0.0
7120,0.0
7121,0.0
7122,0.0
7123,0.0
7124,0.0
7125,0.0
7126,0.0
7127,0.0
7128,0.0
7129,0.0
7130,0.0
7131,0.0
7132,0.0
7133,0.0
7134,0.0
7135,0.0
7136,0.0
7137,0.0
7138,0.0
7139,0.0
7140,0.0
7141,0.0
7142,0.0
7143,0.0
7144,0.0
7145,0.0
7146,0.0
7147,0.0
7148,0.0
7149,0.0
7150,0.0
7151,0.0
7152,0.0
7153,0.0
7154,0.0
7155,0.0
7156,0.0
7157,0.0
7158,0.0
7159,0.0
7160,0.0
7161,0.0
7162,0.0
7163,0.0
7164,0.0
7165,0.0
7166,0.0
7167,0.0
7168,0.0
7169,0.0
7170,0.0
7171,0.0
7172,0.0
7173,0.0
7174,0.0
7175,0.0
7176,0.0
7177,0.0
7178,0.0
7179,0.0
7180,0.0
7181,0.0
7182,0.0
7183,0.0
7184,0.0
7185,0.0
7186,0.0
7187,0.0
7188,0.0
7189,0.0
7190,0.0
7191,0.0
7192,0.0
7193,0.0
7194,0.0
7195,0.0
7196,0.0
7197,0.0
7198,0.0
7199,0.0
7200,0.0
7201,0.0
7202,0.0
7203,0.0
7204,0.0
7205,0.0
7206,0.0
7207,0.0
7208,0.0
7209,0.0
7210,0.0
7211,0.0
7212,0.0
7213,0.0
7214,0.0
7215,0.0
7216,0.0
7217,0.0
7218,0.0
7219,0.0
7220,0.0
7221,0.0
7222,0.0
7223,0.0
7224,0.0
7225,0.0
7226,0.0
7227,0.0
7228,0.0
7229,0.0
7230,0.0
7231,0.0
7232,0.0
7233,0.0
7234,0.0
7235,0.0
7236,0.0
7237,0.0
7238,0.0
7239,0.0
7240,0.0
7241,0.0
7242,0.0
7243,0.0
7244,0.0
7245,0.0
7246,0.0
7247,0.0
7248,0.0
7249,0.0
7250,0.0
7251,0.0
7252,0.0
7253,0.0
7254,0.0
7255,0.0
7256,0.0
7257,0.0
7258,0.0
7259,0.0
7260,0.0
7261,0.0
7262,0.0
7263,0.0
7264,0.0
7265,0.0
7266,0.0
7267,0.0
7268,0.0
7269,0.0
7270,0.0
7271,0.0
7272,0.0
7273,0.0
7274,0.0
7275,0.0
7276,0.0
7277,0.0
7278,0.0
7279,0.0
7280,0.0
7281,0.0
7282,0.0
7283,0.0
7284,0.0
7285,0.0
7286,0.0
7287,0.0
7288,0.0
7289,0.0
7290,0.0
7291,0.0
7292,0.0
7293,0.0
7294,0.0
7295,0.0
7296,0.0
7297,0.0
7298,0.0
7299,0.0
7300,0.0
7301,0.0
7302,0.0
7303,0.0
7304,0.0
7305,0.0
7306,0.0
7307,0.0
7308,0.0
7309,0.0
7310,0.0
7311,0.0
7312,0.0
7313,0.0
7314,0.0
7315,0.0
7316,0.0
7317,0.0
7318,0.0
7319,0.0
7320,0.0
7321,0.0
7322,0.0
7323,0.0
7324,0.0
7325,0.0
7326,0.0
7327,0.0
7328,0.0
7329,0.0
7330,0.0
7331,0.0
7332,0.0
7333,0.0
7334,0.0
7335,0.0
7336,0.0
7337,0.0
7338,0.0
7339,0.0
7340,0.0
7341,0.0
7342,0.0
7343,0.0
7344,0.0
7345,0.0
7346,0.0
7347,0.0
7348,0.0
7349,0.0
7350,0.0
7351,0.0
7352,0.0
7353,0.0
7354,0.0
7355,0.0
7356,0.0
7357,0.0
7358,0.0
7359,0.0
7360,0.0
7361,0.0
7362,0.0
7363,0.0
7364,0.0
7365,0.0
7366,0.0
7367,0.0
7368,0.0
7369,0.0
7370,0.0
7371,0.0
7372,0.0
7373,0.0
7374,0.0
7375,0.0
7376,0.0
7377,0.0
7378,0.0
7379,0.0
7380,0.0
7381,0.0
7382,0.0
7383,0.0
7384,0.0
7385,0.0
7386,0.0
7387,0.0
7388,0.0
7389,0.0
7390,0.0
7391,0.0
7392,0.0
7393,0.0
7394,0.0
7395,0.0
7396,0.0
7397,0.0
7398,0.0
7399,0.0
7400,0.0
7401,0.0
7402,0.0
7403,0.0
7404,0.0
7405,0.0
7406,0.0
7407,0.0
7408,0.0
7409,0.0
7410,0.0
7411,0.0
7412,0.0
7413,0.0
7414,0.0
7415,0.0
7416,0.0
7417,0.0
7418,0.0
7419,0.0
7420,0.0
7421,0.0
7422,0.0
7423,0.0
7424,0.0
7425,0.0
7426,0.0
7427,0.0
7428,0.0
7429,0.0
7430,0.0
7431,0.0
7432,0.0
7433,0.0
7434,0.0
7435,0.0
7436,0.0
7437,0.0
7438,0.0
7439,0.0
7440,0.0
7441,0.0
7442,0.0
7443,0.0
7444,0.0
7445,0.0
7446,0.0
7447,0.0
7448,0.0
7449,0.0
7450,0.0
7451,0.0
7452,0.0
7453,0.0
7454,0.0
7455,0.0
7456,0.0
7457,0.0
7458,0.0
7459,0.0
7460,0.0
7461,0.0
7462,0.0
7463,0.0
7464,0.0
7465,0.0
7466,0.0
7467,0.0
7468,0.0
7469,0.0
7470,0.0
7471,0.0
7472,0.0
7473,0.0
7474,0.0
7475,0.0
7476,0.0
7477,0.0
7478,0.0
7479,0.0
7480,0.0
7481,0.0
7482,0.0
7483,0.0
7484,0.0
7485,0.0
7486,0.0
7487,0.0
7488,0.0
7489,0.0
7490,0.0
7491,0.0
7492,0.0
7493,0.0
7494,0.0
7495,0.0
7496,0.0
7497,0.0
7498,0.0
7499,0.0
7500,0.0
7501,0.0
7502,0.0
7503,0.0
7504,0.0
7505,0.0
7506,0.0
7507,0.0
7508,0.0
7509,0.0
7510,0.0
7511,0.0
7512,0.0
7513,0.0
7514,0.0
7515,0.0
7516,0.0
7517,0.0
7518,0.0
7519,0.0
7520,0.0
7521,0.0
7522,0.0
7523,0.0
7524,0.0
7525,0.0
7526,0.0
7527,0.0
7528,0.0
7529,0.0
7530,0.0
7531,0.0
7532,0.0
7533,0.0
7534,0.0
7535,0.0
7536,0.0
7537,0.0
7538,0.0
7539,0.0
7540,0.0
7541,0.0
7542,0.0
7543,0.0
7544,0.0
7545,0.0
7546,0.0
7547,0.0
7548,0.0
7549,0.0
7550,0.0
7551,0.0
7552,0.0
7553,0.0
7554,0.0
7555,0.0
7556,0.0
7557,0.0
7558,0.0
7559,0.0
7560,0.0
7561,0.0
7562,0.0
7563,0.0
7564,0.0
7565,0.0
7566,0.0
7567,0.0
7568,0.0
7569,0.0
7570,0.0
7571,0.0
7572,0.0
7573,0.0
7574,0.0
7575,0.0
7576,0.0
7577,0.0
7578,0.0
7579,0.0
7580,0.0
7581,0.0
7582,0.0
7583,0.0
7584,0.0
7585,0.0
7586,0.0
7587,0.0
7588,0.0
7589,0.0
7590,0.0
7591,0.0
7592,0.0
7593,0.0
7594,0.0
7595,0.0
7596,0.0
7597,0.0
7598,0.0
7599,0.0
7600,0.0
7601,0.0
7602,0.0
7603,0.0
7604,0.0
7605,0.0
7606,0.0
7607,0.0
7608,0.0
7609,0.0
7610,0.0
7611,0.0
7612,0.0
7613,0.0
7614,0.0
7615,0.0
7616,0.0
7617,0.0
7618,0.0
7619,0.0
7620,0.0
7621,0.0
7622,0.0
7623,0.0
7624,0.0
7625,0.0
7626,0.0
7627,0.0
7628,0.0
7629,0.0
7630,0.0
7631,0.0
7632,0.0
7633,0.0
7634,0.0
7635,0.0
7636,0.0
7637,0.0
7638,0.0
7639,0.0
7640,0.0
7641,0.0
7642,0.0
7643,0.0
7644,0.0
7645,0.0
7646,0.0
7647,0.0
7648,0.0
7649,0.0
7650,0.0
7651,0.0
7652,0.0
7653,0.0
7654,0.0
7655,0.0
7656,0.0
7657,0.0
7658,0.0
7659,0.0
7660,0.0
7661,0.0
7662,0.0
7663,0.0
7664,0.0
7665,0.0
7666,0.0
7667,0.0
7668,0.0
7669,0.0
7670,0.0
7671,0.0
7672,0.0
7673,0.0
7674,0.0
7675,0.0
7676,0.0
7677,0.0
7678,0.0
7679,0.0
7680,0.0
7681,0.0
7682,0.0
7683,0.0
7684,0.0
7685,0.0
7686,0.0
7687,0.0
7688,0.0
7689,0.0
7690,0.0
7691,0.0
7692,0.0
7693,0.0
7694,0.0
7695,0.0
7696,0.0
7697,0.0
7698,0.0
7699,0.0
7700,0.0
7701,0.0
7702,0.0
7703,0.0
7704,0.0
7705,0.0
7706,0.0
7707,0.0
7708,0.0
7709,0.0
7710,0.0
7711,0.0
7712,0.0
7713,0.0
7714,0.0
7715,0.0
7716,0.0
7717,0.0
7718,0.0
7719,0.0
7720,0.0
7721,0.0
7722,0.0
7723,0.0
7724,0.0
7725,0.0
7726,0.0
7727,0.0
7728,0.0
7729,0.0
7730,0.0
7731,0.0
7732,0.0
7733,0.0
7734,0.0
7735,0.0
7736,0.0
7737,0.0
7738,0.0
7739,0.0
7740,0.0
7741,0.0
7742,0.0
7743,0.0
7744,0.0
7745,0.0
7746,0.0
7747,0.0
7748,0.0
7749,0.0
7750,0.0
7751,0.0
7752,0.0
7753,0.0
7754,0.0
7755,0.0
7756,0.0
7757,0.0
7758,0.0
7759,0.0
7760,0.0
7761,0.0
7762,0.0
7763,0.0
7764,0.0
7765,0.0
7766,0.0
7767,0.0
7768,0.0
7769,0.0
7770,0.0
7771,0.0
7772,0.0
7773,0.0
7774,0.0
7775,0.0
7776,0.0
7777,0.0
7778,0.0
7779,0.0
7780,0.0
7781,0.0
7782,0.0
7783,0.0
7784,0.0
7785,0.0
7786,0.0
7787,0.0
7788,0.0
7789,0.0
7790,0.0
7791,0.0
7792,0.0
7793,0.0
7794,0.0
7795,0.0
7796,0.0
7797,0.0
7798,0.0
7799,0.0
7800,0.0
7801,0.0
7802,0.0
7803,0.0
7804,0.0
7805,0.0
7806,0.0
7807,0.0
7808,0.0
7809,0.0
7810,0.0
7811,0.0
7812,0.0
7813,0.0
7814,0.0
7815,0.0
7816,0.0
7817,0.0
7818,0.0
7819,0.0
7820,0.0
7821,0.0
7822,0.0
7823,0.0
7824,0.0
7825,0.0
7826,0.0
7827,0.0
7828,0.0
7829,0.0
7830,0.0
7831,0.0
7832,0.0
7833,0.0
7834,0.0
7835,0.0
7836,0.0
7837,0.0
7838,0.0
7839,0.0
7840,0.0
7841,0.0
7842,0.0
7843,0.0
7844,0.0
7845,0.0
7846,0.0
7847,0.0
7848,0.0
7849,0.0
7850,0.0
7851,0.0
7852,0.0
7853,0.0
7854,0.0
7855,0.0
7856,0.0
7857,0.0
7858,0.0
7859,0.0
7860,0.0
7861,0.0
7862,0.0
7863,0.0
7864,0.0
7865,0.0
7866,0.0
7867,0.0
7868,0.0
7869,0.0
7870,0.0
7871,0.0
7872,0.0
7873,0.0
7874,0.0
7875,0.0
7876,0.0
7877,0.0
7878,0.0
7879,0.0
7880,0.0
7881,0.0
7882,0.0
7883,0.0
7884,0.0
7885,0.0
7886,0.0
7887,0.0
7888,0.0
7889,0.0
7890,0.0
7891,0.0
7892,0.0
7893,0.0
7894,0.0
7895,0.0
7896,0.0
7897,0.0
7898,0.0
7899,0.0
7900,0.0
7901,0.0
7902,0.0
7903,0.0
7904,0.0
7905,0.0
7906,0.0
7907,0.0
7908,0.0
7909,0.0
7910,0.0
7911,0.0
7912,0.0
7913,0.0
7914,0.0
7915,0.0
7916,0.0
7917,0.0
7918,0.0
7919,0.0
7920,0.0
7921,0.0
7922,0.0
7923,0.0
7924,0.0
7925,0.0
7926,0.0
7927,0.0
7928,0.0
7929,0.0
7930,0.0
7931,0.0
7932,0.0
7933,0.0
7934,0.0
7935,0.0
7936,0.0
7937,0.0
7938,0.0
7939,0.0
7940,0.0
7941,0.0
7942,0.0
7943,0.0
7944,0.0
7945,0.0
7946,0.0
7947,0.0
7948,0.0
7949,0.0
7950,0.0
7951,0.0
7952,0.0
7953,0.0
7954,0.0
7955,0.0
7956,0.0
7957,0.0
7958,0.0
7959,0.0
7960,0.0
7961,0.0
7962,0.0
7963,0.0
7964,0.0
7965,0.0
7966,0.0
7967,0.0
7968,0.0
7969,0.0
7970,0.0
7971,0.0
7972,0.0
7973,0.0
7974,0.0
7975,0.0
7976,0.0
7977,0.0
7978,0.0
7979,0.0
7980,0.0
7981,0.0
7982,0.0
7983,0.0
7984,0.0
7985,0.0
7986,0.0
7987,0.0
7988,0.0
7989,0.0
7990,0.0
7991,0.0
7992,0.0
7993,0.0
7994,0.0
7995,0.0
7996,0.0
7997,0.0
7998,0.0
7999,0.0
