index,y
0,9.694187805316854
1,6.792088402422669
2,5.918993196079708
3,4.294640785823949
4,2.9969456415808535
5,3.3301285687359115
6,3.483266227030346
7,1.1653667305066362
8,4.8885469733811275
9,-0.435607395721157
10,12.818002106768045
11,2.420893612249782
12,10.770078660791237
13,0.1353679516673148
14,11.386561883980553
15,9.436017970398803
16,1.6299464009306717
17,12.441788048153192
18,-0.8845573522509416
19,13.2922209763149
20,-1.1025969321192102
21,20.19355141120939
22,8.291742270159892
23,-0.11991741553483799
24,18.701501297103675
25,1.8059268052714146
26,11.30350146280413
27,16.266501775147432
28,-1.208970195761676
29,16.31973074744932
30,5.017311056607693
31,0.3284006311393376
32,17.299572138041594
33,7.552741239815789
34,3.752931521570654
35,15.874483475700275
36,-0.43458335976889534
37,7.458047810363021
38,15.652840503518346
39,-2.1228869078526706
40,8.214604987034479
41,8.222911530032475
42,14.808166694695633
43,17.69862561146079
44,5.992783364367696
45,18.304019844064754
46,5.635425185761359
47,19.46885478389538
48,-1.563123928014211
49,18.16616050180121
50,10.281953848589417
51,9.072728132491171
52,8.949133432858893
53,15.957014470621555
54,13.032577925560183
55,7.186568432102465
56,14.183366669467446
57,5.604229837346215
58,7.727396038172084
59,11.19447963186193
60,3.5566541039834685
61,2.867202245031834
62,3.2900241850805623
63,5.13959710099041
64,4.5768652498364535
65,6.425038727239506
66,6.087378662581894
67,2.392843697930298
68,4.349673736216941
69,3.9831755056362756
70,5.3253302812990695
71,5.386541149919738
72,6.0874180326941625
73,11.098262814572731
74,6.149982024249105
75,3.7938970002858636
76,5.70799046908585
77,0.14468549319054252
78,1.6028246913476705
79,2.406925056210002
80,2.554756177247171
81,8.64431071060554
82,4.3002038610214
83,5.568297799363735
84,1.2549695557702765
85,8.093721945058917
86,2.1134554104947982
87,9.050670409868847
88,8.546124431754844
89,11.373895497398456
90,21.14762479245162
91,-0.5064232169280449
92,15.834604978678398
93,-0.3277542111300501
94,12.710161912144612
95,12.4658432707463
96,-1.8724205713281403
97,26.022171894532782
98,7.584609294835462
99,0.20683835835308334
100,17.2187065366017
101,0.8527421416856612
102,9.13854644570467
103,14.10371879765865
104,-1.2983236324705205
105,10.174299860016783
106,25.367026280371846
107,1.7264758440787684
108,-0.07233424751350608
109,15.58411158056626
110,17.758438392413613
111,0.2658880859816932
112,3.471957838849698
113,22.32505502717595
114,6.494160870220426
115,-2.6502818317859314
116,18.778609192016336
117,11.332622571836158
118,-3.2639036590625445
119,9.162887503650408
120,23.807846515312296
121,2.290629720005145
122,10.615210278294315
123,10.669494175602662
124,-1.7464836129374912
125,19.04770128135707
126,4.470829261019507
127,3.9998575421865206
128,7.63879043172497
129,1.5259173207617198
130,5.884939772921314
131,6.518784477740284
132,4.561054690394434
133,12.671369455610298
134,6.783572285031248
135,5.914330931463094
136,6.9507437752693155
137,13.559081435838955
138,9.784916842888764
139,6.278056048408225
140,1.827276627910675
141,3.1985288452557428
142,2.894950912185737
143,4.989664979333579
144,2.3599486694487983
145,2.7085974629422385
146,3.0261685746507725
147,2.5504684406595852
148,5.421477608236988
149,3.000548229977341
150,7.090274256091314
151,4.179012436421511
152,5.047929550881613
153,7.678980001060822
154,4.634653035181295
155,3.111944204136395
156,4.087692324495569
157,5.380360840361807
158,4.716429860503042
159,2.59052049534429
160,4.565960041998216
161,3.670889223506521
162,5.673573780206724
163,3.6037637464252104
164,2.602927685239485
165,1.1665285375462655
166,4.715804584449995
167,1.6451252652995267
168,4.58276742671238
169,5.717911707550831
170,-0.057436115906495076
171,11.35551155970497
172,0.7372885189194716
173,10.755876272753312
174,7.814686463516301
175,-3.324573674433035
176,18.29989670385812
177,8.259232222027375
178,3.4281398292626597
179,21.65361695021845
180,-1.271652377394091
181,12.023264168218507
182,10.09890017631623
183,-2.140252344884508
184,10.849215651871157
185,17.44381553897986
186,3.0469816888643537
187,2.720112341931072
188,20.60931738220689
189,4.720663001304421
190,-1.1260583219544427
191,15.883435702489535
192,16.042829737442357
193,0.4885906894230767
194,-0.07324399001188633
195,15.29103809614648
196,6.452481788501682
197,-1.1403788311475045
198,23.789210371659596
199,11.409778043095134
200,-3.2561024241165972
201,7.4687831547665215
202,4.639366260439825
203,1.3058260701596522
204,21.349449939697173
205,-1.2308143915499465
206,20.452801791864598
207,16.42322594540051
208,-0.37959124231497454
209,21.73169806247461
210,-2.253723655920385
211,18.590312080573366
212,3.3448022789799206
213,8.190692322459647
214,3.261742226988447
215,11.7373649631989
216,14.713171422073342
217,8.22977439680719
218,6.599943731909141
219,9.580056510285187
220,11.107476434539034
221,3.3888847281374175
222,6.505245861479159
223,6.763389058045674
224,5.800789959470185
225,5.266695852451823
226,4.006834455260031
227,5.068737968894834
228,3.3812324467419383
229,4.963650023122862
230,0.4227149507121246
231,3.573089008503136
232,1.469149775294467
233,4.206801528251369
234,2.9534554783308278
235,4.4334041919870275
236,4.379543043017656
237,3.720818553303755
238,2.0958189193255135
239,2.8648099240420652
240,5.42196906553522
241,2.8771776771436235
242,4.144780923194758
243,7.413530997335101
244,2.4789288775845235
245,-1.1574638015287868
246,5.605696727114797
247,13.99213967456836
248,0.8310061752826624
249,3.9960013814600868
250,18.268627223550453
251,7.69127555812207
252,-1.439993837722552
253,7.30457869786778
254,23.915149612999553
255,7.834183694597883
256,-0.5724853985657445
257,14.009828283647602
258,12.69388641564352
259,4.316123572123509
260,-1.828504292608201
261,12.561155794771063
262,40.01438194027628
263,4.418212344815948
264,5.515223740686857
265,13.579091897834118
266,-2.38026795523058
267,4.888978371940771
268,5.083530719253269
269,16.79005630357295
270,30.418884904501944
271,14.730505893083498
272,4.109542722490626
273,-1.3142399769618736
274,7.15837751238061
275,34.81557493390436
276,22.39316734870139
277,-2.6060907521375714
278,1.7141348804264152
279,1.3273020626499537
280,16.701911092277726
281,15.683478579692393
282,-1.7058804469021054
283,2.6023841553384157
284,27.59055010617691
285,7.172389322600167
286,2.551413602584632
287,20.999947825081584
288,-2.2181082112283983
289,14.3726758138857
290,7.83355314773322
291,9.143892796143716
292,9.226628802468133
293,5.543648637371149
294,13.680282860251591
295,4.974907430979903
296,22.139238919626195
297,5.5204383275996785
298,15.739855431836066
299,2.6247297497547035
300,8.364288844183038
301,5.902902299624319
302,2.792387066294885
303,2.155598849244728
304,5.620818215048986
305,4.997433705586842
306,4.174209703748769
307,4.708699496204369
308,3.53965775920159
309,3.7653888643752897
310,4.473048686698262
311,2.6340403627565365
312,3.054754438092687
313,7.564319157411082
314,2.1696907360110806
315,1.986558642688514
316,4.045359639565916
317,7.44313835162627
318,4.544629003426651
319,4.134561285199026
320,5.821318469745391
321,5.067956438938547
322,7.586175899949263
323,3.077652819859541
324,2.566000491895573
325,4.55432817581452
326,6.119964725219103
327,1.5398182669591312
328,2.149784130482516
329,9.667000183422054
330,16.984979308525883
331,-0.7034849203513883
332,12.473591935510838
333,-1.0221732251269995
334,9.355679697526357
335,15.28474220783549
336,-3.311338768492455
337,20.63431366270983
338,4.171456570135476
339,12.664917792671964
340,13.744389607396348
341,-2.9753516614218802
342,10.965328867272191
343,8.133704668629589
344,-2.5826528364855297
345,20.636247125224155
346,4.740548220129337
347,4.472388674296384
348,23.875305413967
349,1.102564461172398
350,0.9088187631937957
351,14.119233480631717
352,13.192257338545875
353,-0.6788149120247625
354,5.973397225016258
355,15.803463299893405
356,-0.7928194906797105
357,5.536015700099009
358,23.636463451587346
359,6.611527073623805
360,-1.5145785757442116
361,15.244164422549266
362,20.088465151665584
363,2.4184149368460375
364,-1.335060568499146
365,10.522001034678057
366,17.59765680135866
367,0.5301671655238615
368,-0.5012676102455267
369,17.283066810288588
370,9.631350466322688
371,-1.9589899850950132
372,19.115600942940517
373,9.101397921521988
374,-3.4515023622130885
375,14.829201606989866
376,10.323137263832377
377,1.2703465315579405
378,28.5086378760734
379,1.7209696001679307
380,8.58174453498188
381,5.426747947757021
382,8.050450720911734
383,3.832748767521711
384,6.916337977460319
385,6.788353118797845
386,6.457323471017895
387,4.036236915849255
388,5.930780293952246
389,3.751801940889345
390,6.37733112061507
391,3.6797487211640294
392,2.470044752254198
393,3.4121722561932164
394,9.36693598295569
395,8.81646947794712
396,5.021066891673107
397,4.492307407828386
398,4.284572973232603
399,7.541364695396969
400,2.820572125423014
401,4.401484310359651
402,5.852620337264423
403,8.991833824744795
404,3.745029827494418
405,7.516820989969563
406,2.946382936881529
407,13.803511903237807
408,3.976414017840649
409,14.307345687629631
410,3.609688247057837
411,11.749569035502063
412,5.048366529319718
413,8.292744564252457
414,11.195441348163435
415,-0.18473177494690818
416,25.14887719156536
417,0.7302586785183129
418,12.818494263488203
419,21.708487168699197
420,0.8816584224116479
421,22.897756228042876
422,-1.014862027889808
423,9.96703300946416
424,18.721473465305827
425,-1.4047499830965493
426,6.6989259937801675
427,24.128958418951015
428,8.575041558039496
429,-2.4409502919853328
430,15.301968456727979
431,9.500829954885276
432,-1.696733416625621
433,19.16722293680949
434,19.345452366013838
435,1.8516109283518034
436,26.76172638614221
437,1.9385359532592021
438,15.042629108774495
439,7.424695798241577
440,12.122865358185273
441,16.91202523368513
442,3.2589349254551094
443,9.60538226732735
444,0.4698291270482102
445,4.451891153531363
446,3.6806841786336593
447,2.6357240442471404
448,6.114802094708007
449,6.016317020534617
450,4.352409936800161
451,9.837102717936201
452,7.624385705271381
453,11.800059614435291
454,7.792239810159057
455,7.419759427961936
456,6.442462102030057
457,5.7550126543080955
458,13.091824888751164
459,10.56208428764638
460,-0.9747869098672501
461,1.8670801410385407
462,5.214662872349463
463,5.319854946708477
464,7.389885093915286
465,4.894445818938239
466,8.134234060715134
467,7.239476230342934
468,4.685713642025685
469,3.649953984127435
470,5.810042007492806
471,3.4222641516145633
472,2.954193839747994
473,4.941923323989617
474,2.989394819615149
475,10.928206197414015
476,3.4897445782526297
477,1.29912530584892
478,6.222026454626727
479,6.544639890048774
480,7.0514022925938225
481,2.234217630262503
482,5.735652156671194
483,8.494883225826664
484,2.8743736520775602
485,5.120072999650151
486,4.935935503610225
487,5.265852101764352
488,5.070822230114153
489,8.137821129723122
490,20.25020531060112
491,13.591978346108137
492,6.281274837649569
493,4.965051924930036
494,3.730816061807274
495,13.311323575265341
496,4.191854401747981
497,7.803673807928485
498,10.929450377825974
499,10.396868567264544
500,10.073654918663484
501,5.577854876553559
502,14.427870833258782
503,0.1544020199923397
504,16.44658511009715
505,-1.2239754283163786
506,14.82337654554592
507,6.2278190048628455
508,3.4399767210240473
509,18.015382491521216
510,-2.605420727564614
511,13.067564612816406
512,6.176523155558034
513,0.9968977334223386
514,11.229595456962993
515,3.212946163632315
516,9.298381261019253
517,4.145029096909435
518,20.12691839644613
519,-3.710193777834847
520,19.68859135896341
521,15.320220012022455
522,0.0790789590060187
523,10.97190396533977
524,0.03338195431155843
525,15.617440027001402
526,1.051198982342144
527,4.750589184086979
528,3.9683798458271906
529,3.3438339215928448
530,11.479635646993895
531,8.578464672888332
532,11.210105743038028
533,7.797250419655659
534,6.3776184714042365
535,9.642379620116904
536,6.192490332155577
537,5.84168979069014
538,6.989039944922828
539,7.265542205630823
540,3.3951100403940964
541,1.8090659601147243
542,5.106823959850771
543,9.663026757561013
544,3.776222292551134
545,7.593440711966619
546,7.08024299756465
547,5.604166115714499
548,6.555820686414362
549,2.2830181126267
550,2.263975685272008
551,5.149396007969799
552,6.280652695166221
553,7.299012953104385
554,4.454861724583924
555,1.4646101823700255
556,4.749058661389557
557,7.173384125753852
558,5.2043483341674674
559,6.009232593539666
560,3.1704893101518716
561,2.3550759718786347
562,5.597819271736925
563,9.61731266622502
564,3.7339731928136075
565,4.352639848615132
566,1.7633448565963792
567,13.281367805786836
568,2.7257566475416
569,14.746972669574353
570,8.462705633104013
571,12.105592802084447
572,9.701740129788309
573,1.4205265589678895
574,19.464732357867412
575,-2.2467606647761977
576,17.85223646441641
577,4.586651487316999
578,8.786274454792844
579,16.134262392725333
580,-2.50201081720921
581,18.50446220023064
582,5.783207499711609
583,1.1192779294535202
584,16.14592857534002
585,1.4652862889464644
586,8.503866775263303
587,9.4002369747842
588,-1.4471641713646475
589,19.764767483069157
590,18.75736426903227
591,-1.066896416297503
592,8.936606364680545
593,9.902034391044616
594,0.38713646231546783
595,16.061771574763565
596,2.302978255713401
597,4.84547442734731
598,14.631661821977977
599,-1.244842645682138
600,14.772101353135087
601,5.731774680778694
602,8.640049996866962
603,2.9670228707164648
604,1.8321861858397657
605,4.337205496220199
606,8.226434897097546
607,6.489663013151869
608,11.11373965349579
609,5.676649027855703
610,8.06792941743428
611,8.782216778383939
612,6.611586793726692
613,5.491060862734926
614,3.04856643272616
615,15.894119855147201
616,11.515151890582553
617,5.889197905798284
618,10.583034813073152
619,5.40856613025136
620,4.053433120121073
621,5.916433794374752
622,3.0903975807455026
623,4.111970739569845
624,3.1828302747104384
625,3.3951058414088684
626,7.745491104329379
627,6.708974449144112
628,5.640190899716875
629,2.736759160601273
630,3.734102383571816
631,6.757106598557569
632,2.438676660484181
633,2.2183147299673154
634,2.429237197586596
635,5.5991222986935485
636,1.9261539701276382
637,5.418300366987207
638,7.599457692953847
639,4.593328196447449
640,5.0953211886497325
641,2.3462368825589306
642,2.336050683627295
643,6.836066152612861
644,4.631877286807266
645,2.1051376878094326
646,3.3828568336499103
647,3.5838148598177053
648,3.1828751168042237
649,5.9409258593264465
650,6.696170445636722
651,9.187172656097287
652,5.848414046469426
653,2.9404196484496965
654,11.382424232821013
655,6.778967440224411
656,9.047879168692427
657,4.079332164539658
658,10.519412685226103
659,9.077619868343062
660,7.535228223285968
661,11.928487952407758
662,4.983484108824435
663,9.543441806775224
664,6.50390046140648
665,10.141349902804736
666,8.94831431449752
667,11.25105440990095
668,13.25019900990662
669,1.5081567125765694
670,21.42950436858892
671,-2.22141766314637
672,17.177054471802116
673,4.144671122232937
674,5.636510588453651
675,15.994270609420012
676,-3.017933823651006
677,16.45656466587202
678,1.527440855707263
679,20.55326650001821
680,13.247652881976057
681,3.1134936340717805
682,18.02130831241432
683,1.9753533606159868
684,10.05663467844606
685,0.7966467509742485
686,11.100441879990562
687,10.315022578643022
688,6.926088804989284
689,13.543956856177187
690,8.493410568046032
691,9.38504092256892
692,8.715922104640827
693,7.78151183814616
694,7.290276984171694
695,4.740866545412902
696,12.429065156344834
697,6.338930192169222
698,6.748230609642586
699,6.008023203704713
700,9.782996265931981
701,6.062987477998354
702,5.8307631599300045
703,6.849395209350639
704,9.822899949163952
705,5.758612350477877
706,8.00624699352162
707,2.440152263126079
708,5.348635139400259
709,6.368207250451664
710,3.5787506756640237
711,5.2414806232924285
712,5.362757529202426
713,4.770250240955357
714,5.327326314941637
715,7.5617530403151605
716,1.6866802700183263
717,2.837442215889025
718,4.630934863241376
719,6.66522690820266
720,2.1297299014919133
721,2.040339638082215
722,5.394542972846635
723,3.7100043362383053
724,9.874727651797466
725,2.2826082096881435
726,4.684562917417091
727,10.365621414330285
728,3.651097202742175
729,10.31096795251457
730,13.594908649717619
731,12.453507296039218
732,4.091235754709315
733,12.9945455218773
734,-0.15079972574108125
735,16.70960989031905
736,0.23404090582614404
737,8.112624834223498
738,18.307247063256394
739,1.5707702123257565
740,14.372239462771844
741,0.3860173044071804
742,20.117216951894076
743,5.456189596888976
744,0.2181071308829204
745,20.241893338419246
746,7.432521435729201
747,2.7548556489519638
748,23.778092584823106
749,8.569981621435078
750,-1.818060752501067
751,16.59102396332374
752,14.745611538731403
753,-4.104602035825969
754,19.263592706243053
755,25.05586470760747
756,1.335164584010118
757,25.103592929840218
758,2.402751538530271
759,16.765391782938952
760,14.261089063266347
761,-1.2768505559355168
762,22.76306996011218
763,4.880181689925222
764,14.286155744986019
765,6.6832867046160445
766,13.847156982400907
767,1.992050058083631
768,6.238482884948511
769,4.00317750712854
770,5.1079019805844075
771,4.052493408634088
772,7.247995854662047
773,1.481353425324045
774,9.829276905756808
775,7.252397351365167
776,10.92137810519043
777,10.491525761281903
778,13.215842645591502
779,3.1211093655647275
780,3.8483537980169635
781,2.2712642659639606
782,4.025374472132567
783,2.9708642319352596
784,5.618410495023643
785,6.89855052161386
786,0.3913575155496717
787,5.707785729698275
788,8.739578958954292
789,1.746298798724781
790,7.747250418111279
791,6.380862558679382
792,0.006525222805833764
793,2.897429061822174
794,2.234437401628841
795,5.426161862904595
796,5.250702665088847
797,-0.5542077755134692
798,4.512139592578134
799,5.0689601758449285
800,7.08382836267771
801,7.219386141112704
802,2.164987831503326
803,2.345195922523621
804,2.0476006917773413
805,5.664672776646854
806,3.6535393906853986
807,1.7420820864360087
808,3.945734981389108
809,3.7597703154360738
810,6.987516206096839
811,3.308017426728238
812,8.590539348367857
813,0.4219156396042813
814,11.470850359770152
815,4.253353839676142
816,14.951498378571557
817,6.849073021205775
818,10.29435113540979
819,5.557063175287612
820,9.606888420325046
821,2.582800350555492
822,14.61713888615905
823,0.2915013066556517
824,16.859686916721838
825,7.231547650260802
826,9.737614205758282
827,1.6379443898249353
828,12.257452056241867
829,-1.3961994880163058
830,12.713346230932205
831,7.339232797887443
832,2.507822498725224
833,19.764624613787575
834,-1.8790120017715142
835,13.719727593904905
836,12.947664638921387
837,2.545936879581636
838,24.077746686251693
839,-0.11847537645491946
840,13.69379238644543
841,6.538168289117664
842,5.704699482909265
843,6.095343004483755
844,5.308974986821483
845,3.7613256653994753
846,7.721875157545387
847,3.526978595981405
848,11.76366598529966
849,9.627011525821471
850,6.354262930565343
851,10.624436903131869
852,7.888688132295304
853,10.403713337448835
854,7.348058988239065
855,9.037463163529013
856,10.0819827907209
857,12.57404240911527
858,0.4546082302109668
859,6.5705822485081615
860,3.3642700515052955
861,5.4793716630719
862,7.2266120304296875
863,5.667784478207981
864,7.17900623546151
865,7.1943758274246425
866,5.968325846293344
867,6.845640492498895
868,3.472517655783545
869,3.434908184451476
870,3.035479390157844
871,5.757087137281115
872,6.62109419685664
873,3.491307100243963
874,1.8363709129584451
875,13.723210793284863
876,4.681193073197817
877,3.4656363990443864
878,4.613704357836446
879,2.454917874134668
880,3.0364412922726314
881,4.673102816164582
882,5.224615422437413
883,7.4745639510658215
884,9.036530589239094
885,8.221715282768269
886,2.257597396686405
887,9.037278803723213
888,3.8871811480834797
889,10.070331722716908
890,5.218213138006731
891,19.414410276179666
892,1.2866050769654507
893,21.218897957046167
894,-1.5291906621775218
895,18.768003193177943
896,5.456777119387569
897,9.86276113010514
898,14.600546074511035
899,7.289310060926476
900,18.850082738833503
901,-2.192317816405586
902,20.623890267828482
903,3.3380712809194164
904,3.0354107840030804
905,13.238512914877928
906,2.2741841153543922
907,23.420912591989698
908,5.954287243233013
909,0.043057694017139964
910,19.102130077931218
911,7.120150431236774
912,-0.19178640841289182
913,19.098124421183414
914,8.304129072336158
915,1.4776769387472286
916,16.97689344570191
917,9.879680490090538
918,1.8189658824320116
919,16.56456761817241
920,-0.7126157763245289
921,6.473696539657209
922,0.24650875149464876
923,9.498368396921938
924,5.642901890776265
925,2.1398164699819087
926,10.040603662093707
927,2.070528625301829
928,8.436658578927398
929,4.475001699404902
930,10.350969229173494
931,3.0598022582005
932,6.912339317385882
933,5.644266487717188
934,9.334591718817785
935,10.90051722618633
936,13.193276089532555
937,6.879198504682071
938,16.27539538947521
939,9.047313715259877
940,4.049569230009461
941,1.9689912323330254
942,5.502338238711985
943,2.8349172608376914
944,2.4095203912562573
945,6.505367791403598
946,8.940100699126846
947,10.413049708152117
948,1.6424331218321992
949,4.390800474185771
950,6.832705742234102
951,3.720481256338545
952,1.102611301936807
953,2.801564464256006
954,4.401554442158511
955,8.601871191330533
956,3.1622560454970583
957,6.073511109182045
958,8.31419490345173
959,4.739199540338027
960,5.695670048322631
961,2.643993939985546
962,9.681329437286033
963,10.919208363911887
964,2.6358667416447705
965,2.2292128227471135
966,6.75154883451566
967,6.158487875694547
968,1.6427882005834287
969,6.604274976301578
970,12.946340910498305
971,2.834193346408748
972,14.335173775255896
973,-0.005020866555779353
974,13.178076233150904
975,3.1362602188421946
976,6.404242824214743
977,17.504612270366266
978,-1.1082337649239629
979,16.76497951387749
980,0.10299838204036073
981,15.86069897510175
982,4.3703277790574075
983,8.9686703360935
984,18.24217025787326
985,-3.159072243442585
986,20.22267606425693
987,9.305894618193546
988,2.741951804483265
989,17.342220353574625
990,-1.5117480585052596
991,5.007084720408156
992,18.272173073392842
993,4.23905092080233
994,4.18025181718703
995,18.445826178282882
996,15.707697286616495
997,0.9557598516744275
998,0.6735181284646247
999,20.137036898818888
1000,6.692783649352895
1001,3.462803063675734
1002,14.98375175073174
1003,-0.8520183162394922
1004,12.390042188321111
1005,0.029049950604519186
1006,6.5671805439223405
1007,-0.36898742972916854
1008,8.05196984132772
1009,3.772716452852763
1010,7.454675771365569
1011,3.6650541279013225
1012,6.032859054651275
1013,5.487803290479223
1014,29.17646241800064
1015,26.8013561073852
1016,15.605712068678477
1017,9.705616262158175
1018,17.69083488499115
1019,20.494658429440015
1020,8.223057199014198
1021,1.0701111578860114
1022,3.419630827156953
1023,9.623055572932854
1024,3.0778786308821124
1025,0.609323443211904
1026,9.986486716108042
1027,11.70820619243284
1028,12.080629896184389
1029,53.06701823781427
1030,14.361266797132538
1031,3.2427596052852876
1032,1.9989236292570756
1033,17.115832584032223
1034,10.382769774111345
1035,2.0159055433117863
1036,0.32785852027118834
1037,2.6999631399553596
1038,4.79727752484014
1039,1.4222109423805676
1040,14.741302593467246
1041,19.418517657523797
1042,7.467208605915395
1043,1.8068623020270433
1044,14.525693980800654
1045,1.4195448780797433
1046,8.821813539856914
1047,18.296152957097867
1048,19.416440174452855
1049,8.061745915186831
1050,4.48624617034698
1051,10.736494707118052
1052,24.430864792707442
1053,1.0157038304521742
1054,2.6260944414008174
1055,0.2077516034965973
1056,15.870603699948683
1057,1.6735406126054053
1058,17.453947457284773
1059,9.805935131478329
1060,11.292672307358517
1061,13.61650197242741
1062,-0.17461576551154345
1063,21.13009612476518
1064,-1.8206313897416198
1065,11.3476424018975
1066,14.66958877868701
1067,8.608335710907582
1068,13.685462542910672
1069,3.104377394415662
1070,32.69519777540562
1071,8.731356169022996
1072,1.8657630849754945
1073,11.621081616193427
1074,0.3053592912189081
1075,11.270125242229085
1076,9.496269005715426
1077,-2.715543999324423
1078,20.596703895373306
1079,0.1844714972597855
1080,16.745370984759987
1081,35.192916629831416
1082,1.7042090210898941
1083,4.143728837776403
1084,-0.6146241770164077
1085,13.091882002103928
1086,5.141535843085957
1087,7.772094176718112
1088,3.527159430541691
1089,0.20075391254048214
1090,9.353015316477538
1091,8.335137132282576
1092,8.319660356452554
1093,3.9482425157534795
1094,22.02729248707177
1095,20.556537719675195
1096,12.685019297316304
1097,10.63685827401563
1098,8.141365349290755
1099,4.448269592602016
1100,3.211887242591245
1101,3.2296319323859484
1102,9.608126614631745
1103,-0.18417925555350687
1104,0.7322822503958659
1105,3.244781870394746
1106,3.9648620305122715
1107,3.4435100292645444
1108,4.393999039782842
1109,9.064107680134816
1110,1.2711401201166184
1111,-0.7441109017090622
1112,6.928860356881423
1113,1.8916772309021763
1114,2.1137737538090757
1115,1.2702291791830953
1116,-0.24658160325139025
1117,9.0196945743845
1118,13.162849567137911
1119,7.78649656509099
1120,8.906041857523048
1121,1.565035411211662
1122,6.338217651155706
1123,0.45327500972412493
1124,1.6321563182517647
1125,1.3290745277690672
1126,6.923225953407265
1127,4.479577071177322
1128,4.877990782027863
1129,5.962324536159436
1130,0.7964714864785838
1131,11.31302016668288
1132,2.0459088740912565
1133,15.501399446669032
1134,1.0429948422497952
1135,7.638831516309312
1136,15.376659797355524
1137,-0.001878810770244349
1138,17.214354656910974
1139,1.1986474166438668
1140,9.213577174920651
1141,18.68137975475508
1142,-0.3026066511054257
1143,3.994826193118156
1144,5.173659682101554
1145,-0.3011175736186104
1146,16.482917249534264
1147,2.6867819456634443
1148,2.1994646600327785
1149,20.24593948487932
1150,1.641412480698957
1151,6.696586914277747
1152,17.487590644696287
1153,5.151503181845204
1154,-1.8269830658521078
1155,21.77581650291249
1156,17.98055339865177
1157,-2.98497363438515
1158,11.162148252970427
1159,18.282830569367306
1160,-0.18555116724184362
1161,14.930486673290781
1162,2.6434923071183802
1163,14.229601360646418
1164,17.32880542760601
1165,-0.9934050272145444
1166,20.646509341464807
1167,6.377106614948481
1168,1.146481546294673
1169,12.635877183106427
1170,17.5926346916069
1171,0.2936066327131699
1172,2.5591922972886008
1173,20.438707589005123
1174,4.2085617487713
1175,0.7086726443114544
1176,22.513953292113175
1177,5.234925824878395
1178,-0.624624423808076
1179,23.552827767210033
1180,3.079565822855548
1181,6.297579298078743
1182,15.018081722690034
1183,-0.3555111374710749
1184,1.769781083680554
1185,13.179078988405372
1186,2.8421655274315563
1187,4.084986088082932
1188,2.5980789713533112
1189,1.4215837053847409
1190,3.9219985760972804
1191,5.333853371708168
1192,-0.18984078942447036
1193,3.9910162299409215
1194,8.258060126681526
1195,11.911243358324304
1196,6.173329394520063
1197,2.7520190077160684
1198,3.8627641629575695
1199,12.253838896164693
1200,6.430687155312653
1201,-0.52919790097231
1202,3.6886222652074836
1203,14.701797683990913
1204,10.851681002927542
1205,-0.13869643622376998
1206,12.403031220957741
1207,18.15232043284061
1208,1.0399922736502165
1209,4.3320629840630405
1210,9.633806402107687
1211,12.978333798413587
1212,-1.6970232726552315
1213,14.118426950874936
1214,20.081635856657183
1215,4.905736433089088
1216,1.050692290807801
1217,2.797872467751196
1218,20.632494458431896
1219,17.304832855939967
1220,-1.9402395396798626
1221,6.050773914710553
1222,14.939054920171394
1223,21.640826856017945
1224,4.735031483428291
1225,0.9060971416364106
1226,1.5785702936039758
1227,14.649000365898827
1228,20.609054462057752
1229,-0.2093160447038081
1230,5.802421761505232
1231,9.772727449575397
1232,6.848887464241854
1233,4.653964921213032
1234,-0.8694640396605482
1235,18.135270924207248
1236,22.243650664363933
1237,-0.9159371366491608
1238,19.219527692988727
1239,11.138373259774845
1240,-0.1803931625468765
1241,22.4924590245082
1242,1.9504281595901976
1243,13.185146641165892
1244,9.830832412149254
1245,7.262527156110495
1246,5.544566708014035
1247,7.200973372771471
1248,5.107711443433897
1249,13.904418710298351
1250,9.962063023566737
1251,12.424292850222269
1252,5.745299218985979
1253,12.116476951435217
1254,5.460191659567138
1255,16.146134045139807
1256,17.372495443839647
1257,7.617757844421369
1258,5.689894044154701
1259,5.574021769823548
1260,14.591655261429752
1261,5.8942469272984175
1262,8.88628008155248
1263,2.549942411963156
1264,2.2736233043011214
1265,3.544189328561751
1266,10.326853437690033
1267,5.581014449367274
1268,1.1015892489249932
1269,2.7420246256176073
1270,2.7729448114443183
1271,2.8243410669726647
1272,4.315487567839502
1273,1.1136958978101055
1274,3.2018785990866725
1275,3.5151679395860747
1276,4.951763566121069
1277,4.21301915834639
1278,4.117674180230382
1279,3.7552449953361258
1280,1.7937850939510003
1281,2.4896075368635437
1282,5.801491463362194
1283,6.624962478842996
1284,0.9648458924425026
1285,2.923673545752924
1286,1.8457188495584245
1287,5.8690995421629815
1288,9.937285157404629
1289,5.8741423996945175
1290,5.31577447826903
1291,11.002241697047369
1292,6.2381934509316395
1293,5.984859232487646
1294,4.649089583447934
1295,5.859600951755035
1296,9.260976153605826
1297,7.593494825385494
1298,10.2774522231123
1299,1.2869416821014033
1300,12.561094346996587
1301,9.470982616539194
1302,4.594560817122445
1303,5.451697810657119
1304,13.891427693516503
1305,12.987141732249496
1306,5.056612346513018
1307,7.137225774213252
1308,4.741183835925904
1309,9.560119183349316
1310,4.159407997694529
1311,14.39706562989484
1312,5.898288154916866
1313,11.07409621107335
1314,5.959336954966687
1315,8.219327836839447
1316,6.015201176265795
1317,7.490073905618066
1318,11.934576243275586
1319,17.88854395986045
1320,0.17944532084009063
1321,18.083198402407913
1322,-1.1751823115883844
1323,17.0020909193028
1324,2.2071167452638645
1325,19.173266312851258
1326,8.746423031475805
1327,5.108727477762168
1328,5.981325714765338
1329,5.093083893429581
1330,12.479569190939023
1331,3.405409243028675
1332,4.990684966186227
1333,11.422765167255003
1334,9.21239073623243
1335,14.778478272489629
1336,5.749645595519737
1337,13.87966789772045
1338,0.4230365665804525
1339,5.107328642807415
1340,5.954521887933527
1341,12.115318300955694
1342,3.3215813963167697
1343,4.341062951677512
1344,4.042076385767351
1345,5.056121065372007
1346,10.32806935927574
1347,1.0100351169119663
1348,3.0457234849688932
1349,3.7078017628969744
1350,7.233919380796479
1351,5.64039680065387
1352,2.8906521766368294
1353,3.614460336308836
1354,4.160560589368038
1355,3.102749480117118
1356,4.663055265374829
1357,5.547402794927995
1358,1.601832746310266
1359,3.4198098129284213
1360,4.342042773392788
1361,1.85524907853755
1362,5.0244081947451935
1363,0.9486478978176365
1364,6.891151481002953
1365,10.694482967145563
1366,0.518336803468138
1367,13.037353503499066
1368,5.088970636609993
1369,13.685930442902327
1370,9.920424712319763
1371,7.877628272122201
1372,9.971653694987426
1373,-2.743109477891699
1374,25.14607541225311
1375,8.092856500497662
1376,2.17619957575035
1377,7.00383922640961
1378,-0.2438445366907316
1379,22.363662948137684
1380,2.956208670144002
1381,1.3468036150502143
1382,20.00131035473403
1383,11.357650022134003
1384,-2.0514951033377877
1385,7.1119437714754925
1386,12.622314665561465
1387,-2.8621381749172743
1388,22.35257332174498
1389,13.84186815222275
1390,-1.7961429479727125
1391,7.035286168777311
1392,18.768278282996516
1393,1.9019868870058116
1394,5.816255766257076
1395,17.51349779079148
1396,-0.8424017000444574
1397,16.585472746607184
1398,1.5462452944082596
1399,3.1708331188813985
1400,11.573970509388033
1401,-0.4052042606038021
1402,9.30923497737025
1403,4.161756453901757
1404,12.703785479783775
1405,10.157142900513632
1406,17.79493965075338
1407,3.048049731902621
1408,11.708747341457208
1409,6.6441819350864035
1410,5.384664209950407
1411,7.589716672582859
1412,6.736991981068296
1413,7.979704256478452
1414,13.75308485827738
1415,12.195312349928
1416,12.133502766590361
1417,10.82137822376991
1418,15.852331369750223
1419,15.03551718294063
1420,8.965126611081129
1421,-0.09219276206027369
1422,5.5382734173284
1423,2.61652056453874
1424,4.807817441344898
1425,5.0140859141755545
1426,0.8507052000681695
1427,7.422103351410733
1428,12.370795838405563
1429,2.4641183820917676
1430,0.049793390155738596
1431,2.6905237957361443
1432,4.04071487422588
1433,0.5546789620654861
1434,2.5304798118475476
1435,3.5528757119050667
1436,10.264909133613655
1437,2.2500614322492347
1438,4.753000638914751
1439,6.349842113523796
1440,5.0999106399964536
1441,6.382929896000495
1442,1.0243304911166857
1443,3.9028149408066963
1444,1.5584174551401386
1445,1.840356739015494
1446,4.586987219662384
1447,3.464346673505662
1448,1.3150494339370087
1449,6.9662606359512305
1450,5.235950631376834
1451,7.983091241304268
1452,6.2012922160172455
1453,6.911597818220828
1454,12.754606346130892
1455,2.617835932752403
1456,19.481984685342727
1457,-1.1321263933934842
1458,14.921461293365637
1459,14.34033425569352
1460,-3.704397674057985
1461,9.932381420421434
1462,16.967163493823403
1463,3.1466269316995765
1464,1.5202135219850703
1465,24.121167447469418
1466,10.577928925785331
1467,-0.901028961258198
1468,14.215907791024636
1469,20.830579213912337
1470,2.1709653984164934
1471,0.5786150662080327
1472,5.019160403356823
1473,23.651916429943952
1474,4.804060822371848
1475,0.036059324096861765
1476,-1.016660286094201
1477,7.863972489358056
1478,19.94325922670376
1479,7.798671916600248
1480,4.847529994053847
1481,2.6745792567199422
1482,7.975617455149876
1483,28.730605539396077
1484,12.828631682428028
1485,4.29510288221554
1486,0.3227556324207301
1487,20.23507073667497
1488,11.062342060481978
1489,-2.53972081054511
1490,13.79086537490631
1491,4.845341403980805
1492,-4.9124261155019155
1493,13.99719920973799
1494,12.169357322410518
1495,-4.676638412787588
1496,6.307115753033153
1497,5.019598030642221
1498,2.662076232784851
1499,19.42043641019099
1500,0.4315013481143606
1501,17.699527133909758
1502,3.5623601550422332
1503,11.32659388506553
1504,4.752529799849056
1505,14.849463544965593
1506,8.285472282981369
1507,15.47091772320062
1508,8.6944782351749
1509,15.134399396772656
1510,13.62302849481053
1511,3.7479097342812833
1512,4.316106605443259
1513,21.44360304364229
1514,2.876318335339992
1515,8.312241839231548
1516,6.402991170743046
1517,12.694803889291736
1518,8.695279279518154
1519,8.880257461050665
1520,10.20675954966416
1521,13.205671054709484
1522,0.9003414438234566
1523,6.476518807414597
1524,15.333640013241833
1525,1.4219929720955757
1526,16.49126481933219
1527,6.934895407034664
1528,-3.478932146238831
1529,5.851094279962915
1530,21.236212117324758
1531,8.169822871669288
1532,1.0462075156835355
1533,9.160240207823138
1534,26.807359131672694
1535,25.583006818674697
1536,7.087981049190266
1537,1.7939342732013166
1538,5.200627654999709
1539,14.593270050809137
1540,16.17802307677055
1541,19.828374803463422
1542,28.702101766261524
1543,14.344909821028322
1544,5.289756540404601
1545,-1.0847132686601741
1546,4.632498841855805
1547,-0.13032683874782533
1548,-2.4372268219442184
1549,-3.282161536495619
1550,0.20199904530161092
1551,-0.013165118491342866
1552,7.394305401606964
1553,19.505528685827823
1554,7.574488482502246
1555,-4.410967050040912
1556,12.685311039698334
1557,30.415180639917807
1558,2.03141867667222
1559,3.092939586213397
1560,16.877382870538273
1561,13.655019636302441
1562,-2.0842693153880547
1563,9.215458820077263
1564,1.4599059850220748
1565,15.23496094886778
1566,17.304863653750534
1567,-5.235041736242928
1568,6.434425674841238
1569,3.689641791347753
1570,3.5405070453154437
1571,-0.6881806265510669
1572,11.115854859563958
1573,4.265716761342155
1574,8.408752085611768
1575,12.066153164146945
1576,12.83686493818454
1577,21.30302923412392
1578,16.02460389754229
1579,10.424699763925968
1580,11.239077669100121
1581,9.78272310192533
1582,8.586298921409165
1583,7.781333086716145
1584,0.47891693255745427
1585,5.379591338424478
1586,8.67478650964744
1587,5.331251722756924
1588,11.896356596348191
1589,-0.40125859980641027
1590,-0.13709282995604066
1591,3.157450824184739
1592,9.921844046521551
1593,-0.822608889905263
1594,-0.11612974596585057
1595,0.7512360024748921
1596,5.823195464798948
1597,10.102305287944795
1598,1.5464356518113431
1599,9.035811815885184
1600,6.0720922482226
1601,3.8958292894984736
1602,5.558250091461631
1603,2.530237056462331
1604,-3.010436526160371
1605,1.9539411085581782
1606,1.6397572112848304
1607,4.129299445898782
1608,-0.3657102297666262
1609,4.628332293458366
1610,9.416591813301183
1611,5.536225584414901
1612,7.861674457282919
1613,2.2176253199452867
1614,10.105211065036642
1615,3.3466671424716594
1616,7.716817909794959
1617,9.72811551848996
1618,9.030036088881472
1619,3.3875627046087007
1620,6.159642969684259
1621,2.698266987142558
1622,11.13688783817581
1623,11.76739779561318
1624,6.065897140197662
1625,8.113332171556127
1626,4.011614870261182
1627,10.242324225969101
1628,13.954565855892326
1629,4.806725591896754
1630,18.645385243383387
1631,5.14871914721162
1632,17.664094424322574
1633,6.813867527562056
1634,9.009023172972535
1635,7.71589606628235
1636,11.960757330696715
1637,4.536575709084604
1638,11.239350615296912
1639,-7.123156480444975
1640,12.620067461145608
1641,-1.7059716206239248
1642,3.75137184303583
1643,5.70052769109155
1644,8.713009567636378
1645,1.412024561697582
1646,10.033242499226459
1647,12.954617963830714
1648,14.029322959180625
1649,9.034622054912646
1650,14.742752893174783
1651,4.5813469255208
1652,6.144497667036961
1653,7.385814398263962
1654,3.6669901922233645
1655,9.050086311369224
1656,8.734992623102235
1657,9.45526115011227
1658,2.741503464578283
1659,3.7227920585688223
1660,3.6670215162008275
1661,4.573240591342739
1662,6.517277944589934
1663,9.923549197207654
1664,-0.20407788155587647
1665,9.015105685383705
1666,7.101545193154088
1667,3.8928496057634923
1668,5.721365413093527
1669,2.2064436992177225
1670,4.596298437647377
1671,0.031828290810737535
1672,-1.5552420946224448
1673,-3.206125792057614
1674,0.023800530909616313
1675,8.54337761539314
1676,1.623077018570261
1677,1.486339443789608
1678,3.459504898569381
1679,7.882058147809013
1680,4.459086682842708
1681,1.9668273150381388
1682,-0.10690537131378086
1683,1.3841122388272165
1684,9.964348832654673
1685,-0.021137766502431415
1686,3.0186678551021418
1687,8.046382721923791
1688,3.158191908267989
1689,6.68272010431108
1690,16.704705405986665
1691,1.494851548373706
1692,5.41140578139442
1693,3.5306067694636063
1694,12.623267291881325
1695,-0.670400875748142
1696,11.32586291824991
1697,4.888084136419894
1698,13.173807784262399
1699,-0.6220285490097374
1700,19.958832839054327
1701,-1.4440624850706447
1702,10.19813913720822
1703,9.03116185140077
1704,1.4082812438615626
1705,16.635593838490546
1706,-3.663749793436949
1707,2.6714442402061462
1708,-5.595404762849032
1709,24.35907289558021
1710,9.58974705992841
1711,-5.8886124651411675
1712,27.500301207677463
1713,-0.3091014589380503
1714,12.871414872568902
1715,26.752734687145765
1716,-9.491140657271517
1717,19.086939970521094
1718,15.966283975783767
1719,-8.887575596909864
1720,19.54603577601147
1721,1.4584302728118868
1722,5.189455450074604
1723,-2.6704950791424227
1724,13.797833105762024
1725,-0.7191219634032278
1726,1.2088774058296792
1727,11.11208596844448
1728,1.4693152629578374
1729,-4.103850910791576
1730,-6.088529920690917
1731,4.822561183449333
1732,3.7047970874444984
1733,8.868793053335487
1734,12.747189889207705
1735,14.169532011235558
1736,14.198156662640718
1737,25.898660497255552
1738,5.694328865987114
1739,9.78886094692783
1740,2.9969171617122843
1741,-7.659601702131995
1742,-8.01448828550128
1743,-9.156394036911065
1744,-6.970499777920285
1745,-9.00750845451718
1746,-3.1264859006075536
1747,-2.670985005461313
1748,-2.5179859541169605
1749,4.776780267361681
1750,3.8527696737264825
1751,5.46485080350622
1752,-1.2895923284204436
1753,-8.475299113983358
1754,-8.923144614853594
1755,-7.61211963319263
1756,-0.4659794707574593
1757,-0.25828536062070756
1758,0.6616271133207365
1759,-1.9248711540486572
1760,2.1404526497713987
1761,6.7864717075969905
1762,1.6018641412951833
1763,-2.182432279694918
1764,-5.63015833864589
1765,-9.565442072147752
1766,-0.8359574247735502
1767,-1.4017466030878338
1768,4.907124190426541
1769,3.578582644848844
1770,9.60305772380415
1771,-0.04428519615249952
1772,31.70780371272309
1773,25.69643899263306
1774,-6.99667188468573
1775,-5.57022970577755
1776,24.11711260060646
1777,19.192566637189753
1778,0.1841463633207227
1779,2.515176039309337
1780,35.88417297909027
1781,11.274289090172545
1782,15.417346379129187
1783,13.870531232450947
1784,-4.372153069219675
1785,7.614952516061842
1786,-18.907936003163684
1787,13.115948925477738
1788,0.5643046759381013
1789,-8.245657194572829
1790,1.2805146331221522
1791,-6.612399292307803
1792,24.6450650099884
1793,2.067652663446787
1794,6.567219578048558
1795,27.57112054641939
1796,-7.890753635912112
1797,14.878855851084465
1798,-5.927706391630957
1799,17.482919363670433
1800,26.8422770647462
1801,-7.093164854335996
1802,42.42069739504566
1803,11.901349608248012
1804,22.24483823915456
1805,24.935131889396878
1806,12.906304325811277
1807,2.423046081772913
1808,3.9326770340254043
1809,-2.408848231799895
1810,4.9150593389867945
1811,3.7241681433593
1812,7.875867772574434
1813,5.719709257457235
1814,5.946558118038857
1815,14.998412550373937
1816,8.354212247827824
1817,-0.11467632137989504
1818,6.41513277864546
1819,-4.331330153610837
1820,-10.417064258501993
1821,-1.1820852039162382
1822,0.8470318105520979
1823,0.48409260154125716
1824,3.143929089332586
1825,10.741863639138767
1826,8.358072668090378
1827,8.111445766382298
1828,16.523805618352746
1829,6.238201666845915
1830,30.39324559419771
1831,39.360480708472046
1832,-3.11086176039517
1833,45.49029212032683
1834,10.30644764184203
1835,11.469096635342845
1836,34.95345261027455
1837,6.52539528206013
1838,20.018022318134555
1839,8.859738930891536
1840,6.7023322193807084
1841,19.90773699932618
1842,1.4010814577633683
1843,-2.6387628133324506
1844,-3.2554390215595848
1845,-12.899884497948307
1846,-1.7847452857429607
1847,11.59679595146681
1848,9.054802443046844
1849,24.150850326756338
1850,13.981265933041746
1851,27.084277417910783
1852,15.061253595238584
1853,23.35807579038313
1854,-3.645363964355018
1855,19.488971641348268
1856,-8.044976606036746
1857,14.479645165160129
1858,18.98918243227284
1859,20.904498982990212
1860,19.23061658878179
1861,42.99358189905978
1862,11.968696426779296
1863,9.41691982107188
1864,20.599860541068267
1865,-5.366089213708786
1866,4.521634134122183
1867,-5.890033404774645
1868,22.461550584649594
1869,8.708330907161855
1870,9.316843066371229
1871,31.963166166533213
1872,4.190942262723717
1873,15.800025445164342
1874,17.480693736296935
1875,26.655442074246665
1876,7.4366230179502395
1877,-10.475372741649455
1878,51.72103413124949
1879,37.956598374011705
1880,16.980989456293482
1881,55.757216060344895
1882,11.3982458457843
1883,6.261249464935833
1884,20.157209164455296
1885,3.197991387985094
1886,3.577677963012817
1887,3.717767993855776
1888,12.449136251016476
1889,1.3849254164401457
1890,19.32130337560083
1891,13.741568248065088
1892,35.67311007474044
1893,83.0824248536401
1894,9.922744488304192
1895,7.622916909444977
1896,22.8860199056637
1897,13.569640700152547
1898,19.625576064911886
1899,20.674121074571353
1900,16.456126745732693
1901,4.304186287769022
1902,9.841063694879411
1903,20.28947022795996
1904,18.12405636902226
1905,19.63663698077957
1906,13.274606325475135
1907,9.631988468308654
1908,9.711463718672983
1909,1.9253288911504278
1910,8.110911047092733
1911,21.554704033483066
1912,10.402220936311188
1913,11.986322667230208
1914,13.647334404343765
1915,11.761132257928349
1916,8.282397161517201
1917,11.397659263068128
1918,6.81731512003648
1919,2.904507730221868
1920,6.311322916360765
1921,10.886642533992292
1922,6.8079975287356165
1923,7.609532249562505
1924,11.183033194253092
1925,5.578889932006289
1926,12.961314689587635
1927,13.630638593392092
1928,7.554648582043348
1929,16.799139259811472
1930,1.6503595887721876
1931,8.603742388952828
1932,6.669792211228437
1933,7.869010855085743
1934,10.782257195251468
1935,0.6122277420365521
1936,23.89057997886867
1937,13.86473874643584
1938,18.603803310418957
1939,8.582098419742527
1940,35.06647367607206
1941,-6.928200142353781
1942,14.789849385324553
1943,25.73014398701974
1944,-7.563138637875401
1945,36.37456052061072
1946,13.997835645333266
1947,20.964583960992087
1948,25.04413834870993
1949,6.79339997909452
1950,32.93276927056878
1951,16.148397027047395
1952,6.152760585559075
1953,35.64399402034015
1954,2.757971231630543
1955,0.39628896477589654
1956,37.08790933890313
1957,5.813222013276541
1958,22.98519278779451
1959,46.36743415779172
1960,-2.4907679590856446
1961,29.57620003727899
1962,10.460875744973563
1963,20.674995278459868
1964,20.427447611431578
1965,13.74857597056396
1966,-0.24178977278300426
1967,23.554213312805572
1968,12.971558423021943
1969,22.508243468596405
1970,24.344888281876088
1971,30.782496482601562
1972,15.31875238925152
1973,28.57139704029845
1974,16.03004764839725
1975,18.176476742367566
1976,24.048631680580918
1977,8.99704247520835
1978,39.61694200666694
1979,11.119492175034317
1980,14.888794878518146
1981,16.88583439166458
1982,7.091502353427866
1983,31.165154618168874
1984,9.42471181267293
1985,12.778998886662166
1986,20.610717573660065
1987,3.8245095771460176
1988,8.882271979373874
1989,4.994391775860846
1990,7.099964975890664
1991,1.2322474669437327
1992,3.5664259494883908
1993,17.62336502541883
1994,24.663279315550938
1995,26.50317016297012
1996,24.487804738628736
1997,17.567743563340645
1998,2.9354664299925433
1999,18.768706455475368
2000,5.014615397229932
2001,7.967819405803973
2002,12.614552652140665
2003,18.607733260602085
2004,24.928932954573423
2005,6.183633032961443
2006,25.627497366709726
2007,22.371428520411683
2008,30.470136222668398
2009,18.6817298091312
2010,45.728412657994554
2011,51.366112787620544
2012,36.022142461091576
2013,18.689272821573994
2014,43.44378910810871
2015,38.045482534998435
2016,21.756926750006595
2017,24.17124492092235
2018,8.799873442478829
2019,51.50061389208165
2020,38.27477145330115
2021,8.492858733757854
2022,29.344055312060693
2023,54.19379206883107
2024,13.8519242183013
2025,-12.33706491941162
2026,5.408352556188002
2027,14.67679284263758
2028,48.90281350833444
2029,29.075638801817387
2030,18.43919852357057
2031,5.166010165952146
2032,31.16164434845741
2033,50.28393284364021
2034,5.86842527256961
2035,9.479122482171157
2036,34.00265592389048
2037,5.274035382747272
2038,-5.15379664430893
2039,58.13500773296854
2040,12.126748188496276
2041,16.492936317612074
2042,28.393275356503153
2043,7.41321715944581
2044,27.753489597721522
2045,15.142823584266331
2046,12.740762186326132
2047,0.025627167968650756
2048,7.875852091293388
2049,2.629995537170563
2050,11.631184900219651
2051,6.064607640446911
2052,18.30707454278671
2053,32.7492337275644
2054,26.09146422213026
2055,38.93658783650365
2056,22.206118861694065
2057,27.733848949723082
2058,11.152320787502394
2059,23.847431931292004
2060,10.651552622151796
2061,16.142037994594716
2062,4.415611656096302
2063,23.54673284622753
2064,33.365763502318124
2065,28.48666500865039
2066,32.57902655702331
2067,25.077692591705357
2068,29.71659462992359
2069,23.497218132356398
2070,15.679640167364106
2071,8.593383690136486
2072,7.88601408897109
2073,1.4766815604480026
2074,16.239110884649907
2075,22.94607721394034
2076,13.049398380928302
2077,35.79439209752545
2078,31.48337445378901
2079,30.214519674325743
2080,18.91583572980875
2081,26.386847776071136
2082,18.3722346256658
2083,0.21356026513293014
2084,0.36115414427266496
2085,0.6483848682470705
2086,27.442668105138896
2087,25.23776898054584
2088,34.34635911602617
2089,18.223074772093934
2090,20.933207138182297
2091,26.781525562751995
2092,36.159747743136286
2093,11.585815349250838
2094,19.294067341135644
2095,13.119518779626645
2096,0.571282073435826
2097,20.702828959387638
2098,30.54101552628845
2099,26.419035726123397
2100,29.776740377942392
2101,41.98400529065537
2102,17.67326192018096
2103,35.73081361507696
2104,19.765825689084547
2105,31.461841663337182
2106,21.50784212198103
2107,8.40123669484249
2108,17.007463660849073
2109,8.05430083954581
2110,41.8455627470421
2111,49.907449938781596
2112,49.662723156638066
2113,43.702373536512084
2114,16.81685979089952
2115,18.180292971971927
2116,11.993687102139106
2117,11.086114156476775
2118,13.382293421704171
2119,61.16602556685896
2120,9.32150931061069
2121,42.601774556032254
2122,22.454322072324075
2123,51.52163735230253
2124,30.24358085042566
2125,48.56892427888101
2126,22.468858562847608
2127,45.359239028995134
2128,34.51174386631449
2129,36.62184257010353
2130,34.56154100979777
2131,41.05418127284229
2132,24.516509652747825
2133,31.899111470397386
2134,21.778996061558082
2135,34.044926731586095
2136,26.479035299174882
2137,14.459290291034627
2138,25.113115944322896
2139,15.744164909986091
2140,23.489953541292984
2141,14.982490439893894
2142,17.105734946958346
2143,5.299678163340065
2144,26.437147446526822
2145,18.00135663303985
2146,23.49805110107973
2147,26.825582328133855
2148,9.7734751115509
2149,0.9136780440021671
2150,22.621386912311156
2151,28.716901824933885
2152,25.691718668734122
2153,17.6146210829617
2154,7.606183397383499
2155,1.5698496472635646
2156,6.884303487799504
2157,20.12241617461592
2158,15.24459303813695
2159,10.607862696089567
2160,16.671079580289575
2161,6.621333607918295
2162,12.53625024161158
2163,18.66237381487479
2164,4.894006285012471
2165,28.887848152913403
2166,5.4384400185110096
2167,15.30119868535517
2168,27.680307594124297
2169,25.44791700083269
2170,34.972999990244105
2171,6.457088293895764
2172,29.679069523604877
2173,-8.234605303026102
2174,38.597145669743156
2175,17.758382559447984
2176,22.36993844376568
2177,53.260703216788116
2178,42.66957531882565
2179,42.97421065002647
2180,4.294228732360632
2181,58.49784948041323
2182,5.464280470623319
2183,15.861063918515535
2184,41.261346769087424
2185,9.45820371171593
2186,42.99287624728407
2187,29.884209440087798
2188,27.090495909827126
2189,67.67483722929315
2190,13.089618123636596
2191,5.7049091157477285
2192,18.716453845567678
2193,10.70183403147865
2194,16.555510218390165
2195,51.697895747733305
2196,8.138537238681423
2197,45.571442071683116
2198,28.699861978247114
2199,-0.985837207564765
2200,34.83487428193982
2201,6.063859775432673
2202,30.848574984869547
2203,7.486489925196465
2204,38.78272747344733
2205,3.546804297963805
2206,5.004369376538965
2207,4.110189977477311
2208,10.67506061481864
2209,31.659921792481445
2210,13.60384584062136
2211,12.336652002614294
2212,15.083037347330064
2213,19.446296948434558
2214,10.307916197722442
2215,28.168015948717027
2216,30.618649319519164
2217,17.909546222411297
2218,30.724893679279997
2219,15.108006302785121
2220,19.661667532923488
2221,31.213355963283774
2222,24.293972774551293
2223,35.939346422575085
2224,19.534431043362694
2225,22.950150079253643
2226,6.914690215630944
2227,7.012489681484715
2228,32.78887633024609
2229,3.022514049882347
2230,13.29756951814454
2231,12.688046029751014
2232,34.404130125561075
2233,27.439597956686683
2234,25.50775353882707
2235,46.08736952695904
2236,34.65977706637883
2237,6.884625123508269
2238,11.223560153567997
2239,15.204214931420466
2240,5.131135470877324
2241,8.702834121655124
2242,34.80387601354393
2243,39.701257580699895
2244,46.026847880699215
2245,13.980843323418453
2246,10.950870420872286
2247,31.973455648873028
2248,8.193190455245958
2249,33.61800900269939
2250,-14.439761901948174
2251,29.77211476188289
2252,21.011825325905406
2253,71.6391992691255
2254,31.5493671568385
2255,59.16232217915626
2256,12.858132242775753
2257,10.10391632949388
2258,7.9105551433086925
2259,21.20442301153469
2260,10.329295205943648
2261,27.47170533768862
2262,0.8083416619556012
2263,29.250603262363132
2264,28.183380905417085
2265,15.733725291100898
2266,55.47808600923307
2267,-22.018053880436092
2268,51.05743734502425
2269,7.187062400403941
2270,36.552538881559364
2271,30.361081672871112
2272,-7.485162829728793
2273,51.166261360821345
2274,5.529418342118247
2275,22.798718077788603
2276,61.24905095043756
2277,-11.362156927907762
2278,4.664924390652381
2279,13.380270900396003
2280,2.3313039609892003
2281,77.19633292911496
2282,24.96090363448411
2283,9.04784331596682
2284,24.204317555837655
2285,16.16095420473712
2286,36.62876293283528
2287,27.392279573058953
2288,20.335118045895015
2289,10.513832606990077
2290,52.3102465033915
2291,30.816393668126214
2292,43.356861750660926
2293,72.13577676872683
2294,59.956053458121765
2295,32.145775824261996
2296,12.206010962334346
2297,-11.662777840553039
2298,6.953059337988567
2299,5.221823796912472
2300,8.731611315682805
2301,55.70076811759029
2302,57.8276778238692
2303,74.68144889975189
2304,40.67066761651657
2305,37.22920594103282
2306,29.975798752625657
2307,0.7553223038782164
2308,-1.9602547569225928
2309,2.7892967660220944
2310,28.063674171782413
2311,42.27138260803416
2312,65.36486814194971
2313,85.71886254545873
2314,43.910202880694136
2315,33.88557798402624
2316,-17.90803254590664
2317,-18.07073251438749
2318,-16.864073150400866
2319,28.394209272598072
2320,27.379186129481983
2321,21.305639835224408
2322,32.2372942462132
2323,41.990931007722025
2324,81.40334560015881
2325,27.660544955413382
2326,61.04099223322502
2327,19.547232701178697
2328,17.87851522447202
2329,30.323449155184623
2330,60.373408158304706
2331,34.90120442505017
2332,52.369549718929136
2333,37.26580916785132
2334,90.35302326435644
2335,15.288116564035123
2336,64.86205588215178
2337,9.076148674879608
2338,16.601711053752073
2339,34.96024214674181
2340,6.011271134137002
2341,50.03364560953003
2342,-22.72916461926316
2343,100.67319777223908
2344,39.19510200244728
2345,36.054613332966866
2346,65.63929383826961
2347,12.759193113656144
2348,68.25485716461269
2349,37.7943634397381
2350,10.3457401508444
2351,74.96653314673594
2352,112.894655743716
2353,36.20422608250604
2354,25.79657728215895
2355,51.80000662882303
2356,6.918959533001514
2357,47.99696907699465
2358,-4.899634698044286
2359,29.933773741215973
2360,60.02278279907988
2361,30.050968970080376
2362,45.38520185054807
2363,42.84337675796126
2364,64.97171916726559
2365,24.064798587213065
2366,75.37020447879867
2367,23.93542516705477
2368,31.740285410471355
2369,-11.935600845565435
2370,44.59633777694333
2371,84.80651736609319
2372,49.93701382854631
2373,69.94111230627706
2374,42.93563975652542
2375,64.20547006449257
2376,61.73908824443237
2377,85.26829097646586
2378,50.99740705936367
2379,14.314908393089594
2380,-14.736384133025437
2381,30.38447102458166
2382,42.2898323490576
2383,64.9010838843629
2384,92.62630548945556
2385,58.35753660456374
2386,63.55886268248
2387,40.55408409787213
2388,43.96527948032241
2389,25.42402813303175
2390,3.937694402908622
2391,40.51126603853342
2392,45.66833778792408
2393,54.49900346433672
2394,85.03998976252801
2395,71.34071252754596
2396,59.29421574194536
2397,44.372868737069126
2398,33.918189549566556
2399,16.299398015892894
2400,19.925893562080685
2401,25.60732001363141
2402,31.79505480512888
2403,35.33655395695509
2404,52.87627571540003
2405,58.82779622299681
2406,57.9622917138322
2407,58.258408820297696
2408,54.81271759007823
2409,58.03875362117754
2410,55.71779703977752
2411,40.58955234482058
2412,-15.584724742000276
2413,51.44251544342852
2414,20.006415939358
2415,109.91849452678551
2416,34.70502066610474
2417,109.93793339865891
2418,92.2557136905963
2419,100.37979388110864
2420,51.32055993043107
2421,40.329750318535176
2422,31.448396063744344
2423,-8.15942640142944
2424,89.77586692390376
2425,28.288142675245606
2426,82.50593751076863
2427,44.4140110425246
2428,126.2365210837523
2429,94.46333661939406
2430,120.61134963319529
2431,86.9276418380327
2432,9.008430483108288
2433,68.64257821012396
2434,-13.901142433187827
2435,105.68288038164857
2436,66.14319277967046
2437,100.50290788907205
2438,116.00411124008832
2439,21.88313634544926
2440,94.79822666680093
2441,41.46771914355882
2442,122.19860396637603
2443,42.86502089597463
2444,67.60547350195762
2445,5.67157601915083
2446,50.52848554661568
2447,48.62181629548102
2448,62.880219131524846
2449,114.58917763110128
2450,67.44871596911706
2451,90.68300700058192
2452,59.89596953412598
2453,62.653670333542834
2454,44.226797054350875
2455,26.82311634722859
2456,17.40804431684567
2457,27.18390929898801
2458,66.69048521046047
2459,48.82612442178157
2460,92.94598711731629
2461,89.92945702152974
2462,123.30205622887375
2463,91.82272352757225
2464,80.9095091627699
2465,28.377817012266537
2466,38.50235200538068
2467,87.65858032589752
2468,75.72577334308752
2469,38.013912638788334
2470,46.35910258441178
2471,70.24715591778121
2472,106.63682923983549
2473,128.304755639474
2474,80.19615947074742
2475,120.13707880683046
2476,82.87022334338607
2477,37.620849126364924
2478,32.028361931124714
2479,55.6510005012058
2480,28.560167141014787
2481,52.515380264917496
2482,74.99572384800716
2483,137.81857937451872
2484,143.44241440427322
2485,117.04880872227118
2486,89.40576885136119
2487,97.44464459137927
2488,74.77444977986973
2489,61.43039434152976
2490,6.287443425968452
2491,58.920542576699546
2492,37.418507814147695
2493,148.34296878030088
2494,103.29541519189752
2495,190.53074877787606
2496,112.18806300116984
2497,54.96228549183919
2498,65.04602853716811
2499,-5.116302626886549
2500,174.75643927238852
2501,16.686597760282595
2502,84.07862014927626
2503,78.22353477060129
2504,62.199861126094675
2505,138.72989152708698
2506,70.9814516337611
2507,172.47147675066714
2508,85.00253277986451
2509,152.45418493560035
2510,106.88839214655552
2511,29.671827723138094
2512,34.32779473695117
2513,60.08716127357937
2514,33.71919687772546
2515,64.3879875460625
2516,113.32439732462832
2517,21.969576900693884
2518,186.96272513210485
2519,153.6287859272977
2520,134.21736601268327
2521,153.2736807849107
2522,50.13683497671478
2523,88.77276595213307
2524,27.56121091915126
2525,184.6255831757542
2526,86.0453347593517
2527,100.90873213436377
2528,48.02216888044922
2529,129.98785507051818
2530,181.70999641292465
2531,138.50398175561915
2532,155.63838449554362
2533,129.71395718267226
2534,115.02911330142071
2535,108.34493285605082
2536,23.218184667721218
2537,81.47758710263493
2538,61.95503071476755
2539,100.31216146818527
2540,98.13573415279473
2541,122.38980528028118
2542,127.10378898375438
2543,133.7409395691695
2544,108.76440287685789
2545,119.85506495164724
2546,96.19513824142989
2547,77.7832376460043
2548,28.786725651609263
2549,53.472740006364745
2550,68.13706930110017
2551,117.51717012870567
2552,137.26438549341728
2553,165.68759931517266
2554,124.32772809744023
2555,69.18412718634391
2556,22.23947982382301
2557,12.707293082243403
2558,30.28132224282024
2559,34.163331473430524
2560,32.05230277443252
2561,89.35551629523924
2562,63.01030034028173
2563,98.55585866903569
2564,58.142538079015345
2565,120.04542052975661
2566,106.83209836104285
2567,142.9853667393317
2568,75.19743194275426
2569,21.02417290234081
2570,88.09168574465497
2571,35.707445912979225
2572,183.3041389963704
2573,102.15839553643883
2574,152.03299021108103
2575,77.15441722667013
2576,165.0876944876896
2577,182.41010180656554
2578,79.51210141760936
2579,174.80082660369132
2580,64.16288471438564
2581,119.60555676193958
2582,81.95774780625621
2583,105.4506033467399
2584,231.29356608244905
2585,87.94610109097505
2586,164.34409329564386
2587,192.0350341720914
2588,90.75164075079283
2589,158.9068831899648
2590,106.42276934107421
2591,198.91412069804096
2592,221.74090445472342
2593,141.90404706171736
2594,50.15111114966887
2595,142.8914499984054
2596,118.28591563896885
2597,129.7958486870682
2598,187.2813686218824
2599,61.606447793135565
2600,136.09276853362377
2601,104.16057238361233
2602,114.39532695898068
2603,225.29398635856808
2604,61.17032708129067
2605,108.67172493622063
2606,68.80058601365697
2607,116.89935427194668
2608,117.63960557176317
2609,89.49667424377772
2610,139.21042905383777
2611,219.6486696738776
2612,198.82151160935894
2613,197.96828480526526
2614,94.71033191970353
2615,86.85057610470517
2616,55.45831281696802
2617,93.51034190877907
2618,98.07022384588556
2619,198.54003383111097
2620,115.43978910880907
2621,67.68569388428013
2622,71.87642660323797
2623,183.5312914756712
2624,209.24118395616915
2625,144.81978645777485
2626,107.26653445750857
2627,58.816217354131396
2628,28.252088857380766
2629,79.11350798649204
2630,158.76009522331142
2631,150.3437323427418
2632,156.4853820482923
2633,166.34054445610096
2634,158.16926203861965
2635,167.0521340540537
2636,181.61290501299175
2637,187.51002603841653
2638,172.79963650685062
2639,90.25763403005021
2640,83.08296534548217
2641,107.66076950346189
2642,153.44435342889105
2643,126.99035493261164
2644,193.54115529863995
2645,159.78471374295856
2646,181.6110852196738
2647,128.4543970068614
2648,141.74202420727622
2649,236.6194199212221
2650,166.56051237964687
2651,154.40110994016743
2652,14.395084663270525
2653,67.18630130486802
2654,151.62018252224786
2655,110.59408382932968
2656,235.42871286914863
2657,101.21145743417063
2658,201.68928506181277
2659,116.60171442364297
2660,170.32324011810488
2661,103.49542017037619
2662,27.00709919303254
2663,87.0319072976081
2664,-11.778191222725033
2665,138.3841518638982
2666,93.8646067327442
2667,174.38278342540153
2668,192.80361164015824
2669,249.78267465310162
2670,229.86036834197432
2671,134.60229562425124
2672,81.65837267618656
2673,55.77247950242801
2674,14.418113456990651
2675,139.0600481168951
2676,52.158268490119504
2677,283.4423279858796
2678,209.36513133741252
2679,139.58415796173563
2680,199.92856280205442
2681,98.51763236244494
2682,196.6699346921591
2683,124.62874326741611
2684,153.4311963713181
2685,121.73489266477407
2686,58.427418434722654
2687,215.9786916451141
2688,124.06605974688638
2689,205.05662762023695
2690,160.88559072365703
2691,211.99275265090782
2692,142.4666624357902
2693,120.53262891374196
2694,108.0557030877848
2695,242.61251887739365
2696,271.06886179375977
2697,210.57753694271952
2698,160.85147068908688
2699,124.19662373433982
2700,164.71645276802738
2701,83.12068553608376
2702,134.1182463835926
2703,137.01245089625982
2704,223.57335672147255
2705,167.25798016580268
2706,176.88347728543658
2707,255.58052093333401
2708,267.56319220246473
2709,273.76995304908365
2710,79.95083185058104
2711,27.25595875588823
2712,-9.382213922253472
2713,26.825354351229542
2714,132.75817679586677
2715,167.5016857261592
2716,296.50239751664986
2717,245.7048511316575
2718,194.89842623925958
2719,244.80559258159016
2720,171.48592407975914
2721,181.4819807774417
2722,58.8400528032821
2723,77.80472211304219
2724,113.58736265205302
2725,120.2484691033381
2726,221.50765798806697
2727,294.875690484985
2728,305.7819112805227
2729,232.63960142131418
2730,168.14697600521146
2731,70.08535856509765
2732,165.95703843802323
2733,39.657351304675366
2734,121.80172984420426
2735,208.51493440379951
2736,110.6594323466462
2737,189.805678651147
2738,125.95524531321588
2739,240.54533984002478
2740,152.0799428468491
2741,283.5125067269063
2742,265.4603744615924
2743,137.2727168382667
2744,167.4090641156786
2745,66.66001535454006
2746,150.6899582539977
2747,59.64220010939038
2748,95.1905969340537
2749,211.30740585576174
2750,130.07368418359854
2751,169.09087252537566
2752,180.22075300959807
2753,329.23276954695314
2754,312.49526214805877
2755,335.5847590606904
2756,142.21976887590978
2757,33.82046506647063
2758,193.43345508889854
2759,46.67896799323753
2760,153.69497784589583
2761,113.46862272308385
2762,150.72158157904443
2763,206.61987975777538
2764,247.75354561565157
2765,319.3527183903221
2766,296.92547067777065
2767,301.8555890500266
2768,42.61496337429947
2769,58.88683061375547
2770,-137.5323566741261
2771,-149.91162529635722
2772,128.17567135970367
2773,199.9446927304081
2774,392.14536155887214
2775,404.0045272225117
2776,326.7887354045985
2777,291.3032896575226
2778,306.3015398542849
2779,207.63452809937618
2780,39.31717092083762
2781,50.53298714568755
2782,50.52259072231707
2783,74.28984352361245
2784,189.58079391150204
2785,235.0317948551979
2786,300.4346301669028
2787,235.67370191945074
2788,151.93747898213883
2789,96.78063335419802
2790,114.28974601254974
2791,120.41245008123782
2792,145.7365806785178
2793,321.10942255861863
2794,185.89231373407716
2795,270.46806888366706
2796,202.08505863840148
2797,177.1676595108302
2798,229.20687279273952
2799,275.5976737641724
2800,376.2913891418932
2801,278.3239990730134
2802,290.4601058612922
2803,84.85343490194089
2804,156.77517845057062
2805,41.146500217206835
2806,90.58275573936781
2807,127.12607153349212
2808,58.33443699488854
2809,175.70325227426022
2810,151.78954100476082
2811,361.1352541274983
2812,446.11848059274206
2813,478.9973143030531
2814,343.0238749987451
2815,239.42282063686824
2816,255.79247915107445
2817,32.85376165156824
2818,-3.6801862362856035
2819,14.468037422459155
2820,113.28736548476307
2821,302.88321102925613
2822,378.74949011183145
2823,493.5611383283695
2824,482.3621716191845
2825,507.74834963239465
2826,334.499880290252
2827,158.73098140274882
2828,-145.56592802349527
2829,-565.8190506179973
2830,-232.75046938061408
2831,94.47911471012515
2832,1067.447048640543
2833,1085.4139630016905
2834,483.0870544253266
2835,813.3138628291838
2836,561.454204638989
2837,455.0700642876479
2838,251.67509600405447
2839,19.14126273217499
2840,4.4100371156847045
2841,-74.33748498778361
2842,51.5065213699192
2843,320.9612363583081
2844,516.9772225280068
2845,477.19200320937193
2846,355.14163454493803
2847,255.26730908087185
2848,123.3620123945642
2849,103.50353143689887
2850,74.72529812351868
2851,110.65302396170037
2852,226.61643443476058
2853,102.63300966157087
2854,193.7647166471087
2855,279.35824462782256
2856,353.640563832472
2857,453.46452796378156
2858,439.83850238441073
2859,316.97850738023345
2860,269.61304130937685
2861,29.295728190198336
2862,-23.382540337892106
2863,14.488568131919996
2864,27.83434451636196
2865,168.71509981594053
2866,301.9120806619717
2867,327.4371695314968
2868,319.8390027768532
2869,448.8851040378485
2870,438.73223323250824
2871,378.3992653081941
2872,348.1609279707873
2873,236.177196742402
2874,254.29250770932822
2875,16.446276180929416
2876,7.57560260270256
2877,46.695693244519056
2878,270.02197043313265
2879,315.9172615537563
2880,359.2180033059892
2881,436.83647400420887
2882,362.94315207944015
2883,430.7194752868927
2884,264.00273487463295
2885,115.99191107368516
2886,-77.17348605284668
2887,-317.9284582428979
2888,-286.203278093386
2889,114.72853327042726
2890,600.573506530009
2891,800.3804653967677
2892,697.1763383314844
2893,458.67988234639296
2894,370.6404853661027
2895,272.4502960812617
2896,33.34402179465986
2897,38.23891241539015
2898,-7.678447513245588
2899,1.7253055678025657
2900,174.49769266875637
2901,242.384485432469
2902,351.28749390215796
2903,460.8407389955116
2904,502.23266449633417
2905,298.8297534539881
2906,274.578620502645
2907,36.13180745697629
2908,162.672665200155
2909,178.014242903709
2910,255.22032838629528
2911,170.47178419655387
2912,204.83396572976494
2913,248.2246665385094
2914,211.0206748791513
2915,545.9380269050396
2916,482.58435150557926
2917,504.5488627969323
2918,413.474774666288
2919,80.56656209907517
2920,57.40618985919047
2921,-47.191243965052685
2922,6.614256752714853
2923,215.8019778126307
2924,476.91195443319816
2925,401.8401091835346
2926,412.7227889736288
2927,452.43547312824035
2928,445.61977784145773
2929,408.7050337406335
2930,368.77122467155505
2931,277.894927486232
2932,301.3852262239554
2933,66.5895236630624
2934,-1.967880566170707
2935,159.63098116233462
2936,247.76670848876972
2937,413.9390905733046
2938,494.86770017148274
2939,653.3283721957014
2940,650.0793797169264
2941,604.904234055568
2942,247.28519135737315
2943,102.09760496133386
2944,-22.10859226701949
2945,-204.15839309814027
2946,-140.77190684202716
2947,25.041467022152446
2948,506.9285457308126
2949,1069.0252112666494
2950,1010.7311068522725
2951,662.6355904475814
2952,433.5521390609609
2953,272.4010414031705
2954,62.47821287821207
2955,147.54253593490674
2956,45.71844838621603
2957,99.71911090531191
2958,233.26562302753356
2959,347.22416033304245
2960,470.399036354616
2961,588.816482031775
2962,472.97963741628337
2963,360.4811378279341
2964,219.79003251500293
2965,32.66009449475118
2966,-28.94822754424549
2967,64.46865577316012
2968,172.8549343275954
2969,252.25664567635263
2970,413.86212932061534
2971,323.31175142942567
2972,459.89963658837064
2973,359.9998633175464
2974,499.1906489682581
2975,407.1121777328856
2976,431.2913993235508
2977,271.1478548645693
2978,127.68874711069152
2979,63.42227396578003
2980,81.95121414798835
2981,315.0625270547312
2982,392.9367239986675
2983,390.96459141725126
2984,335.95375313580865
2985,382.4492148821312
2986,420.8668038821751
2987,387.9720211309205
2988,555.6889507366025
2989,488.14560898276824
2990,445.6353269010904
2991,224.39187351108205
2992,20.6257738836185
2993,-45.3952067806225
2994,54.271131022465084
2995,325.6151835678003
2996,641.7569072379332
2997,814.3448463990716
2998,807.4976424314013
2999,668.9464155701685
3000,348.9302720550809
3001,133.1195293541994
3002,-117.64891516605904
3003,-400.909706062039
3004,-319.47018645508814
3005,-112.07548062393732
3006,394.7860376083827
3007,1330.8040566274653
3008,1589.2223203623325
3009,943.3637991524441
3010,734.041935958256
3011,619.5441868135125
3012,28.844244362251818
3013,207.90257697519877
3014,28.482922918591427
3015,50.23657698101471
3016,230.21424630388313
3017,356.56600537937396
3018,618.5128578397087
3019,715.8632018037188
3020,700.7367908377992
3021,394.7061790920189
3022,357.71912928743814
3023,75.14230349453668
3024,-91.24704689938173
3025,7.027062200209721
3026,52.80082865891453
3027,330.0643824165996
3028,478.3650240800276
3029,634.0071782142687
3030,597.6090010568058
3031,609.5825500248889
3032,622.0708445095268
3033,381.5337594093662
3034,454.10441131587316
3035,337.2402184112439
3036,104.10985044722764
3037,81.52455179733182
3038,16.573040172315434
3039,329.7697801241648
3040,459.7970741907222
3041,434.8991849412136
3042,549.3020382090797
3043,417.8275057875697
3044,487.36373620127716
3045,425.4959787070623
3046,585.9721941136025
3047,498.71958886421675
3048,458.5853574977862
3049,274.8005925196564
3050,-57.64860255740438
3051,68.58725461944
3052,291.23172513861397
3053,383.3535896932617
3054,610.8702035337775
3055,816.0420688497442
3056,857.5360891117389
3057,731.418078943596
3058,339.8630925520495
3059,-94.51438054362217
3060,-376.4289380730895
3061,-276.0395897025205
3062,-69.2853114912806
3063,726.8175774269386
3064,885.8909335780252
3065,1006.9891552982998
3066,1620.3918982529055
3067,1038.054790648674
3068,1028.992529563694
3069,798.8874199933409
3070,170.3378476262196
3071,-200.333851349089
3072,-83.45454489564979
3073,83.92666034843327
3074,432.7525593002314
3075,614.5133735088273
3076,647.4541538784723
3077,748.9866226350343
3078,568.8867787868668
3079,527.9124893870531
3080,516.6123100002242
3081,193.4116738075346
3082,32.659677637315845
3083,-101.5991237600035
3084,72.87510016804347
3085,263.80617119627885
3086,741.0255166017458
3087,750.0017938022116
3088,687.9207475365479
3089,716.0978010993276
3090,451.5298451139442
3091,410.37171978039464
3092,424.04620090519234
3093,342.0247097808233
3094,188.77183302344338
3095,42.300360992961075
3096,46.86354332157343
3097,339.95304779737205
3098,479.6852566193666
3099,638.3944908674841
3100,553.0185720700075
3101,421.897795347351
3102,446.8277797939856
3103,402.98899806221203
3104,500.27965340293514
3105,477.9514679579672
3106,432.29680305638095
3107,368.52238848988327
3108,95.53474515617862
3109,210.0127989830811
3110,291.73080157864166
3111,402.15047007352285
3112,536.6952932232382
3113,607.4634926790615
3114,638.2284506850118
3115,649.1680325129519
3116,288.25021184111006
3117,-4.299925670028147
3118,-290.65301709334966
3119,-87.48065085945137
3120,177.32745754614942
3121,592.9710146888739
3122,827.5202839502449
3123,964.8283619559475
3124,1074.6638492326592
3125,789.7395079284873
3126,903.1566669079416
3127,623.0934088644798
3128,526.8696539876369
3129,-25.859879002389075
3130,70.94654293065098
3131,273.23786156855175
3132,336.3385432630414
3133,808.2062963722714
3134,751.7945885548596
3135,926.9098926579114
3136,552.7403773347331
3137,326.2614327105379
3138,329.7228039760473
3139,189.98346700545963
3140,167.82960427824915
3141,49.28911260033905
3142,146.55170797908627
3143,296.72148222417746
3144,635.5705505575792
3145,901.3384034773493
3146,650.1881651630093
3147,715.4555009964589
3148,498.92830653394634
3149,438.0494037188037
3150,469.0775122264206
3151,343.5824013398708
3152,245.1317642304377
3153,312.6646935104007
3154,206.7655980509313
3155,338.70492000953533
3156,611.8217127264854
3157,511.9567600272894
3158,461.7691127372966
3159,545.6440996879437
3160,591.5633469839138
3161,532.0303120408793
3162,488.7965243879914
3163,363.7912682173281
3164,439.4585358690009
3165,527.5814149658698
3166,393.87892918252726
3167,316.76930534352476
3168,423.6214570374106
3169,265.2140107131556
3170,650.2161842898985
3171,680.8264496327673
3172,704.3450762832896
3173,773.9912577601053
3174,418.40284834648077
3175,-74.05333910405464
3176,-231.13448355608978
3177,93.47786755647017
3178,632.4786407691817
3179,1048.8756753616594
3180,707.6933231151794
3181,1226.0557392675066
3182,1192.6675116776657
3183,770.749889323422
3184,902.9950644524774
3185,614.417792032986
3186,351.07722953070777
3187,168.66781726297762
3188,222.5583972936434
3189,397.4765158722638
3190,529.0400059027294
3191,694.3093042968716
3192,729.2657627770175
3193,788.3184548843269
3194,672.7276630852358
3195,298.84025970119035
3196,251.5566136821944
3197,250.48375133164458
3198,351.6317568431502
3199,302.1963332134694
3200,260.4677246221479
3201,428.61717580955485
3202,724.9511012195256
3203,873.4555487187442
3204,701.3958488711736
3205,572.0489249735346
3206,512.3002110879785
3207,497.0490306136224
3208,455.1702987876584
3209,377.7781627392135
3210,411.7507029218202
3211,358.55663164952193
3212,310.98853466792133
3213,467.33142926933834
3214,477.0656886652098
3215,485.2802537060617
3216,477.1262148185881
3217,730.0658166916373
3218,658.5962506352711
3219,541.265085229326
3220,526.3932911019342
3221,374.26840046841403
3222,449.17851915881243
3223,523.5769082501696
3224,401.10116930708887
3225,433.21296128668666
3226,335.5680035363151
3227,242.07856325586525
3228,390.90143315107537
3229,387.5423180133567
3230,627.5896295409167
3231,843.5544434560001
3232,655.823781231522
3233,278.44196665426387
3234,-170.27530476325248
3235,71.36663060979548
3236,395.41676109351914
3237,631.8394383785554
3238,811.0356742918249
3239,1011.9905455715361
3240,1098.6396788883117
3241,725.7731637641673
3242,635.2503306301836
3243,541.9325770819239
3244,352.27198339974905
3245,226.84810674804007
3246,51.11220900361871
3247,417.7141133740202
3248,500.05149112375994
3249,515.5974651957579
3250,808.2227039161723
3251,679.0057342255681
3252,972.3976204658766
3253,421.5413061439408
3254,314.6385857242707
3255,236.88202754398355
3256,152.15770494083588
3257,309.8422371017154
3258,163.19203712037518
3259,459.58428865501827
3260,600.3027792314521
3261,900.4738228124666
3262,710.6765743443734
3263,692.8713281432018
3264,613.7628104505361
3265,529.5158576655695
3266,543.4865464108626
3267,270.49905380606265
3268,345.05072886666545
3269,317.8120707983046
3270,567.5118205676753
3271,570.2411385535652
3272,720.6133489393015
3273,567.0981960073375
3274,633.9174325048616
3275,820.169729192165
3276,731.0713596757736
3277,658.5365125456791
3278,483.374330946823
3279,439.0084446253969
3280,387.7299253222821
3281,360.5150427520132
3282,588.9193532204733
3283,440.14141190745016
3284,489.9594533111836
3285,462.48249578490913
3286,424.72212969773784
3287,464.3410697057925
3288,433.04588581331
3289,795.5141433666429
3290,873.0645724439337
3291,514.9701255212893
3292,18.46971807455945
3293,235.76841152371924
3294,501.4050697727375
3295,778.8799382716353
3296,1111.6602231507434
3297,1006.8933409085794
3298,1115.6869878748787
3299,773.1794617765011
3300,441.02940205897676
3301,307.7600765931713
3302,431.8205389439549
3303,369.9594505657412
3304,316.6155400252158
3305,441.22550079949065
3306,479.74654531734495
3307,678.6986855127036
3308,721.484493489693
3309,591.5966628163172
3310,830.2516986884107
3311,667.0147560315229
3312,542.5682001290339
3313,330.8389831103134
3314,270.63144909499624
3315,345.03753332851477
3316,195.97463717686287
3317,435.66002152423255
3318,533.6815541602122
3319,685.5342375178735
3320,611.3361792412861
3321,800.5356214867448
3322,663.0407402411339
3323,732.6451360837918
3324,605.1638059743906
3325,323.28733191752565
3326,544.0756011051548
3327,354.73514391127594
3328,512.4302820022629
3329,556.5970482935353
3330,565.6879091417782
3331,635.0156109704564
3332,753.4937672830072
3333,1002.959041446259
3334,714.4439276379418
3335,645.861522607033
3336,624.735942900183
3337,466.7097229972267
3338,264.7148534251209
3339,332.80793008890015
3340,397.99007158537177
3341,279.7411864653216
3342,642.3260108472904
3343,751.2777170449168
3344,676.3503097392719
3345,689.1246785088816
3346,657.3666936189182
3347,634.393669675282
3348,558.1148760726696
3349,419.32716443707
3350,8.184186418887043
3351,192.38409287760382
3352,452.5630108032223
3353,652.5329012716124
3354,1014.3691116824813
3355,1117.7787711862668
3356,998.8379106455376
3357,949.0125056520924
3358,379.3546805254089
3359,189.46843261810602
3360,306.22904770965863
3361,442.4047432014596
3362,459.58343403086803
3363,404.7772336991897
3364,671.2526524788428
3365,606.4936016612015
3366,753.2842105049372
3367,786.6857301218237
3368,663.7481205891918
3369,758.857041916647
3370,630.8381191352898
3371,354.0300042751793
3372,188.14956326397072
3373,89.28850744992071
3374,269.89860349687854
3375,588.8019129293114
3376,804.2142863962131
3377,766.9255385501166
3378,789.5319025686857
3379,802.2199535713429
3380,629.6794958608824
3381,536.7297395905945
3382,498.8918834478318
3383,395.23269645190993
3384,542.8733154608746
3385,601.4098888497546
3386,712.7489076180426
3387,646.106148900817
3388,554.678605534398
3389,597.4515651112564
3390,742.6404168508737
3391,724.3468513473775
3392,698.3468495099272
3393,540.2850016164313
3394,512.6953726522462
3395,424.68227925867154
3396,460.2743764078769
3397,537.6652172351784
3398,548.4206665732632
3399,556.6191142986369
3400,469.1332361004411
3401,555.5475583018273
3402,516.264279133049
3403,599.0628430961508
3404,647.0966822219606
3405,559.7358871240198
3406,361.2126395234424
3407,304.0967349813798
3408,64.58181972748889
3409,181.59097144330755
3410,701.9421217621219
3411,689.1211339259276
3412,926.0283729870524
3413,933.1082091948862
3414,947.1849433871303
3415,835.2155388554941
3416,404.8037839333569
3417,316.84478275024145
3418,285.84149398452325
3419,521.2121116317985
3420,534.7039119931015
3421,309.6680670133303
3422,706.6159377811427
3423,581.087325795872
3424,905.0924249994194
3425,674.9678957967662
3426,611.7616825290862
3427,817.5700958183833
3428,571.184187963618
3429,409.38957688240396
3430,57.33901490107269
3431,142.0256488304199
3432,206.36516073181986
3433,569.7269589848546
3434,858.8418437127124
3435,869.2841074725383
3436,912.4236605055521
3437,861.4373066663684
3438,423.52268146754716
3439,477.34905649202796
3440,222.92804792410809
3441,249.8267637497153
3442,556.850662514915
3443,743.9590381608787
3444,1151.0668964504446
3445,870.9292407970054
3446,983.7093308276644
3447,652.7368807091501
3448,595.8123393958226
3449,659.0993203169073
3450,353.2751472927404
3451,471.08024025435816
3452,444.8312137036307
3453,394.1720947128531
3454,699.3082101893688
3455,699.9309155004404
3456,857.4997247281657
3457,746.8244700680707
3458,560.2541464892732
3459,559.9711379596378
3460,317.6215021583988
3461,417.75191426725365
3462,492.3219858181292
3463,352.42179185080266
3464,197.16715352621094
3465,409.1745099718881
3466,494.53308549856155
3467,616.7047004654038
3468,1033.9217912799484
3469,737.9372298703001
3470,873.7176571771158
3471,951.8080929378451
3472,618.6395712355788
3473,289.0014328071867
3474,361.56951028876466
3475,442.82502533694867
3476,703.9016799909571
3477,787.2560624799447
3478,646.1863013915947
3479,597.0859590828467
3480,420.2717231370873
3481,545.6647676184338
3482,565.1570822015027
3483,744.6199091015375
3484,614.523899175534
3485,777.0987819460115
3486,749.1099376434465
3487,479.5738266804783
3488,439.33913649746563
3489,97.32953463889282
3490,520.5522698864684
3491,746.2317533101069
3492,723.9727311728245
3493,679.8696235007355
3494,763.9398723231517
3495,751.6759619357289
3496,531.9833703196422
3497,438.55499589746915
3498,591.0266324483689
3499,716.1049705228457
3500,512.3012323889536
3501,672.9656771410912
3502,794.0999203372048
3503,625.7937184635238
3504,743.2787105399242
3505,586.6393264882579
3506,610.3261486150556
3507,433.908729799865
3508,490.81217562907904
3509,510.5017344279941
3510,563.168559033032
3511,589.8359451855121
3512,418.1166513035631
3513,380.73554896756025
3514,739.9084731602898
3515,713.1770941641151
3516,361.68957555155447
3517,310.58689740604007
3518,467.16155569074186
3519,581.4288804338961
3520,570.4863911147015
3521,319.30301885721866
3522,90.68355560693573
3523,168.97070771917222
3524,202.29967622926688
3525,489.124552977192
3526,653.3808074487838
3527,934.3421921411809
3528,1149.3887216561554
3529,964.1773008984368
3530,529.7986412465631
3531,186.23415194411797
3532,402.1076925411753
3533,330.06073610850257
3534,351.3047221625011
3535,744.476399104086
3536,649.6246013532037
3537,617.1856466220346
3538,647.8379542645035
3539,590.2167057813169
3540,683.2593051094701
3541,828.1293525095081
3542,716.4577452066956
3543,646.1485877774433
3544,395.7402859681518
3545,470.20640868538493
3546,215.55919840545303
3547,262.97401921468514
3548,381.55441147165527
3549,748.3133021181226
3550,837.7077684353411
3551,897.3846365045238
3552,969.9593559318168
3553,524.6317116931865
3554,527.1705314739651
3555,408.0820876596538
3556,587.9390006168212
3557,657.7801449404536
3558,708.0020302932048
3559,842.1408085942003
3560,683.102299071744
3561,736.6853064454447
3562,559.0830666028431
3563,511.07369692166344
3564,454.61398447206324
3565,442.5315509431237
3566,591.2224062687817
3567,436.9019659669477
3568,692.3431515854505
3569,517.4176694102538
3570,384.531161266769
3571,417.4860931813219
3572,782.9275197892559
3573,715.0059892742148
3574,461.8035656949914
3575,569.7188122526142
3576,402.67067109522475
3577,528.5037961053937
3578,300.82924477105183
3579,180.13319832596378
3580,33.86475076306333
3581,118.55124850088997
3582,346.8448676266642
3583,483.44178297600047
3584,819.8790377052487
3585,1075.8621331224813
3586,1158.756027353101
3587,1063.9167013274546
3588,546.6360480142315
3589,192.51457655388592
3590,166.8004326552281
3591,200.2465459477281
3592,323.8983755293162
3593,387.5302409926018
3594,697.6336522488909
3595,833.2490274920667
3596,934.8934606368108
3597,644.1993191151598
3598,644.3999813746116
3599,926.8756083369648
3600,696.1712476084675
3601,298.14940991471764
3602,301.7897514627623
3603,89.98648356571583
3604,193.0402751979914
3605,374.6158908648146
3606,459.7671418359358
3607,943.0985343323952
3608,1144.2877474416148
3609,1195.2791701417293
3610,841.7491542544864
3611,515.3407383866391
3612,302.8438087869154
3613,457.21724629457555
3614,509.14662095524494
3615,484.6363108705687
3616,599.4820057577919
3617,685.267803282009
3618,689.9313952936982
3619,515.0786501584743
3620,403.36181114972186
3621,626.6690316872813
3622,389.5126956577505
3623,429.5511793984887
3624,464.84165673969875
3625,684.9702686238961
3626,643.1607704315669
3627,584.8242384411386
3628,447.7331098029865
3629,437.9513546813525
3630,683.396364104277
3631,613.4164922212744
3632,402.57634882273345
3633,523.2152661672025
3634,539.1595004796728
3635,320.86894624977833
3636,13.128346470421187
3637,-62.99437725699399
3638,95.44746913942643
3639,259.79573647779597
3640,372.3062122881602
3641,520.1149026795234
3642,822.3726794825643
3643,1111.8172540499231
3644,993.187355172774
3645,726.9421791479266
3646,521.5405974062094
3647,251.2720989867412
3648,235.0873202256153
3649,238.43691109301315
3650,323.1537899567282
3651,403.60582051626903
3652,404.99162570277514
3653,734.2998512005993
3654,767.7927040346332
3655,805.8180041110107
3656,918.6144091831517
3657,710.9623436816353
3658,503.7061739895834
3659,309.66610549575245
3660,194.96818679967265
3661,38.633117008197296
3662,115.55876105095808
3663,556.4399747121082
3664,445.9876195906958
3665,887.8435943530769
3666,939.2027379019761
3667,1093.3461370514704
3668,937.9912064651796
3669,468.4638979111285
3670,466.6218160877636
3671,421.6659471453531
3672,327.3439411970678
3673,369.5320266813081
3674,677.118953452044
3675,583.1658325005172
3676,643.707541406959
3677,383.2990465596144
3678,419.1740052055135
3679,558.0859735479888
3680,376.55375498888355
3681,603.9199181515331
3682,692.7758251219411
3683,743.2385572147323
3684,684.03202897328
3685,363.84255017918775
3686,320.3603950449604
3687,422.4834048333643
3688,598.3751693251929
3689,430.8344906570819
3690,456.6874364725041
3691,728.5731477054466
3692,544.911728245444
3693,318.08232810970225
3694,-215.67280086958473
3695,-160.00191642419378
3696,208.3306275537885
3697,316.72495754513034
3698,273.5572365574396
3699,587.5231634140514
3700,1193.9543178429528
3701,1131.7782667766678
3702,774.2378402605486
3703,558.6366377142442
3704,641.098401429301
3705,427.1236311608781
3706,64.74274005117995
3707,86.56661539595825
3708,106.1559292114747
3709,231.39905375275814
3710,388.6792609952331
3711,758.3733097594652
3712,900.3317403729994
3713,856.7701322096635
3714,1050.4409918581437
3715,708.226437161782
3716,375.6020968802424
3717,124.97293715688726
3718,51.22433900305483
3719,-81.05568236174939
3720,140.70945033951583
3721,424.94789673791854
3722,533.254803585275
3723,1143.8747949315136
3724,1018.4363080968486
3725,1077.273909994777
3726,730.8188488779178
3727,459.31866246317844
3728,420.11808117479467
3729,129.63865194702396
3730,97.16803799413314
3731,441.3822608236289
3732,638.3111072604532
3733,640.1689828732145
3734,655.4343637679299
3735,619.7075990608139
3736,655.0718171138535
3737,595.4023197305536
3738,377.7471408920771
3739,575.9811228377927
3740,541.2316310764817
3741,444.6836533179619
3742,293.33048859766444
3743,379.4776179724629
3744,519.5764898475936
3745,456.36410384831964
3746,824.9016435957777
3747,742.0744526609822
3748,683.0963380314348
3749,511.8340830784471
3750,226.07626083269136
3751,56.601678940352706
3752,-284.65701798626543
3753,-22.781505418959913
3754,378.4595353715208
3755,385.1740637253972
3756,549.6571410975496
3757,1199.4345655020802
3758,1243.3561259730404
3759,885.7003251770916
3760,537.7070340764968
3761,451.38509642320736
3762,473.10814771090355
3763,138.2288707255291
3764,6.010561703502481
3765,-46.2567708095935
3766,193.60356360360836
3767,482.24542935114977
3768,827.8421002211431
3769,951.8859911095084
3770,847.6810282707263
3771,799.9271533073655
3772,744.8343383876005
3773,390.97411431495533
3774,85.56993837116296
3775,28.316709593028822
3776,161.8141559192157
3777,146.47524176676953
3778,395.5382621654824
3779,589.3024610763476
3780,821.1078624883472
3781,865.7533741581476
3782,955.1623495145287
3783,621.0132452351387
3784,411.82159499446806
3785,515.926707891665
3786,430.91706855778875
3787,272.3323249013781
3788,277.90726315511563
3789,549.4309616521683
3790,776.1048281567381
3791,672.3435057209651
3792,574.115411129328
3793,506.8179101665508
3794,502.2562362013511
3795,429.49785375985255
3796,519.5333248104743
3797,533.380335853813
3798,456.3575200928794
3799,405.0232701434536
3800,310.7646332751013
3801,525.0908571158008
3802,392.8392144377196
3803,552.1516217240974
3804,662.035134935121
3805,722.0340952547546
3806,693.7791515422564
3807,505.91342434618514
3808,293.4922763637173
3809,15.41748991502815
3810,-85.45541950418097
3811,192.98015999087505
3812,401.3894893801512
3813,427.33346995529666
3814,753.1475763864551
3815,971.5249705202494
3816,930.645181311108
3817,716.4466665092059
3818,551.7568164495449
3819,485.1047592718217
3820,494.5008880920684
3821,285.28842075816686
3822,52.08109638933823
3823,154.26706663145816
3824,170.4693926256948
3825,442.41681492739144
3826,863.4657277111525
3827,728.714553180461
3828,934.5422341794239
3829,805.11104459481
3830,657.515585335632
3831,389.2855024937478
3832,-66.1675402288319
3833,41.077052019441666
3834,8.906288883770822
3835,357.23809331859644
3836,527.7263843482193
3837,754.2744257982748
3838,957.048045227893
3839,866.7594885169267
3840,744.6891241473082
3841,441.27260542330276
3842,408.5568547837514
3843,414.5492048494522
3844,282.45973021831855
3845,546.368084246849
3846,575.3457375277573
3847,675.4538680448135
3848,552.9675097074562
3849,456.0901460522729
3850,379.46343748552954
3851,283.56390768024124
3852,625.5263909086985
3853,762.40672546367
3854,805.7899281813293
3855,569.1027929920834
3856,290.65651877322586
3857,72.98060889830604
3858,166.26323055785724
3859,325.39687427488616
3860,499.0333770974405
3861,755.9124556901711
3862,965.9770978929929
3863,961.3888633894308
3864,620.9407451920479
3865,274.73667130354073
3866,63.75065730082583
3867,40.80000284440805
3868,90.08376717758384
3869,457.63294659509955
3870,396.7394047830558
3871,430.15373677706043
3872,726.0008149950921
3873,930.9950788153527
3874,900.9924431551015
3875,584.4066642521058
3876,782.6639567094761
3877,513.7651809513549
3878,407.5425437075765
3879,353.80582273733097
3880,16.660253783572113
3881,-53.47811935622314
3882,151.33491466634152
3883,738.4352557819788
3884,743.336942771861
3885,838.913069713837
3886,1082.562009222912
3887,813.0467112591418
3888,380.09702411461865
3889,168.65722617810925
3890,202.84598768163255
3891,-93.49420455896494
3892,80.22568219928567
3893,329.478710812304
3894,734.1258215030141
3895,844.3470681539387
3896,969.341834658333
3897,895.1966677522391
3898,613.4292343798181
3899,574.9012517401567
3900,319.4075073468643
3901,178.95074799734948
3902,306.3788498908614
3903,487.6257497520443
3904,600.8020292822126
3905,551.2971257950467
3906,509.3404312260398
3907,378.19683843645544
3908,496.2840731981718
3909,534.7531126975176
3910,707.6426969540094
3911,726.8613273926353
3912,642.1583101810157
3913,444.8200901757286
3914,127.57181293445888
3915,162.82724683448737
3916,290.88993618777914
3917,522.5677849826521
3918,624.8239688036757
3919,761.7270416068963
3920,832.0942308335558
3921,638.0568629540094
3922,399.7219579832547
3923,136.10175902334794
3924,122.13767977221919
3925,153.19348130265664
3926,316.05792372231224
3927,493.48407417257636
3928,559.6247238927975
3929,833.1061892243753
3930,850.5124600166586
3931,639.2493652400747
3932,528.6288899510208
3933,689.864179010641
3934,466.5000866674093
3935,525.2607637041023
3936,464.52185612614704
3937,347.5444354332179
3938,215.8834194406316
3939,162.0412386735296
3940,510.9724919294806
3941,376.0956645316799
3942,635.6619795124678
3943,891.9751425302187
3944,835.5961514653258
3945,823.5401620045122
3946,446.64514582665606
3947,379.1153871146361
3948,-58.02803024843951
3949,-68.3339166753935
3950,215.27229605339446
3951,478.33085332507085
3952,801.3375504277137
3953,867.8682235305522
3954,978.7356672008159
3955,668.6623949606488
3956,532.2538404156144
3957,276.07306305107824
3958,178.8700133404332
3959,148.58956360635617
3960,333.1582357124861
3961,649.315678786864
3962,523.7452276231382
3963,690.1043391421442
3964,463.77033888836985
3965,653.4732290316772
3966,504.6336320212129
3967,483.34864226298185
3968,726.2545651447366
3969,667.1392793779905
3970,557.7901283659529
3971,259.8203067504231
3972,140.30197577256106
3973,194.07737862160994
3974,396.0204447840912
3975,497.72285926539354
3976,727.1888176580735
3977,825.7883290500663
3978,511.2295078468549
3979,468.63366993758063
3980,300.0354900669843
3981,311.48685446010353
3982,171.94527849350436
3983,338.54476487125044
3984,391.6754903605623
3985,504.3567767030701
3986,730.7934117242675
3987,818.5890318959788
3988,841.2922594239551
3989,460.59983598707964
3990,460.5092743763589
3991,428.1620704071317
3992,451.0483530320357
3993,370.16896038056274
3994,336.9349145173773
3995,334.671808186844
3996,301.16016245357133
3997,415.3918230362244
3998,662.8416068036641
3999,680.3196658407956
4000,761.5730243319058
4001,682.2992936869877
4002,725.5293311259155
4003,372.20478701371354
4004,504.38266508269913
4005,235.27591002060933
4006,76.65910833074352
4007,294.3553259543977
4008,309.31200802661266
4009,619.6364880858771
4010,776.8675597417039
4011,822.663201926849
4012,626.0928951408778
4013,446.43235411223225
4014,363.6486490261314
4015,56.57417409718763
4016,189.82658023171075
4017,366.7151216884561
4018,466.64652601269836
4019,714.8895779208851
4020,902.7379211932156
4021,707.049620471273
4022,508.4894864295909
4023,437.63711280947064
4024,414.67208477075246
4025,483.0460740701024
4026,526.3754982486704
4027,548.7525370744365
4028,318.1725966523589
4029,174.10521852056456
4030,197.41616883961228
4031,486.2995998643514
4032,657.761696278491
4033,751.4204758154134
4034,790.7778928158472
4035,394.9822327558921
4036,360.9116440844203
4037,254.97748890490416
4038,310.40552156383967
4039,364.42099020713596
4040,274.78485204479676
4041,637.0033428093344
4042,581.0957347856578
4043,659.5172382066885
4044,574.6275323358187
4045,772.0593405624898
4046,612.671910176548
4047,430.0061020858871
4048,346.42146879167314
4049,335.71123839846166
4050,317.993425936679
4051,316.8115425170817
4052,292.97059714011976
4053,324.6193856724657
4054,542.8462510484251
4055,672.2964072744925
4056,665.1973964808946
4057,946.6604529987804
4058,785.5338899261434
4059,608.4051418586658
4060,341.19325576357255
4061,398.992638977229
4062,406.6415418959225
4063,248.94952089004906
4064,126.83555142011801
4065,262.2067721149753
4066,554.2208534601781
4067,457.80582262197214
4068,593.898198240853
4069,615.5145691272219
4070,598.710086905313
4071,593.7488517775806
4072,317.3980155722274
4073,270.7797562039786
4074,304.39735956649116
4075,510.5188472698649
4076,566.2677512803506
4077,577.6702431368773
4078,607.0248199036344
4079,544.6139607620355
4080,395.2621521644663
4081,488.19583428031666
4082,443.65977918082484
4083,575.0026576198397
4084,674.3389518633254
4085,455.4727227541054
4086,171.73280129676417
4087,130.45487064688473
4088,308.1318147008948
4089,602.3732062779034
4090,772.438907834693
4091,859.4663124469816
4092,789.6462157002269
4093,565.2297265079012
4094,216.9756219049348
4095,68.80218435926966
4096,284.84280428888957
4097,155.95359122560927
4098,386.6211064184122
4099,704.0018183697556
4100,670.8618688358187
4101,708.7677224628509
4102,760.3337958164271
4103,521.6151524263242
4104,562.2568140374029
4105,446.2484825836472
4106,276.25468123580777
4107,201.1954805588441
4108,234.61086639183654
4109,230.61540163307856
4110,205.58297123611345
4111,474.79351648703727
4112,706.7539929051641
4113,697.0363152762916
4114,963.4296228657266
4115,834.6592317134615
4116,487.8271131912315
4117,492.53705446597866
4118,400.8187044587511
4119,427.5133916980736
4120,204.86539738209467
4121,182.7634433186524
4122,147.04284253527
4123,426.56586483575506
4124,442.2016350711522
4125,541.5049769066476
4126,678.9858520510776
4127,564.1710946217723
4128,563.5741432562921
4129,460.52646582211804
4130,281.40452433649
4131,290.786042272193
4132,477.6338762774441
4133,429.9434627442786
4134,406.9368215842704
4135,566.8526520280701
4136,691.8122440084292
4137,456.41372537675124
4138,228.30122823367705
4139,456.78013396387877
4140,563.4024154837253
4141,585.5423173024303
4142,469.6411982137342
4143,409.4640161926636
4144,321.1844985411437
4145,306.2561055322521
4146,458.68078330395355
4147,671.5462552184572
4148,951.1667248776242
4149,765.7469141180395
4150,660.506135152767
4151,270.9330018058765
4152,-66.56594128537579
4153,132.71275015156627
4154,222.9093497045554
4155,365.6334340483498
4156,443.70142739653147
4157,683.5999172931141
4158,686.3904375903921
4159,807.5329138252804
4160,759.6893759565872
4161,587.7637778946597
4162,359.04819258155976
4163,238.8244813468307
4164,291.5185000999026
4165,139.47941774523824
4166,28.196868451345328
4167,323.4664626663507
4168,276.8044125804757
4169,604.3016913791571
4170,553.007019492178
4171,713.3259111622999
4172,854.050756252915
4173,641.5268243888615
4174,548.5511863612497
4175,501.6163422596471
4176,391.03299611666506
4177,237.37750551685795
4178,260.50895260775457
4179,147.39982772821364
4180,384.49867167171067
4181,577.5571942594906
4182,400.6104536345993
4183,594.693479233612
4184,442.8941391204623
4185,365.7908419638884
4186,308.81308030092384
4187,459.2660270577716
4188,365.3510859653398
4189,263.02138859751375
4190,590.1981709605919
4191,466.51025005913334
4192,672.5126475686294
4193,635.1134206904316
4194,446.6354244803472
4195,117.26341035740262
4196,89.24898085132884
4197,578.7276237068887
4198,415.18723318622614
4199,413.34057893974233
4200,558.5501295369837
4201,590.596140841566
4202,484.60054890939006
4203,481.8982808101496
4204,636.941535740417
4205,749.5689125630038
4206,704.1330875536196
4207,420.9623097955098
4208,275.8668378270948
4209,72.83836832499172
4210,-5.423556998280997
4211,100.84870681654773
4212,378.6660810268177
4213,561.2203935767832
4214,621.4549815582512
4215,767.0617605194371
4216,774.0427116341338
4217,675.6860415593676
4218,508.79067042650416
4219,379.5790703556738
4220,239.14856519672347
4221,177.7875974316102
4222,224.02904399616355
4223,146.30009333756354
4224,322.3327333779573
4225,394.9527162243034
4226,436.8712266979407
4227,391.2530795776564
4228,267.65104202499316
4229,534.0371439368984
4230,537.7810691721061
4231,639.2395632576755
4232,771.3280434363646
4233,793.3236264840546
4234,594.7048138441303
4235,488.5766595597816
4236,226.1930303240092
4237,-8.737940766535194
4238,79.92316657287743
4239,256.442150875559
4240,381.4958370293274
4241,411.9483962371893
4242,449.1480807343274
4243,478.98577510494823
4244,470.4421099566182
4245,482.33431327068456
4246,363.4755355257908
4247,432.9114222257758
4248,558.1087084627944
4249,674.9109164616502
4250,425.6406481096358
4251,262.8973188991735
4252,217.02304613707133
4253,274.9818000975499
4254,448.0652259174686
4255,400.81400536416413
4256,539.9019475182223
4257,574.1403529284863
4258,487.4657562476116
4259,327.8060292633328
4260,368.5739844011982
4261,446.1209730699965
4262,423.04537776229745
4263,553.4460507618086
4264,604.3822930745051
4265,522.0395535843229
4266,296.9165759275346
4267,175.74352743723037
4268,153.51320104998908
4269,166.6355323771498
4270,174.7225912377739
4271,493.5363088855256
4272,658.1351341795328
4273,588.1832357617931
4274,693.4375466624601
4275,585.9953625928375
4276,465.56518542674706
4277,433.0599722019207
4278,146.53522517439896
4279,138.59178564960916
4280,126.91786574896986
4281,3.7990951018394123
4282,82.09596576584752
4283,491.7429385320102
4284,340.4415248657403
4285,311.6108853321442
4286,498.6280303138267
4287,781.2726046843769
4288,737.1551403652107
4289,786.9217871135355
4290,751.3203616850516
4291,472.3686188114568
4292,437.729295187517
4293,210.25128561390815
4294,-111.20709695045291
4295,31.526059314734002
4296,115.21317032197179
4297,289.39339950816424
4298,480.73271727224875
4299,711.42664809686
4300,661.0066654423676
4301,446.18164678915184
4302,240.9996902015408
4303,290.7173074346974
4304,379.8775461980895
4305,320.56706512589165
4306,447.5364267167636
4307,582.2511292730042
4308,714.5949229446795
4309,730.5306454865344
4310,412.0686156171136
4311,274.1937104737135
4312,346.945869365534
4313,143.8764933391212
4314,144.37686581706777
4315,235.93374669168008
4316,336.23641004092804
4317,409.4408697905771
4318,555.3316671212767
4319,566.0865903485648
4320,582.6717398077886
4321,568.8836981209894
4322,537.0286685282534
4323,412.63008527501273
4324,126.55900853234175
4325,64.10831515397324
4326,123.30838898303762
4327,148.53344366990186
4328,463.11319341702864
4329,664.8411910108684
4330,691.567636072179
4331,570.5001364757866
4332,552.4230211569129
4333,351.60756947136224
4334,101.48052080734777
4335,36.725983859250114
4336,1.6200941050500588
4337,15.317552493727431
4338,105.05262201201566
4339,128.2233516552132
4340,509.1366137416735
4341,564.9059134838856
4342,568.7024964450471
4343,558.9135578276877
4344,763.435956641609
4345,730.1780424358072
4346,465.25072033264297
4347,446.8399968465554
4348,325.3635214524288
4349,190.39291857238382
4350,227.69658305338478
4351,201.43849098208358
4352,125.28287745068094
4353,88.77209522733335
4354,376.2834838487644
4355,474.73424423442674
4356,547.0488609616276
4357,531.0279803481251
4358,563.261306731387
4359,422.73301425275406
4360,315.7697204047959
4361,378.51763069452454
4362,310.7954083725186
4363,500.5614376556205
4364,560.5089853358999
4365,712.804427244552
4366,594.1434301650363
4367,406.5092911624367
4368,206.26732004784583
4369,5.881707810371551
4370,30.703003013556426
4371,22.507676516947217
4372,379.9262612600935
4373,577.135732421172
4374,564.6062014588607
4375,443.1182395316387
4376,535.5526694334632
4377,705.5781500772318
4378,475.8756231349548
4379,345.2983333765387
4380,185.05963846529832
4381,309.93566948075187
4382,261.43708591571306
4383,321.13978798796666
4384,422.1176999202807
4385,355.9445892717657
4386,568.5502467951125
4387,523.9818596668321
4388,429.4228979782385
4389,101.91708784642105
4390,19.9173597958811
4391,8.706944662688741
4392,138.87163503995595
4393,249.63785996615948
4394,275.5851106178207
4395,382.72121766621405
4396,344.10563103624963
4397,623.2177303142317
4398,541.070352658664
4399,476.73704561414166
4400,453.6747652913106
4401,466.6661556407505
4402,460.8876592897697
4403,326.8609099820559
4404,399.9466889525435
4405,371.82971526442424
4406,407.98586302070606
4407,318.5080309732712
4408,148.27385243836545
4409,4.32126650704806
4410,-33.870142273037935
4411,284.42048850566437
4412,464.93472012615916
4413,678.3018045462774
4414,697.108413466335
4415,642.0811983367872
4416,714.3116249153959
4417,442.90580108310036
4418,340.37750730482867
4419,225.33652605882867
4420,250.2965727506347
4421,271.13593261366447
4422,431.96771535019514
4423,511.6645967793659
4424,349.7725313977835
4425,185.21310085174076
4426,266.2187013735149
4427,166.1440561174029
4428,90.38596475467241
4429,376.74879766645086
4430,440.06119857475466
4431,404.43621629710253
4432,683.8132190832198
4433,645.3295140766129
4434,545.1961098189048
4435,397.0645954028882
4436,415.04270157104054
4437,315.18258754073
4438,234.5843463918782
4439,253.20068381035776
4440,342.62717302483395
4441,392.84019815488085
4442,303.8309321304631
4443,246.26937043471696
4444,353.3959672499748
4445,311.73651695453117
4446,89.63903514940552
4447,210.25511073145887
4448,258.8475459296987
4449,195.01217448286428
4450,263.02142004720673
4451,477.65224378067205
4452,496.3091035743446
4453,354.4793327717101
4454,393.47204152488064
4455,251.60933718481746
4456,426.2269241868612
4457,567.0174252740698
4458,469.8336477738564
4459,394.2868392040934
4460,213.91764591165895
4461,328.7472225276489
4462,216.5974718155663
4463,151.54243109128285
4464,118.57381104575761
4465,87.59515276904781
4466,126.22997295330532
4467,175.68056003078527
4468,488.05053948581826
4469,576.8525098778657
4470,869.4436199701164
4471,792.9534678347146
4472,631.9364066234497
4473,492.86768805620477
4474,309.08643098280953
4475,-30.72191930697343
4476,-28.286902918461365
4477,136.5069548590412
4478,282.5563072009209
4479,355.16157802494064
4480,364.3305792087046
4481,495.89524387391117
4482,296.71810733476826
4483,288.5133416029872
4484,306.0313393112675
4485,230.80375693052906
4486,176.5769717191214
4487,447.6478039325821
4488,566.0740565210824
4489,619.8996535466623
4490,646.654512026671
4491,706.2634285323539
4492,502.87395361144826
4493,193.86357866050895
4494,226.8060862179492
4495,-20.110497691127833
4496,-13.887302581199918
4497,207.8563365137791
4498,279.47562155354734
4499,450.36910477647086
4500,616.4473896758414
4501,513.432257624906
4502,288.12928315199065
4503,200.2212360600979
4504,124.50061244880344
4505,175.25199790496802
4506,184.2918962471753
4507,306.9558241955636
4508,571.0542186169989
4509,465.2131763354849
4510,348.87840289857127
4511,265.1928803328677
4512,292.20620600012967
4513,217.8693711223829
4514,410.2542994038024
4515,450.8174673675979
4516,247.38660041831278
4517,234.9187352356845
4518,240.53154150598496
4519,78.90275425473688
4520,104.29806619772792
4521,97.10493820806558
4522,62.69523958735106
4523,279.44985960882786
4524,634.2077437204333
4525,795.1703346173507
4526,744.2673095558537
4527,582.8799936094398
4528,526.8017477548011
4529,405.17854159591707
4530,219.56864971940973
4531,1.8178944963489843
4532,41.05830080948528
4533,132.10575407624032
4534,151.07747311142887
4535,301.7830393392418
4536,252.02885964990514
4537,223.62373595901983
4538,383.50233546466166
4539,385.0364477225981
4540,405.28867511850814
4541,305.5956876524395
4542,407.22245845571666
4543,460.4844701368576
4544,721.1364383794228
4545,685.7910199952499
4546,575.0508239959473
4547,589.5435293854433
4548,341.54159701476664
4549,140.1949937660497
4550,-30.817494350687806
4551,-79.97004142151496
4552,20.912897256598416
4553,32.277987625401444
4554,157.6336526160678
4555,501.5692002828778
4556,802.3025864380018
4557,697.461656925009
4558,646.8575247162096
4559,379.2177283242159
4560,207.47101544892058
4561,115.35218799083299
4562,-3.5657046700748176
4563,239.5543917973827
4564,438.0273981667768
4565,473.3303002261569
4566,195.46374684773292
4567,191.5532190244004
4568,269.9427856900254
4569,46.72379087317638
4570,145.82648051722393
4571,231.41752522736556
4572,432.8353196006403
4573,338.53201669138963
4574,268.7582869153759
4575,322.63653939453917
4576,187.67922588070414
4577,61.3680640262258
4578,239.9866101308984
4579,311.9073705154255
4580,476.58222086444584
4581,718.9127476920944
4582,695.5495430440681
4583,598.9427693075471
4584,433.05260021712917
4585,294.7715899576736
4586,153.88076344624963
4587,55.80725660550764
4588,62.32526934465022
4589,-8.245315717579288
4590,-35.85194759540598
4591,42.71461900757441
4592,245.29714097530038
4593,358.1537407531615
4594,390.5710085783347
4595,545.1821372575488
4596,606.2827405285564
4597,716.4917951646756
4598,631.9571846378777
4599,640.5989767161735
4600,450.0194631911233
4601,551.3689974256167
4602,498.26597890181705
4603,128.3275608178492
4604,74.5647367483509
4605,130.29344366085923
4606,29.46617265262256
4607,-153.63156024806997
4608,-78.29783419404284
4609,19.393675634646367
4610,212.67841941889296
4611,717.234177730562
4612,786.5759550947984
4613,846.9378636167966
4614,783.8644733203273
4615,590.39329226616
4616,430.9561591868546
4617,216.14762180286857
4618,27.18007986908053
4619,-140.49502649583903
4620,53.862688788831804
4621,27.792868685241736
4622,89.88110507721102
4623,93.48413623098827
4624,69.94006946323701
4625,146.2755792580034
4626,91.04164854805941
4627,420.6918548155625
4628,482.53236551767264
4629,478.535475536202
4630,509.16043285643656
4631,444.6033756607699
4632,252.33010962304908
4633,47.57164994856836
4634,171.47088229585353
4635,348.1871057381153
4636,562.4563870847361
4637,471.77500603949255
4638,484.0476284513025
4639,512.7812450797632
4640,423.47406997271713
4641,189.26491963781166
4642,109.88684083874544
4643,25.350993478940367
4644,-94.99398360044236
4645,-67.95899723111062
4646,94.86744441785551
4647,287.4488313437716
4648,299.69627133506316
4649,499.2002140635698
4650,612.2601998756448
4651,695.5802899732389
4652,784.5404530354591
4653,685.7075384471632
4654,546.9223405831063
4655,325.18924270894865
4656,442.5588062634702
4657,354.3386799423363
4658,191.54932146366127
4659,148.46604514828894
4660,41.46276571410787
4661,-33.84312984010372
4662,-132.14059855376004
4663,-72.02459417141849
4664,155.41194518152528
4665,320.94475819539525
4666,460.336680324425
4667,611.6441947378651
4668,755.3821299559975
4669,861.5621155183154
4670,854.8672450076986
4671,600.5719664912536
4672,414.7134132227031
4673,182.56360986912907
4674,9.857392370337907
4675,-166.07191891693586
4676,-141.91431028306945
4677,-180.19219418458172
4678,-243.6191063271568
4679,-103.48531381805816
4680,88.69428869875146
4681,158.2140160167306
4682,264.2511967194474
4683,476.8741876903911
4684,690.2524323380288
4685,631.6832233977309
4686,552.1420737404522
4687,521.3207093060308
4688,331.7885434551847
4689,211.4791002300464
4690,223.2158501861624
4691,246.49707750357277
4692,290.3952522463843
4693,346.68157538645664
4694,323.1915441337727
4695,307.56971718991696
4696,176.68180447106306
4697,39.8030516342845
4698,-71.23639593658577
4699,22.198986252865325
4700,155.75482968048485
4701,247.27872772834544
4702,351.1645643415901
4703,414.89497012558707
4704,602.4167823478477
4705,610.3626151563154
4706,704.783478428488
4707,824.0164351058239
4708,562.3705573045863
4709,368.9694641621492
4710,293.1471893976173
4711,355.46211152712795
4712,214.95764739630528
4713,118.40550392025364
4714,167.98445730224915
4715,42.57644277261799
4716,-35.25768559571752
4717,-22.57352623999779
4718,101.3172520685386
4719,102.71692475855713
4720,250.95374713318927
4721,349.13885723672
4722,602.1591551056005
4723,845.9272222061403
4724,795.2825999229457
4725,754.396567831264
4726,580.7983912467547
4727,535.3988039714947
4728,366.1724317325652
4729,146.87001293936996
4730,-139.13591713331164
4731,-227.22636705510635
4732,-317.76487868866303
4733,-381.40900997617246
4734,-125.29291193102841
4735,-1.0654484542386473
4736,133.53730521860803
4737,304.0148230802104
4738,406.3115388122986
4739,585.5962506689591
4740,722.227473473276
4741,646.7754275939917
4742,627.7800312757355
4743,506.28758532005116
4744,344.4231138407021
4745,230.34723027833988
4746,102.33512014901989
4747,84.19239442738987
4748,209.43768471919694
4749,172.8515158550972
4750,78.04797565910933
4751,-16.848686899541395
4752,-125.01012332066858
4753,7.690901400345568
4754,158.04307250113186
4755,280.68687709273075
4756,379.7302133566272
4757,595.8284693967267
4758,733.2229612753628
4759,762.7542287887915
4760,710.8823734604804
4761,600.1382532998866
4762,490.34381408144606
4763,421.04510426495375
4764,341.8782356182644
4765,278.4423444221909
4766,137.2517129578865
4767,58.43050692943211
4768,64.14029552819801
4769,115.10138290908232
4770,199.17327632232025
4771,174.10980643767442
4772,8.182736423889951
4773,141.57786239808812
4774,213.17967591529057
4775,300.82890630748756
4776,298.75172608015544
4777,461.6591845862042
4778,666.1457040797758
4779,728.5666050039077
4780,699.0198261965807
4781,580.5529141670324
4782,552.5091309978169
4783,285.17981813414826
4784,38.35856389747135
4785,-173.05542396998783
4786,-226.08019258791828
4787,-211.16367593147314
4788,-193.29870148437362
4789,-55.684908375831306
4790,38.762015212325046
4791,93.48704669090222
4792,202.6182038321433
4793,426.3652011025767
4794,538.8405249898486
4795,584.8232372043174
4796,511.3252200324993
4797,596.6765076839665
4798,589.8483281457962
4799,395.05865110753774
4800,174.17667810808825
4801,53.05371671186196
4802,45.83177560798412
4803,110.06735319929922
4804,-52.97435945244885
4805,29.199853780319295
4806,73.42061155315353
4807,-116.76802311737934
4808,-59.743632950280585
4809,75.01760544961108
4810,267.2628752600632
4811,465.1974939397732
4812,709.073982307464
4813,833.0411708641182
4814,731.7262491486845
4815,660.9375746252314
4816,564.9560207110818
4817,474.67212570396754
4818,439.1590475855519
4819,244.41104268699522
4820,-47.1853408283758
4821,-79.19454824291739
4822,-15.063914387365097
4823,131.02841810910942
4824,206.2099862721387
4825,162.9651867132357
4826,125.71206694365115
4827,201.27007131411114
4828,271.7159533795206
4829,274.08616801887166
4830,230.22007304033139
4831,288.9961583817199
4832,460.8700480790026
4833,582.0778693466717
4834,644.2300501863285
4835,634.5394930784588
4836,535.5943804408593
4837,369.522151409616
4838,91.61464745254769
4839,-33.648572943548594
4840,-127.16990797570001
4841,-157.7820034155798
4842,-145.74585273465615
4843,-65.60837687246358
4844,-19.41346640216542
4845,69.5016245714844
4846,236.1064262236249
4847,347.87662003085774
4848,497.1649760995869
4849,542.6314533189849
4850,520.1088559650882
4851,409.4140036343025
4852,353.7965257365817
4853,280.0440239454945
4854,180.0098360421899
4855,137.61881895211488
4856,121.39854118637682
4857,69.69778824227694
4858,47.0275474219367
4859,101.7145840676817
4860,50.85058731670091
4861,11.723234110153987
4862,-73.22255772258461
4863,31.057789591587454
4864,120.34804618868584
4865,294.23198328193183
4866,579.5987516042456
4867,619.0237642529395
4868,614.4151406852808
4869,599.2685885376284
4870,719.1678257486352
4871,599.276244177153
4872,442.134526608002
4873,249.69937169168588
4874,11.540300273884215
4875,-106.61285294143664
4876,-51.90584282924061
4877,130.87898463861248
4878,83.02803415975704
4879,140.46966279751933
4880,248.07681752953144
4881,274.03119482566086
4882,324.06317727737127
4883,220.6399539385879
4884,120.83002825701833
4885,157.59037043889026
4886,318.38114930545686
4887,454.6467131516031
4888,583.8648458553182
4889,567.942784173783
4890,501.82795566732824
4891,379.93702132126344
4892,275.66582227029295
4893,93.59857422610884
4894,-110.41628190224039
4895,-153.51180302437655
4896,-158.58827769883155
4897,-162.40776566760215
4898,-77.48380598056767
4899,83.69214874232601
4900,159.61149250104805
4901,362.5646101978764
4902,576.5161889630897
4903,553.0775961726887
4904,458.16709274067154
4905,441.6982437200642
4906,275.32392478700166
4907,60.4455570156257
4908,-19.603234305751428
4909,8.450643148104351
4910,6.893260145309582
4911,145.66172057559285
4912,159.43646633372504
4913,26.005939511332176
4914,73.79970004571906
4915,27.981069506417278
4916,37.21264889245749
4917,67.50227296591696
4918,156.09871429880434
4919,261.0244590819315
4920,409.60269395697986
4921,463.51901218960194
4922,408.22644638827865
4923,559.6065737407363
4924,520.3621849927001
4925,528.7509854524018
4926,392.73643568341384
4927,255.74143317273038
4928,24.04602910679284
4929,-86.29217382373204
4930,29.393177357507568
4931,36.62649686120251
4932,117.44735363293383
4933,134.38458804030887
4934,182.1571004878031
4935,227.89225493546905
4936,301.9747110751604
4937,221.89497680017507
4938,216.1525372255837
4939,230.39275023356933
4940,274.86271448324885
4941,403.61166421172754
4942,324.42785998191505
4943,355.1241948003639
4944,274.2796965079793
4945,293.61592718697295
4946,230.52269139191185
4947,106.59839316984751
4948,77.60611346663043
4949,-11.836871813925304
4950,-113.33755268712854
4951,-131.2613372449567
4952,-18.778037004557543
4953,36.44966805363976
4954,183.2590838547423
4955,321.0005702833422
4956,435.98439889382155
4957,423.3807757934507
4958,481.8226100598122
4959,417.97797358428045
4960,214.0014212677255
4961,62.56084811791151
4962,-99.1480484263725
4963,-90.54543310944705
4964,-58.65225086394346
4965,19.633059515798653
4966,-17.67530468345536
4967,-10.365843519393886
4968,30.534955098079706
4969,67.59884427105477
4970,136.09201136069086
4971,203.15835231622725
4972,262.0956581275402
4973,380.152447538028
4974,441.5981689013615
4975,277.43008454966963
4976,298.35819688951716
4977,342.92026832978274
4978,316.9789437862103
4979,235.39783994072206
4980,256.27243813381284
4981,177.64406212841175
4982,95.59309214597397
4983,102.45164124605957
4984,75.73865006651587
4985,67.6958923104756
4986,95.23504307711643
4987,114.25436482257851
4988,185.04787884880466
4989,266.36242763386616
4990,219.09790109241737
4991,265.73633279392254
4992,314.37240088266134
4993,285.9285859460601
4994,296.4963946041178
4995,225.95601299046317
4996,195.71439264725063
4997,172.86284469869526
4998,148.77013047617874
4999,73.86708609098699
5000,-13.318787975964224
5001,22.96067137533386
5002,112.12777164308882
5003,87.85508540282513
5004,79.0397033485116
5005,128.64336307202254
5006,148.6637469684117
5007,234.4043107705195
5008,222.6966895767975
5009,267.62100326836713
5010,234.67408883667608
5011,278.8406877388753
5012,264.9942666932246
5013,205.4829690681421
5014,103.88012767376064
5015,13.141823807197722
5016,28.507353215598343
5017,-42.38742600536385
5018,-48.58681593239342
5019,-114.4029820634387
5020,-44.917570402465
5021,-27.53612472901718
5022,-53.46969043789946
5023,41.21099427548997
5024,215.38147413916477
5025,335.812651744508
5026,385.4523604602116
5027,390.50159149255165
5028,235.33033813200228
5029,331.5153794626031
5030,284.2875433225351
5031,226.4360551505844
5032,187.5687104049126
5033,87.6769862705222
5034,-3.0187408678869136
5035,-8.009300776709216
5036,109.50871628244585
5037,110.99978438109252
5038,149.9414751912181
5039,187.3613765742066
5040,170.09780940869985
5041,162.40585480424517
5042,188.5247669196377
5043,138.28009519372247
5044,159.85796406245757
5045,236.33236062606883
5046,248.69841809123582
5047,311.66510761711936
5048,255.64439137605243
5049,229.44363225640464
5050,258.0100961644949
5051,167.86680544609956
5052,31.322886715703593
5053,-131.42861519556442
5054,-147.1424297584937
5055,-97.73027543310047
5056,-69.49704849657039
5057,33.66803379697726
5058,185.31395884496047
5059,252.5403259893864
5060,347.90113504580125
5061,392.35542890339013
5062,317.5130098232103
5063,295.75487516260057
5064,216.4063698795774
5065,122.59564892222505
5066,35.011610367930565
5067,-12.909183437347455
5068,-19.676650750218226
5069,-26.268765070432387
5070,48.81347777327421
5071,30.021589125542093
5072,-67.93207476921059
5073,-87.70348359612323
5074,-41.93916880705264
5075,-44.74644279243089
5076,-36.06868563869555
5077,48.348450070258586
5078,122.1543778401997
5079,265.54834502443805
5080,408.29011314365664
5081,343.7756356898883
5082,312.8878296451541
5083,281.1665015868588
5084,263.61287765294463
5085,230.63208995969936
5086,156.58392645338466
5087,-61.22287156193736
5088,-124.48365338725546
5089,-78.34217729032895
5090,-66.73197091516492
5091,7.493584110009356
5092,90.80587390507225
5093,127.82232307432406
5094,222.76067927429287
5095,294.7502334846016
5096,263.68003669513956
5097,191.07029019067815
5098,211.40640081871675
5099,215.1047305002436
5100,204.1915409293101
5101,214.17200275112293
5102,243.4167632539475
5103,260.357835020778
5104,237.21431047057354
5105,130.92540568761146
5106,-23.07693922409826
5107,-155.7906634384903
5108,-214.17698649922747
5109,-193.75392999916426
5110,-181.0296959866048
5111,10.357065928790982
5112,139.46400491524244
5113,290.59383251655316
5114,408.4217352206261
5115,453.51550903226445
5116,466.6708396640329
5117,392.15392886476445
5118,241.90535695624544
5119,30.843434725096504
5120,-73.09873436100388
5121,-122.35585416569046
5122,-138.21866832617118
5123,-117.59953704723095
5124,-111.22612635654019
5125,-116.49983627900804
5126,-102.56199693035332
5127,-26.855090231914204
5128,-5.649260800877468
5129,70.09280247014404
5130,128.77738467764354
5131,160.14012831189535
5132,213.44887997360405
5133,163.41876026489612
5134,189.53452404095225
5135,257.47610101712223
5136,281.2719478679411
5137,225.2946972880733
5138,196.97401496343844
5139,110.73383527943894
5140,-10.678531153248144
5141,-36.93117578576624
5142,-77.46676865674667
5143,-162.12795594274468
5144,-88.73562058503403
5145,-67.2461854812261
5146,-25.283869750967703
5147,126.3728157219076
5148,223.81298828746367
5149,282.88036204316467
5150,243.9241182231422
5151,294.86158166042884
5152,261.51712933566256
5153,210.01943970166303
5154,225.90592303345682
5155,175.4261408691474
5156,177.7373517573556
5157,93.20394589304568
5158,71.07453638487412
5159,13.114253780781338
5160,-118.60397449290457
5161,-149.52379470129617
5162,-156.50429839968353
5163,-115.40690788195357
5164,5.357737750941141
5165,49.65195837479461
5166,119.28825476998838
5167,212.58521394325038
5168,316.5212658642791
5169,384.9090658944984
5170,431.6508084814194
5171,359.18798643484695
5172,238.61523176855044
5173,74.0262080413318
5174,-32.76461664547292
5175,-110.51052951009173
5176,-166.65289086345615
5177,-246.4013054738215
5178,-259.00838294476694
5179,-231.39123605851958
5180,-145.1917130166289
5181,-15.666241510485191
5182,68.1304278069963
5183,139.2651860817369
5184,237.1974043029184
5185,261.47928972460016
5186,264.7185123061582
5187,229.52984871715523
5188,174.59731799674339
5189,121.68342235391925
5190,108.80109130889613
5191,135.64757685493666
5192,112.7438005393252
5193,15.644214373025692
5194,-33.60276896977576
5195,-53.172832102946316
5196,-64.27252149069106
5197,-64.1781016859374
5198,-117.21189928948748
5199,-128.25183974360058
5200,-18.76078943048545
5201,89.61713897493895
5202,162.32122858025042
5203,193.59051773901072
5204,293.3432615609408
5205,316.1942753922009
5206,318.4328013644171
5207,302.1057887291336
5208,220.87811444180647
5209,140.36587074101016
5210,47.229652431309084
5211,-26.728257408141975
5212,-57.77097209484827
5213,-132.74574233925685
5214,-150.58461623454374
5215,-101.73561087684013
5216,-86.22197193222942
5217,23.276472576918085
5218,67.54001789421474
5219,115.63847659520741
5220,152.5016015029593
5221,164.90697941998192
5222,210.3631670709369
5223,261.18943288021154
5224,284.39993844239496
5225,229.78895831420584
5226,121.36743580995325
5227,63.323422745299446
5228,49.48230320343549
5229,-11.719515466897846
5230,-123.93763609260203
5231,-223.43018725090897
5232,-304.0047504916438
5233,-266.05201579828486
5234,-182.0417412368887
5235,-68.32941216241504
5236,66.45454055687217
5237,210.1836625423128
5238,294.4686766913803
5239,312.7754707757007
5240,307.30076324983025
5241,247.4778116358317
5242,145.5402704878608
5243,36.531476216524915
5244,-32.61273888878868
5245,-72.43379229541388
5246,-29.813344073984425
5247,-16.431968818675863
5248,-34.780790108081575
5249,-17.20988325511522
5250,-41.68273743532095
5251,-97.37462394706053
5252,-92.30898630621813
5253,-27.680834242307295
5254,-16.476293382652887
5255,42.880982149353336
5256,128.34449934560612
5257,162.99275019256524
5258,233.12936687095092
5259,323.9780261220064
5260,349.71073341645814
5261,302.7299345079884
5262,183.1644048279785
5263,92.32483895518253
5264,1.3203729343869754
5265,-105.29414313020561
5266,-203.66934973184775
5267,-195.89621256722043
5268,-179.97278700557786
5269,-96.13389736197
5270,68.56964253121556
5271,128.76637399195414
5272,173.12152996784403
5273,160.33221346975586
5274,185.7531157004429
5275,219.6882661750488
5276,218.18023196441231
5277,187.05892317709097
5278,96.930461730588
5279,78.36022056374402
5280,39.82036010219913
5281,31.723121857298295
5282,-17.752895462046602
5283,-78.55435032011717
5284,-145.39163871722147
5285,-204.6430973756488
5286,-231.16414659269117
5287,-209.65196893828565
5288,-131.62291016855045
5289,2.097856831337905
5290,117.49108272197759
5291,177.02227552929253
5292,260.95238039228985
5293,308.3613098603708
5294,251.06159071456113
5295,204.87184917130799
5296,88.96981600228355
5297,-14.83986850659407
5298,-56.624955475392255
5299,-115.05097313586195
5300,-129.7824842827713
5301,-85.46211704348852
5302,-12.600074103653094
5303,-66.27330385008277
5304,-80.36245633900224
5305,-59.56662269668465
5306,-52.85365892338128
5307,16.84777375320976
5308,65.97185908014238
5309,78.5279372961319
5310,113.76618797204844
5311,185.44541212715708
5312,237.45741109168515
5313,289.3624107995494
5314,269.911581104444
5315,208.363611011405
5316,100.13346490050058
5317,4.360230609543652
5318,-67.44972741136324
5319,-158.46478923953802
5320,-188.48100137990068
5321,-203.76231948129123
5322,-137.53544633031132
5323,-18.764459006980694
5324,90.23787404745948
5325,160.71474589545625
5326,157.86425321483804
5327,213.17315585150695
5328,184.62544035738685
5329,217.55914819814572
5330,161.4510205834573
5331,85.43120369391144
5332,36.22528249545085
5333,-28.041620412815927
5334,-0.5372501473734704
5335,-38.77116016294847
5336,-91.31441117105426
5337,-170.35481639843175
5338,-196.8015862644413
5339,-195.4582811024082
5340,-130.89035154772958
5341,-87.71973357054088
5342,-33.380420418439684
5343,80.47920554577892
5344,131.81269146220995
5345,226.50647579865816
5346,268.66598193556973
5347,229.06409069196522
5348,169.4252763243467
5349,83.20050391394011
5350,12.051471046438758
5351,-64.61977509129704
5352,-96.30656442096941
5353,-93.6952368285486
5354,-99.72101410049598
5355,-59.654568168088495
5356,-64.54777841091372
5357,-82.50756891823828
5358,-69.54535596782613
5359,-45.1866256287185
5360,-8.961363627281186
5361,53.91227571768283
5362,102.34093447886802
5363,145.79257935896592
5364,163.06720084211267
5365,202.04319264501237
5366,248.4759420329813
5367,196.72315238775417
5368,124.83232891860764
5369,94.63156810091651
5370,13.193187214157831
5371,-36.15246681298546
5372,-123.20065214265513
5373,-137.62492771272977
5374,-173.74469864910174
5375,-120.83793085086769
5376,-34.15422095577776
5377,30.3130626017077
5378,105.62943033232372
5379,163.19737229826683
5380,185.54209687455153
5381,187.09363321048355
5382,218.67695832383205
5383,148.30632202294174
5384,73.42539944701865
5385,10.779567876215339
5386,-37.141191002372274
5387,-45.694277121744825
5388,-68.97619190800347
5389,-108.60938684837541
5390,-158.91958388486026
5391,-154.7309012659286
5392,-176.2464094424613
5393,-118.80682856720249
5394,-91.36277701323725
5395,-4.770975787833648
5396,76.41833690958828
5397,114.21213672284279
5398,212.30725763907208
5399,223.73932682940446
5400,203.18234924473933
5401,151.05207047262925
5402,76.57202372296169
5403,17.174943352627977
5404,-58.8478852586141
5405,-100.16665643902019
5406,-119.13709708378265
5407,-104.27215554382835
5408,-81.24563600341638
5409,-86.73848058154971
5410,-56.41230508601823
5411,-15.400489467158936
5412,-42.552943380196446
5413,21.287397063155833
5414,52.84323077097563
5415,94.2376593057872
5416,123.18181434225113
5417,166.63492850790135
5418,159.10182545506493
5419,169.68936123991185
5420,137.55981724152153
5421,64.30115494654821
5422,31.0538364908713
5423,-23.623658293659688
5424,-35.98591350793689
5425,-93.47498738953607
5426,-110.97649996035882
5427,-139.98147244103703
5428,-108.67618204313371
5429,-38.96189380151191
5430,34.381304701083685
5431,82.73550077650572
5432,124.37020326332765
5433,147.05076837420526
5434,155.7422410743762
5435,174.6207028444562
5436,125.8359349375247
5437,52.23037099805374
5438,-21.558980640328073
5439,-60.22771846853396
5440,-83.5601474082986
5441,-93.10246767586523
5442,-136.3413785677714
5443,-151.23174213823862
5444,-149.38814734115877
5445,-134.6714915116613
5446,-77.99152386620604
5447,-78.29525562194247
5448,-4.424046388841788
5449,61.59405435799635
5450,102.18199794660337
5451,160.97030419536398
5452,194.57318249203507
5453,149.45017883242568
5454,85.09592653637824
5455,68.56928409265907
5456,-20.282526240813926
5457,-54.60599093309044
5458,-98.95946494590342
5459,-117.49509055345975
5460,-94.9163650167813
5461,-88.66716570001074
5462,-79.87841249457144
5463,-67.03473305561347
5464,-2.868953666326221
5465,-7.090967155069094
5466,59.79540976813166
5467,83.942549022398
5468,90.11875225330688
5469,84.32266858711117
5470,131.57785511659725
5471,118.15950272147596
5472,89.83986897626738
5473,87.05761294939373
5474,42.13264840076376
5475,7.081451152109632
5476,-27.217041391727214
5477,-38.896469209739735
5478,-75.61436531294444
5479,-75.52893705226111
5480,-121.20521217641334
5481,-76.71468154758328
5482,-33.749491384283665
5483,17.988412950196665
5484,59.636529481060414
5485,97.72096857653148
5486,128.0877766917745
5487,115.43208840213192
5488,143.00453122413148
5489,90.24026695290854
5490,37.648796234777784
5491,-39.64639267331972
5492,-57.34202590414975
5493,-92.61271701356195
5494,-106.96896245619355
5495,-110.48799763331012
5496,-154.11302974874488
5497,-119.67361203807364
5498,-111.05767029055716
5499,-61.669165566479705
5500,-23.17582109231074
5501,-0.3670305571405892
5502,59.24080261364784
5503,117.49695728005725
5504,133.41982388997604
5505,136.26280420482536
5506,118.75719387053097
5507,73.1676911985952
5508,37.1434265577152
5509,-6.957815562104139
5510,-49.99749313764393
5511,-84.35897107734557
5512,-65.13761083168613
5513,-62.916442978806664
5514,-59.430386104184585
5515,-52.40162263852791
5516,-46.33315033069669
5517,3.0991158764557865
5518,17.383491184968037
5519,46.776759701982684
5520,99.0643484249574
5521,91.46710174533747
5522,65.023923944088
5523,98.05208014623368
5524,79.12523383054214
5525,35.70894465200965
5526,29.600345860500255
5527,18.897646278721442
5528,-4.680536616956883
5529,-26.532676621094595
5530,-32.868874278036586
5531,-60.27306402386851
5532,-45.61722940318869
5533,-87.20431883155459
5534,-66.57464459397124
5535,-13.393274150089907
5536,6.408704975980123
5537,31.532111058591923
5538,61.32540463844605
5539,86.65654931131307
5540,72.97937178008051
5541,89.1405383848077
5542,60.931056686063926
5543,10.283359537649659
5544,-34.756940186150985
5545,-49.229577034516865
5546,-72.69711310818813
5547,-76.074578298921
5548,-82.568707359651
5549,-116.70796820310318
5550,-85.08247558077582
5551,-85.69927169912285
5552,-38.1187458287491
5553,-31.07172323937807
5554,17.114780361048414
5555,49.150501196557805
5556,69.46983225092563
5557,107.18176832615693
5558,85.80331345863061
5559,81.38032779498894
5560,57.05139403417753
5561,25.495802040268504
5562,-10.205366513792539
5563,-37.763824482870554
5564,-74.0480108219409
5565,-53.042328061533816
5566,-35.96798917030376
5567,-22.881621807909163
5568,-31.199260629922886
5569,-12.469611859792437
5570,23.807583032253422
5571,12.946845175643995
5572,64.42939832153813
5573,67.01971224791701
5574,64.85476351954512
5575,61.49182201646525
5576,81.3610958955817
5577,64.16635817218175
5578,32.98680421633847
5579,17.384814184085947
5580,-0.33286316409053396
5581,-1.2631430153819425
5582,-28.3604786632087
5583,-23.866424778124163
5584,-43.727449516581615
5585,-14.661559392163147
5586,-60.12195550613762
5587,-39.61647992095664
5588,-4.960917689403492
5589,7.590118797849488
5590,34.23054183247155
5591,47.714544148875525
5592,61.987228908656135
5593,65.00412212764817
5594,75.28690727974806
5595,42.744718847180415
5596,17.25526888436787
5597,-32.88644806308235
5598,-29.175946330761718
5599,-68.14079469067586
5600,-63.224335421405016
5601,-64.18831578399413
5602,-73.21992482327715
5603,-58.149937305282855
5604,-63.85744487685477
5605,-13.471544909886267
5606,-6.931617899589813
5607,18.28077937149724
5608,42.38573271442205
5609,56.9492964176404
5610,70.36084808892643
5611,68.07057739945932
5612,44.08455708795552
5613,26.96891307020877
5614,25.710817742760117
5615,-16.374037851548454
5616,-47.813374992996124
5617,-48.01437100141307
5618,-41.857634170977136
5619,-37.13450055718412
5620,-15.441776855726348
5621,-9.789101718520401
5622,5.199731079805819
5623,46.93852031400265
5624,40.17209036420949
5625,74.07092779051884
5626,74.56924538320462
5627,54.02097894077965
5628,45.26773137463123
5629,52.34623584879377
5630,46.562330681766014
5631,6.581767943720883
5632,-17.629419090886078
5633,-10.458745582048417
5634,-14.747465929512451
5635,-36.82194378419077
5636,-20.576824327031726
5637,-36.53995431013848
5638,-13.272274454323089
5639,-26.403548796111632
5640,-10.553315829160475
5641,-5.242850537131571
5642,4.740326997238191
5643,24.344821681260836
5644,38.030414804916596
5645,36.54983904167944
5646,38.243116420565606
5647,67.13038198660725
5648,40.87604702239326
5649,10.097950159972578
5650,-1.241906358740403
5651,-23.992428067788044
5652,-38.180044283734226
5653,-40.002046933109035
5654,-40.69100917822141
5655,-53.46429389051732
5656,-38.84880157468813
5657,-42.671958262732
5658,-8.840625461756348
5659,19.8707486834514
5660,36.57088964380676
5661,52.56649050864313
5662,44.07272343815632
5663,69.40548330015012
5664,51.324661749233435
5665,43.184872047513075
5666,33.99679222574749
5667,11.536750337860951
5668,-4.30609401614026
5669,-28.290906244764603
5670,-44.45893556428549
5671,-19.52121025305261
5672,-27.157820628589874
5673,-3.587255333931099
5674,-14.070438912323754
5675,27.09683953542814
5676,52.08130678677226
5677,45.36180450722882
5678,58.86773373021697
5679,64.4461731238777
5680,42.23677768084165
5681,35.84099261558236
5682,30.8200129474788
5683,30.04235765943017
5684,8.326342001756274
5685,-18.436822657691323
5686,-9.060597003823183
5687,-15.870089747911424
5688,-23.391469589757406
5689,-11.826621761590381
5690,-24.75199013674101
5691,-22.135059370118768
5692,-23.05412741276508
5693,-10.21586249723276
5694,-9.800650842739909
5695,7.260213159230215
5696,12.58233474600685
5697,27.41994972854988
5698,40.16837143998567
5699,40.039189132199006
5700,58.831609285023724
5701,43.429880796001555
5702,24.318554648366366
5703,0.8276624089711729
5704,-7.513792513008927
5705,-22.62137251066515
5706,-41.948135112705636
5707,-39.938057086651476
5708,-29.33546721667372
5709,-32.48403341802268
5710,-43.650098431267125
5711,3.828459141598412
5712,-0.5240075353651307
5713,36.51679644029382
5714,37.95416089999076
5715,35.50563585907832
5716,63.21099001806159
5717,50.40152482460021
5718,46.54753490628622
5719,35.27920322837162
5720,22.193348177197127
5721,-7.955172074433211
5722,-12.879862082871842
5723,-25.42363063182104
5724,-38.12753271636529
5725,-17.462251876465988
5726,-10.85117129929127
5727,-0.6801399306697763
5728,14.14538515699113
5729,54.833832306371455
5730,44.369178659696544
5731,63.38547865755343
5732,74.51729864076988
5733,47.891213759046025
5734,41.56641001845335
5735,53.443567263253954
5736,28.38915260184197
5737,16.9467877332367
5738,0.910746713153518
5739,-25.204755431693677
5740,-17.293729086350645
5741,-22.181344059820425
5742,-23.137207499680756
5743,-20.334927846390254
5744,-8.369310226560943
5745,-18.065479238856216
5746,7.038864782690034
5747,6.131494025004908
5748,7.971722826037094
5749,17.843095483867256
5750,24.332069514853934
5751,19.41813800327998
5752,35.03810985452787
5753,48.90232454536763
5754,51.424958903748234
5755,39.02231778008592
5756,25.628621717422867
5757,8.227755630810776
5758,-7.950174945178802
5759,-22.449802503537533
5760,-22.368440131069782
5761,-37.57007496486718
5762,-35.30024339045651
5763,-41.417573989448485
5764,-16.596625544483427
5765,-1.5012713335893035
5766,23.382218786222975
5767,10.503498915322261
5768,24.597755632412767
5769,49.978386054828235
5770,47.57024563342185
5771,41.66025082705425
5772,43.27828454796577
5773,27.269771247284037
5774,13.78123030858967
5775,7.956319083934709
5776,-26.976570614770534
5777,-7.921341474229336
5778,-15.382749114215178
5779,-12.95269967977608
5780,-7.535449779910112
5781,8.086634755974929
5782,23.943033453819858
5783,36.89581601584011
5784,48.76908224585531
5785,55.997961774620784
5786,60.981197903274655
5787,57.59860636350999
5788,49.91749928782291
5789,31.143756900063085
5790,8.302910237614006
5791,7.315915117262538
5792,-5.31953194183282
5793,-22.225540559656412
5794,-11.211287191477021
5795,-11.030974289930882
5796,-14.101108845110936
5797,-15.023960223875127
5798,-15.500856400286969
5799,1.219846336083208
5800,6.7809027718082255
5801,6.222795579992938
5802,9.993221090012254
5803,27.916093415714144
5804,26.517548219739236
5805,30.767018706297836
5806,59.81164460584734
5807,52.29858725430805
5808,38.066164060994375
5809,40.637279012645486
5810,10.19487172478729
5811,-7.420358010833701
5812,-0.7074122896029581
5813,-16.301054360275533
5814,-28.399126106989005
5815,-48.383751670283736
5816,-33.14845787018222
5817,-0.5223514645822497
5818,-3.7495154541713345
5819,24.430271116597435
5820,24.46390777721994
5821,30.713908381695987
5822,43.7256521398405
5823,36.98655446295211
5824,38.09817879386477
5825,35.13008925342011
5826,21.676559043994455
5827,17.594442336532385
5828,3.108952818178562
5829,6.9571739865082005
5830,-9.142256727634512
5831,-11.97129188177199
5832,-1.786345545981477
5833,-13.265509364059708
5834,-11.55861747268029
5835,8.608378972002557
5836,16.960062690908355
5837,26.459263157954855
5838,47.969064376418764
5839,49.69518719825807
5840,46.33247666628228
5841,57.28374514878433
5842,33.65764813386023
5843,14.329510598049232
5844,7.521917615424009
5845,2.634397337573479
5846,-0.4647567813428192
5847,-13.21916119301623
5848,-13.961929875317159
5849,-22.750662012815006
5850,-14.725928345997469
5851,-13.158017586653258
5852,-8.198843459786353
5853,-10.841661686856048
5854,-3.6318367852455915
5855,4.85119273879745
5856,12.755377018790094
5857,27.599515839251758
5858,28.60269996400935
5859,49.36785686348238
5860,39.84508291446327
5861,38.11613354219519
5862,31.053812415947547
5863,10.605638930861906
5864,7.4224163274999375
5865,-6.189180643241624
5866,-5.221528583164316
5867,-11.573081618998714
5868,-23.980593666989886
5869,-34.638536708283915
5870,-8.540519789306904
5871,-16.958578970355113
5872,16.049393798184806
5873,0.7163115680478082
5874,32.02690750563367
5875,36.08749392603686
5876,34.03751666658159
5877,42.70636997751622
5878,16.502521952537055
5879,31.234395372281323
5880,18.724756006748176
5881,2.0026894404467233
5882,16.35385601597277
5883,-8.868602807910737
5884,3.29450463719528
5885,6.472858616786304
5886,0.7816372396424689
5887,16.310129306012477
5888,8.686505223616495
5889,11.686446786994269
5890,32.31565457049125
5891,34.50924243150414
5892,38.90818507754316
5893,47.82806727832423
5894,41.37897265952376
5895,26.683782922790904
5896,21.47549735976811
5897,21.803247613084046
5898,-2.4321982863734073
5899,-6.328159874829574
5900,-2.3272647593833455
5901,-10.800617979548338
5902,-15.815365242011572
5903,-12.044633280001674
5904,-6.950960399210831
5905,-8.161716133171096
5906,-2.797641042927038
5907,1.8149671003337156
5908,10.999184167388652
5909,8.0121822332838
5910,17.85736685116319
5911,26.943311035892446
5912,23.97489149141458
5913,24.73232641887811
5914,19.519602575193474
5915,18.124595784764914
5916,13.996006721574886
5917,6.308003224533671
5918,9.142098150993638
5919,2.012708117785008
5920,-14.722521335758008
5921,-20.179191717452024
5922,-16.628418797195035
5923,-17.215067822018586
5924,-8.019355885742566
5925,-0.9856366583648842
5926,1.9929005694016342
5927,22.04628119291856
5928,17.87280248190312
5929,29.98604011894463
5930,19.100131301411913
5931,21.89647608309597
5932,23.439628019618812
5933,6.0069416336297445
5934,8.912264470409134
5935,-8.933534414345162
5936,-2.613286678838362
5937,-2.9457470323108663
5938,-3.936463082547419
5939,3.197503385641684
5940,4.350846245722733
5941,13.688171598972149
5942,22.928327290123285
5943,28.163258230122594
5944,27.129549145565175
5945,37.36153307681628
5946,19.085146670373856
5947,36.118175267908754
5948,16.11163409469964
5949,10.499159718086682
5950,16.232691509282272
5951,-2.3824254960063187
5952,3.293462881315099
5953,-10.230362886039302
5954,-12.406612003829638
5955,-14.441665639812285
5956,-18.643065983787263
5957,-7.673613672498916
5958,-4.757289982091233
5959,-2.9118826916194327
5960,4.328548359108082
5961,15.274682287454498
5962,15.735169842182572
5963,22.88846540855563
5964,6.413549670361328
5965,31.121691620680853
5966,15.148853303378601
5967,10.033009377126046
5968,21.14824123384926
5969,3.315174115445002
5970,9.400684080922167
5971,9.306921532418416
5972,0.5202674557205468
5973,-4.684903737105
5974,-15.275856074305727
5975,-5.395696522756392
5976,-12.913550630561208
5977,-4.327251356326778
5978,-8.075661758823756
5979,0.17875317460646933
5980,16.542120631876767
5981,10.68198763478673
5982,21.611848020014964
5983,24.836523193545073
5984,16.124866551068866
5985,23.203860459234974
5986,24.50358350791615
5987,3.7326229380432814
5988,9.942907624647022
5989,-4.065151796041679
5990,-12.31949999403136
5991,4.4203907414117944
5992,-5.890660545665907
5993,1.5226711860605189
5994,9.238515771562357
5995,18.568291999295663
5996,19.577901213167188
5997,27.477299130396826
5998,26.454118658773368
5999,28.890838790029647
6000,24.027812838672848
6001,16.599915372849605
6002,10.572688063795004
6003,3.7965992710840375
6004,11.022448753284436
6005,0.8886362802812499
6006,-5.860113995328679
6007,-2.7374697345222656
6008,-7.751723322347357
6009,-11.347856077267611
6010,-11.202732390556909
6011,-5.548403814856131
6012,1.7306847803043788
6013,-6.744437053519828
6014,5.661717751438359
6015,11.183492363794741
6016,12.9235290866174
6017,16.47933813114617
6018,8.676676761398936
6019,27.92144368735908
6020,12.306961052454767
6021,-0.7835567675720303
6022,10.45349120652368
6023,13.907044257858503
6024,-0.9787649728243023
6025,-2.1845618764697927
6026,0.7779745317704124
6027,-3.8403505885963996
6028,-1.039396594033451
6029,4.425844170445541
6030,4.898265524556298
6031,-2.863301047515966
6032,3.3212142763220482
6033,14.78882491681243
6034,6.504806086561317
6035,15.033982502888326
6036,22.385403550109785
6037,18.11536550392665
6038,19.64252814896851
6039,14.772083577717796
6040,15.701295870233984
6041,8.20155467772163
6042,3.0377332207365177
6043,0.9490839902762724
6044,-9.805261712002892
6045,-6.28183168669305
6046,6.413331380878226
6047,3.5281501205582546
6048,14.768777279194618
6049,22.518383672837043
6050,26.287044025249703
6051,20.191465064146012
6052,19.842744760275995
6053,15.308605032444097
6054,19.870933756724206
6055,6.85741659579212
6056,11.097668054570022
6057,11.518712126359034
6058,2.8409127590027365
6059,6.256494884189995
6060,-2.8918841910811333
6061,12.652614620865204
6062,15.843233838201465
6063,-2.810603837733239
6064,-0.35631651243606205
6065,4.788696572709031
6066,3.9099075936602827
6067,5.52425949290051
6068,5.069694784536871
6069,3.401782698296896
6070,15.230825855149632
6071,6.703267902773195
6072,14.021885082947334
6073,16.74526369309589
6074,4.294250902704927
6075,9.465627397131398
6076,2.9416511760068125
6077,4.887818128023654
6078,4.225242871625734
6079,3.1637034511223234
6080,0.7504077708589638
6081,7.489123842040683
6082,-5.835988725421977
6083,-7.73767119067682
6084,2.3493202594798004
6085,9.87707833222436
6086,-0.7167848118755072
6087,15.437445162283106
6088,14.820335546583886
6089,11.983875337574666
6090,15.51881401290067
6091,10.269869221432957
6092,22.473684594008503
6093,17.644668106436022
6094,4.595946041755469
6095,8.564776509933049
6096,-1.7243135438020267
6097,-4.909655431296083
6098,2.9079007109137156
6099,6.0260884464848345
6100,7.227811560899533
6101,11.633373368836137
6102,20.69783924880101
6103,19.384010424526537
6104,21.964054713344
6105,19.786347995950262
6106,23.477644002906935
6107,27.403817532616603
6108,8.951854474619552
6109,20.179891668974182
6110,14.630237240920499
6111,5.075854138490903
6112,7.902831994579908
6113,-1.2471455020561957
6114,7.308707714093529
6115,1.4114029109354334
6116,-1.9013642872430847
6117,11.49281707903519
6118,-1.1513786660671903
6119,7.762774053768282
6120,2.031760062723501
6121,6.144502630165788
6122,9.228420214773346
6123,6.0026085423285025
6124,12.02815489082793
6125,14.452140025171653
6126,8.802217159962867
6127,16.81025110680362
6128,0.5037961765302247
6129,10.418618192065544
6130,1.0555391353491614
6131,1.4474423161403112
6132,5.383925243687672
6133,3.974292840217035
6134,-2.721687704829377
6135,-1.277201759864713
6136,2.4266961225272228
6137,-1.868237558277735
6138,9.209176809942873
6139,9.858830545403691
6140,15.328931004133217
6141,11.837348481228963
6142,21.76779111392626
6143,15.909621426806389
6144,14.350259657537514
6145,22.121221523153515
6146,13.03872701552185
6147,7.195690206558474
6148,10.838651826245322
6149,0.8891749781221719
6150,3.3210621130542437
6151,11.076181672737725
6152,-2.9869935406862216
6153,-0.10615745611187834
6154,7.670739813396053
6155,13.89509235125812
6156,4.467677767113801
6157,17.111786424138785
6158,21.955576329038607
6159,13.116152514516846
6160,24.668055756649437
6161,18.805380233809416
6162,10.439290475084183
6163,18.774428974354684
6164,6.679067960131816
6165,4.140372144797831
6166,2.0796659002793505
6167,-2.3808969073221187
6168,7.743524341634229
6169,-5.0989875932410085
6170,5.043913583051128
6171,-14.282597405461111
6172,-1.0603368031780058
6173,4.886404941595387
6174,1.3821105113225365
6175,2.948800566358976
6176,20.048461580693072
6177,-3.4753254482245373
6178,17.646207141248183
6179,10.355496760004998
6180,7.327062163441316
6181,9.562839712058048
6182,6.838972716787015
6183,8.473743091797802
6184,12.164956015243463
6185,6.0041486265467325
6186,4.283025799644807
6187,8.912346458750218
6188,3.9965019556790304
6189,2.6937696049436277
6190,6.261943003178818
6191,6.991096161369147
6192,10.724032623754814
6193,5.698292970734007
6194,11.939075583632542
6195,5.986767962745237
6196,17.855745194855125
6197,14.314483504930985
6198,18.87051565970402
6199,9.240044827879215
6200,6.281226239006435
6201,7.3002799430769985
6202,7.562381741077831
6203,-3.0105937933283218
6204,-0.5429841516930545
6205,2.011995111604709
6206,9.855144666983685
6207,7.955819276404369
6208,14.324991185760467
6209,10.80847815449638
6210,9.973169839262715
6211,3.4688177160214138
6212,15.772456150377659
6213,15.091457521314581
6214,13.271013685802064
6215,13.819184711293117
6216,13.483200521776489
6217,12.334506237981637
6218,5.326607413326214
6219,12.792003346093015
6220,9.871308765921343
6221,11.572919646545293
6222,2.932772707521555
6223,-0.5310825851205463
6224,2.1336064652240188
6225,0.8772349263453533
6226,7.140210305059358
6227,-2.7066699816238464
6228,1.4450998963537067
6229,7.413864357464274
6230,-0.6741001914135998
6231,14.04667638519294
6232,8.011237767813228
6233,9.39750646125688
6234,0.9445364323602465
6235,12.513287520676302
6236,-0.38534075515357247
6237,9.002169369938636
6238,4.477263312075944
6239,7.8434035029489415
6240,1.6071538001906658
6241,1.3771092556175748
6242,9.982303597010175
6243,4.268927056613916
6244,0.47947406945894233
6245,13.093196802237088
6246,1.7868822452089854
6247,9.20477857371632
6248,6.901965732968579
6249,2.795113668169135
6250,6.260829867471126
6251,6.7543233247710885
6252,9.048889080444674
6253,7.613160054809492
6254,-2.687774787573119
6255,-2.495736654292577
6256,7.902400597255037
6257,-8.654928661453697
6258,5.673392705923807
6259,2.0463822084691494
6260,3.349795072852342
6261,6.133766715722772
6262,2.207377935168245
6263,12.071522262108605
6264,6.219977929986389
6265,14.703152445455023
6266,10.448826770059112
6267,16.37642937938155
6268,6.40914029189436
6269,7.577436761534087
6270,11.104186088856057
6271,8.478570822284441
6272,6.613709556146876
6273,7.298937142424969
6274,9.207624639793893
6275,7.266704952041189
6276,11.104680224483412
6277,10.39906304645366
6278,9.620242828794597
6279,10.839832964075352
6280,0.8094463302145769
6281,2.597522238295326
6282,4.223305638413511
6283,10.608401481941783
6284,0.7607305374276516
6285,6.990880154144411
6286,8.155370308521363
6287,6.221006789864075
6288,10.87392522206622
6289,6.812261681071723
6290,6.598177454307821
6291,15.67063014338777
6292,13.781349940477924
6293,4.719613927574504
6294,6.191006703232127
6295,2.1816812217709614
6296,13.843641791591665
6297,9.951374106125577
6298,0.4493942818735118
6299,17.50875576916637
6300,9.91014742485965
6301,13.368554233024446
6302,4.515864447265885
6303,10.80134326121483
6304,15.124226175336641
6305,2.680130034933141
6306,9.164974334657051
6307,0.7652479843678854
6308,10.961797558491162
6309,1.7639785115156872
6310,5.261123536834743
6311,5.9428545281621945
6312,-0.9795279435855643
6313,3.887244767551063
6314,4.559576603715448
6315,-0.26655087373963987
6316,1.5781310002007274
6317,13.780076358727547
6318,6.703093919154003
6319,5.973339578143738
6320,11.61190748717034
6321,6.708126074568885
6322,11.371473443665728
6323,5.164827244477593
6324,-0.026494337124857558
6325,7.059989952039538
6326,4.186440823072756
6327,6.03415384565122
6328,2.137899551710677
6329,0.3026550719188288
6330,9.265114876628534
6331,4.382929453004653
6332,10.511874993713116
6333,10.997093752058431
6334,2.2658180013072124
6335,5.962366464583211
6336,13.394233433695135
6337,4.620105760728111
6338,4.778724400365218
6339,7.605384432793747
6340,9.585084619928152
6341,1.2444114483799484
6342,-4.928445903587017
6343,6.088516437056065
6344,2.3972010526101633
6345,6.249510007850057
6346,7.170602203352021
6347,6.721030573574389
6348,6.015265436033893
6349,8.797829583541775
6350,2.478685167051542
6351,12.062907577750725
6352,6.84321425499886
6353,0.7073986376565077
6354,8.249529633848232
6355,5.609126721421944
6356,2.078536741686217
6357,3.108558551573669
6358,10.579971875183697
6359,1.3014619504934057
6360,4.109984361995687
6361,4.799234064107218
6362,-0.9015347584953001
6363,6.854523316334017
6364,0.5586014163325086
6365,3.5477237470802176
6366,10.418371529432967
6367,-0.16017099571483728
6368,10.608868669898099
6369,2.456570317294103
6370,2.1399546334422417
6371,9.101230834215748
6372,1.6783128019042015
6373,9.362653993846923
6374,2.9781537649105685
6375,4.384259641789287
6376,5.909479081602872
6377,5.096296282389278
6378,2.824155924103697
6379,4.744508398256929
6380,6.770267538598691
6381,9.955244860033044
6382,6.239829664618368
6383,7.464599038938114
6384,7.654122435884169
6385,8.697662460247795
6386,11.961924354143482
6387,-1.7828664698135455
6388,5.3144849574183635
6389,4.505687672840163
6390,3.9730581357480195
6391,-1.7745020491075554
6392,6.433369153739952
6393,-1.0237490576292956
6394,-1.1606495032784712
6395,-0.582200772671923
6396,-3.1811641116540517
6397,-1.2808542983683946
6398,0.27529758160153683
6399,-3.618230765213802
6400,3.0820170838029366
6401,6.147195420737254
6402,-0.7807693827997937
6403,2.8781066746955615
6404,5.797648482684282
6405,3.543617654601402
6406,7.387413457458215
6407,4.891369909957178
6408,0.3334785121036026
6409,-0.7992145027768046
6410,1.3512422645825979
6411,0.5429333496758428
6412,-5.599942979626971
6413,-0.5410615146461006
6414,-1.9475878251019212
6415,1.6881627588749952
6416,0.9732348986997601
6417,-0.15409279359261566
6418,0.8791066134834167
6419,-1.7674892195344858
6420,5.8131279931772175
6421,5.669204915531343
6422,5.95047571695518
6423,9.81452728170522
6424,1.6449585808608376
6425,4.065332918079717
6426,3.4751809841761285
6427,1.5854351919530176
6428,4.458235303309655
6429,3.8745646791452195
6430,-6.2291759634274015
6431,1.3379762991318143
6432,4.512651696249769
6433,2.7439895952274598
6434,7.957969156338716
6435,7.263064012467848
6436,12.62695252709572
6437,0.29211430590079707
6438,6.762136686540322
6439,11.539085896939127
6440,-3.4848246729674006
6441,4.80826201259156
6442,1.3195803155431511
6443,7.5051744126786035
6444,2.6699628461772305
6445,2.4940114996081197
6446,-1.9087603890207911
6447,7.525339707837803
6448,-2.739331734645766
6449,2.4403380706688282
6450,-1.922733017228479
6451,7.305313978745966
6452,-2.8234346879120755
6453,4.378860164750527
6454,2.1483666935252757
6455,8.156783787430463
6456,4.115543135578387
6457,4.196919297124183
6458,5.280106197507644
6459,7.366030545655661
6460,4.294134383729913
6461,6.970247040743937
6462,3.8989750236645215
6463,7.578179801600118
6464,0.7532323376109725
6465,11.65784735428012
6466,-3.3188138255275637
6467,-0.37299613923640107
6468,1.38087558658708
6469,-0.34216695306466316
6470,9.96683271089552
6471,1.3372516043577276
6472,5.293191709097945
6473,3.6840343666118303
6474,5.972494052270054
6475,6.384360178027507
6476,-2.586790131809616
6477,6.765032401970031
6478,8.068582051487194
6479,0.6859843080755262
6480,10.535356461015251
6481,3.2719198636127875
6482,-0.12586817803209752
6483,-0.23035604160647913
6484,-0.5363704111149227
6485,2.4983575447818405
6486,1.7606202352723865
6487,-3.7130358298969024
6488,1.464433935299038
6489,-1.0879841543768358
6490,4.09518665761108
6491,3.50347053281787
6492,-0.11950766192283307
6493,3.8557589041733595
6494,3.418398663763799
6495,-2.880441959684218
6496,6.027140450433229
6497,-2.5332892000561613
6498,6.390217574617033
6499,1.8441839100259274
6500,-3.8985260007437366
6501,1.3689332094158067
6502,0.6782240046702019
6503,-3.290719000419929
6504,8.470549493558702
6505,1.3648375012053777
6506,-2.3019635204323956
6507,6.4060915290336515
6508,6.16884368917468
6509,3.2064311354420405
6510,5.594214360635574
6511,-0.771588028046359
6512,8.58076662572509
6513,1.2829090249035104
6514,3.435217150080186
6515,0.24550957631354167
6516,2.7571751230380226
6517,7.485167786634485
6518,-0.8567140129485169
6519,6.032638307550943
6520,4.544899034614717
6521,-3.669838522563954
6522,7.532723146342364
6523,-0.1719737054668571
6524,-0.7944047012475253
6525,5.859887906598964
6526,3.802331751053183
6527,4.951845799749718
6528,1.3491362655956207
6529,7.4806330505225604
6530,4.808430116474914
6531,2.375435735512742
6532,6.409949961789898
6533,3.542049587425785
6534,5.075869422226068
6535,1.120943982215092
6536,-2.1330329585225476
6537,6.795011795282911
6538,-3.5750967360258765
6539,5.762853730455021
6540,2.9822009928137825
6541,4.373975587447194
6542,6.325912939422106
6543,8.41328857234133
6544,-0.2923518820010368
6545,1.5847110597332035
6546,8.567435149954484
6547,-3.1826149536696713
6548,4.716898882195392
6549,0.7774568399972149
6550,-1.2780254830352034
6551,5.663319745863072
6552,-3.4706156168590963
6553,4.253181039657821
6554,1.3773074431922383
6555,0.3480398888635524
6556,-2.608312896823599
6557,-1.9872876379078688
6558,0.28068078351534076
6559,0.7185419493079204
6560,9.985531625409779
6561,0.8177372368148494
6562,-0.5801047573474354
6563,11.309857741807402
6564,-1.1328317147222011
6565,4.555666543088908
6566,6.898299591106604
6567,-2.8417222070236883
6568,4.461482109410753
6569,-2.783031613865194
6570,2.94382737124155
6571,0.5198919919698461
6572,-0.1138081442441998
6573,4.254114772847398
6574,-2.6043999288546686
6575,1.8709906634690057
6576,1.87448423875176
6577,-0.6660139805322928
6578,7.170274116699908
6579,1.3637673470424614
6580,1.980729717282954
6581,7.774204278437037
6582,1.2652224555657032
6583,6.037688132741925
6584,6.68691666384764
6585,-0.13516910794834724
6586,6.45129996845292
6587,0.28331039718550866
6588,4.371815094267624
6589,1.1391148284474182
6590,1.7443696500980976
6591,1.256611836604628
6592,2.670471712519255
6593,4.958900398864606
6594,5.838533074603553
6595,4.8487491380021694
6596,1.63824303302332
6597,10.714428577537639
6598,9.051164023122459
6599,0.8742464678780292
6600,2.4599509325548805
6601,4.908402071476242
6602,8.02281401004
6603,0.2542695278454821
6604,2.46202778078248
6605,4.426463323122141
6606,5.718383084342036
6607,-1.785924947019412
6608,3.6358718004705852
6609,5.670347424122758
6610,0.14476309946046576
6611,2.1272128405329678
6612,6.763169714006464
6613,-1.8289474045117875
6614,6.002141910867027
6615,4.431216025884156
6616,6.4614017589080985
6617,4.7681209600570975
6618,-1.8492625821228381
6619,5.5617825595607
6620,4.4455309507770195
6621,7.3465535908008155
6622,7.92710960099624
6623,0.5156480097651626
6624,4.960283813910472
6625,1.261818807626766
6626,1.2180757200232701
6627,-0.5335943031167051
6628,6.640143967256974
6629,2.822563230200371
6630,0.47502678793090536
6631,10.59983060253358
6632,3.389501408213352
6633,6.676054058118846
6634,12.922718540262299
6635,4.353090837926197
6636,5.561938375425809
6637,8.051861129808843
6638,7.35363560448106
6639,4.014741098216027
6640,9.739273520111038
6641,-0.17329567221197334
6642,-0.32922235284514395
6643,6.9252909346857185
6644,-4.558219624555478
6645,5.006170733957255
6646,-1.3407736702580824
6647,-0.23359414167199677
6648,4.234135879426585
6649,0.30032661012145406
6650,7.010778862459931
6651,4.673740503129065
6652,0.7519540073419207
6653,3.2155028165439443
6654,-0.3929978226888076
6655,5.877052776698455
6656,2.6930862191193086
6657,0.23346596809971482
6658,2.7954785018329638
6659,3.2364751772410476
6660,-6.398267425854172
6661,-3.4789180713802796
6662,-0.933144288982592
6663,1.7057044892581519
6664,2.5089001346936293
6665,3.085985297868613
6666,0.937989507942805
6667,0.0
6668,0.0
6669,0.0
6670,0.0
6671,0.0
6672,0.0
6673,0.0
6674,0.0
6675,0.0
6676,0.0
6677,0.0
6678,0.0
6679,0.0
6680,0.0
6681,0.0
6682,0.0
6683,0.0
6684,0.0
6685,0.0
6686,0.0
6687,0.0
6688,0.0
6689,0.0
6690,0.0
6691,0.0
6692,0.0
6693,0.0
6694,0.0
6695,0.0
6696,0.0
6697,0.0
6698,0.0
6699,0.0
6700,0.0
6701,0.0
6702,0.0
6703,0.0
6704,0.0
6705,0.0
6706,0.0
6707,0.0
6708,0.0
6709,0.0
6710,0.0
6711,0.0
6712,0.0
6713,0.0
6714,0.0
6715,0.0
6716,0.0
6717,0.0
6718,0.0
6719,0.0
6720,0.0
6721,0.0
6722,0.0
6723,0.0
6724,0.0
6725,0.0
6726,0.0
6727,0.0
6728,0.0
6729,0.0
6730,0.0
6731,0.0
6732,0.0
6733,0.0
6734,0.0
6735,0.0
6736,0.0
6737,0.0
6738,0.0
6739,0.0
6740,0.0
6741,0.0
6742,0.0
6743,0.0
6744,0.0
6745,0.0
6746,0.0
6747,0.0
6748,0.0
6749,0.0
6750,0.0
6751,0.0
6752,0.0
6753,0.0
6754,0.0
6755,0.0
6756,0.0
6757,0.0
6758,0.0
6759,0.0
6760,0.0
6761,0.0
6762,0.0
6763,0.0
6764,0.0
6765,0.0
6766,0.0
6767,0.0
6768,0.0
6769,0.0
6770,0.0
6771,0.0
6772,0.0
6773,0.0
6774,0.0
6775,0.0
6776,0.0
6777,0.0
6778,0.0
6779,0.0
6780,0.0
6781,0.0
6782,0.0
6783,0.0
6784,0.0
6785,0.0
6786,0.0
6787,0.0
6788,0.0
6789,0.0
6790,0.0
6791,0.0
6792,0.0
6793,0.0
6794,0.0
6795,0.0
6796,0.0
6797,0.0
6798,0.0
6799,0.0
6800,0.0
6801,0.0
6802,0.0
6803,0.0
6804,0.0
6805,0.0
6806,0.0
6807,0.0
6808,0.0
6809,0.0
6810,0.0
6811,0.0
6812,0.0
6813,0.0
6814,0.0
6815,0.0
6816,0.0
6817,0.0
6818,0.0
6819,0.0
6820,0.0
6821,0.0
6822,0.0
6823,0.0
6824,0.0
6825,0.0
6826,0.0
6827,0.0
6828,0.0
6829,0.0
6830,0.0
6831,0.0
6832,0.0
6833,0.0
6834,0.0
6835,0.0
6836,0.0
6837,0.0
6838,0.0
6839,0.0
6840,0.0
6841,0.0
6842,0.0
6843,0.0
6844,0.0
6845,0.0
6846,0.0
6847,0.0
6848,0.0
6849,0.0
6850,0.0
6851,0.0
6852,0.0
6853,0.0
6854,0.0
6855,0.0
6856,0.0
6857,0.0
6858,0.0
6859,0.0
6860,0.0
6861,0.0
6862,0.0
6863,0.0
6864,0.0
6865,0.0
6866,0.0
6867,0.0
6868,0.0
6869,0.0
6870,0.0
6871,0.0
6872,0.0
6873,0.0
6874,0.0
6875,0.0
6876,0.0
6877,0.0
6878,0.0
6879,0.0
6880,0.0
6881,0.0
6882,0.0
6883,0.0
6884,0.0
6885,0.0
6886,0.0
6887,0.0
6888,0.0
6889,0.0
6890,0.0
6891,0.0
6892,0.0
6893,0.0
6894,0.0
6895,0.0
6896,0.0
6897,0.0
6898,0.0
6899,0.0
6900,0.0
6901,0.0
6902,0.0
6903,0.0
6904,0.0
6905,0.0
6906,0.0
6907,0.0
6908,0.0
6909,0.0
6910,0.0
6911,0.0
6912,0.0
6913,0.0
6914,0.0
6915,0.0
6916,0.0
6917,0.0
6918,0.0
6919,0.0
6920,0.0
6921,0.0
6922,0.0
6923,0.0
6924,0.0
6925,0.0
6926,0.0
6927,0.0
6928,0.0
6929,0.0
6930,0.0
6931,0.0
6932,0.0
6933,0.0
6934,0.0
6935,0.0
6936,0.0
6937,0.0
6938,0.0
6939,0.0
6940,0.0
6941,0.0
6942,0.0
6943,0.0
6944,0.0
6945,0.0
6946,0.0
6947,0.0
6948,0.0
6949,0.0
6950,0.0
6951,0.0
6952,0.0
6953,0.0
6954,0.0
6955,0.0
6956,0.0
6957,0.0
6958,0.0
6959,0.0
6960,0.0
6961,0.0
6962,0.0
6963,0.0
6964,0.0
6965,0.0
6966,0.0
6967,0.0
6968,0.0
6969,0.0
6970,0.0
6971,0.0
6972,0.0
6973,0.0
6974,0.0
6975,0.0
6976,0.0
6977,0.0
6978,0.0
6979,0.0
6980,0.0
6981,0.0
6982,0.0
6983,0.0
6984,0.0
6985,0.0
6986,0.0
6987,0.0
6988,0.0
6989,0.0
6990,0.0
6991,0.0
6992,0.0
6993,0.0
6994,0.0
6995,0.0
6996,0.0
6997,0.0
6998,0.0
6999,0.0
7000,0.0
7001,0.0
7002,0.0
7003,0.0
7004,0.0
7005,0.0
7006,0.0
7007,0.0
7008,0.0
7009,0.0
7010,0.0
7011,0.0
7012,0.0
7013,0.0
7014,0.0
7015,0.0
7016,0.0
7017,0.0
7018,0.0
7019,0.0
7020,0.0
7021,0.0
7022,0.0
7023,0.0
7024,0.0
7025,0.0
7026,0.0
7027,0.0
7028,0.0
7029,0.0
7030,0.0
7031,0.0
7032,0.0
7033,0.0
7034,0.0
7035,0.0
7036,0.0
7037,0.0
7038,0.0
7039,0.0
7040,0.0
7041,0.0
7042,0.0
7043,0.0
7044,0.0
7045,0.0
7046,0.0
7047,0.0
7048,0.0
7049,0.0
7050,0.0
7051,0.0
7052,0.0
7053,0.0
7054,0.0
7055,0.0
7056,0.0
7057,0.0
7058,0.0
7059,0.0
7060,0.0
7061,0.0
7062,0.0
7063,0.0
7064,0.0
7065,0.0
7066,0.0
7067,0.0
7068,0.0
7069,0.0
7070,0.0
7071,0.0
7072,0.0
7073,0.0
7074,0.0
7075,0.0
7076,0.0
7077,0.0
7078,0.0
7079,0.0
7080,0.0
7081,0.0
7082,0.0
7083,0.0
7084,0.0
7085,0.0
7086,0.0
7087,0.0
7088,0.0
7089,0.0
7090,0.0
7091,0.0
7092,0.0
7093,0.0
7094,0.0
7095,0.0
7096,0.0
7097,0.0
7098,0.0
7099,0.0
7100,0.0
7101,0.0
7102,0.0
7103,0.0
7104,0.0
7105,0.0
7106,0.0
7107,0.0
7108,0.0
7109,0.0
7110,0.0
7111,0.0
7112,0.0
7113,0.0
7114,0.0
7115,0.0
7116,0.0
7117,0.0
7118,0.0
7119,0.0
7120,0.0
7121,0.0
7122,0.0
7123,0.0
7124,0.0
7125,0.0
7126,0.0
7127,0.0
7128,0.0
7129,0.0
7130,0.0
7131,0.0
7132,0.0
7133,0.0
7134,0.0
7135,0.0
7136,0.0
7137,0.0
7138,0.0
7139,0.0
7140,0.0
7141,0.0
7142,0.0
7143,0.0
7144,0.0
7145,0.0
7146,0.0
7147,0.0
7148,0.0
7149,0.0
7150,0.0
7151,0.0
7152,0.0
7153,0.0
7154,0.0
7155,0.0
7156,0.0
7157,0.0
7158,0.0
7159,0.0
7160,0.0
7161,0.0
7162,0.0
7163,0.0
7164,0.0
7165,0.0
7166,0.0
7167,0.0
7168,0.0
7169,0.0
7170,0.0
7171,0.0
7172,0.0
7173,0.0
7174,0.0
7175,0.0
7176,0.0
7177,0.0
7178,0.0
7179,0.0
7180,0.0
7181,0.0
7182,0.0
7183,0.0
7184,0.0
7185,0.0
7186,0.0
7187,0.0
7188,0.0
7189,0.0
7190,0.0
7191,0.0
7192,0.0
7193,0.0
7194,0.0
7195,0.0
7196,0.0
7197,0.0
7198,0.0
7199,0.0
7200,0.0
7201,0.0
7202,0.0
7203,0.0
7204,0.0
7205,0.0
7206,0.0
7207,0.0
7208,0.0
7209,0.0
7210,0.0
7211,0.0
7212,0.0
7213,0.0
7214,0.0
7215,0.0
7216,0.0
7217,0.0
7218,0.0
7219,0.0
7220,0.0
7221,0.0
7222,0.0
7223,0.0
7224,0.0
7225,0.0
7226,0.0
7227,0.0
7228,0.0
7229,0.0
7230,0.0
7231,0.0
7232,0.0
7233,0.0
7234,0.0
7235,0.0
7236,0.0
7237,0.0
7238,0.0
7239,0.0
7240,0.0
7241,0.0
7242,0.0
7243,0.0
7244,0.0
7245,0.0
7246,0.0
7247,0.0
7248,0.0
7249,0.0
7250,0.0
7251,0.0
7252,0.0
7253,0.0
7254,0.0
7255,0.0
7256,0.0
7257,0.0
7258,0.0
7259,0.0
7260,0.0
7261,0.0
7262,0.0
7263,0.0
7264,0.0
7265,0.0
7266,0.0
7267,0.0
7268,0.0
7269,0.0
7270,0.0
7271,0.0
7272,0.0
7273,0.0
7274,0.0
7275,0.0
7276,0.0
7277,0.0
7278,0.0
7279,0.0
7280,0.0
7281,0.0
7282,0.0
7283,0.0
7284,0.0
7285,0.0
7286,0.0
7287,0.0
7288,0.0
7289,0.0
7290,0.0
7291,0.0
7292,0.0
7293,0.0
7294,0.0
7295,0.0
7296,0.0
7297,0.0
7298,0.0
7299,0.0
7300,0.0
7301,0.0
7302,0.0
7303,0.0
7304,0.0
7305,0.0
7306,0.0
7307,0.0
7308,0.0
7309,0.0
7310,0.0
7311,0.0
7312,0.0
7313,0.0
7314,0.0
7315,0.0
7316,0.0
7317,0.0
7318,0.0
7319,0.0
7320,0.0
7321,0.0
7322,0.0
7323,0.0
7324,0.0
7325,0.0
7326,0.0
7327,0.0
7328,0.0
7329,0.0
7330,0.0
7331,0.0
7332,0.0
7333,0.0
7334,0.0
7335,0.0
7336,0.0
7337,0.0
7338,0.0
7339,0.0
7340,0.0
7341,0.0
7342,0.0
7343,0.0
7344,0.0
7345,0.0
7346,0.0
7347,0.0
7348,0.0
7349,0.0
7350,0.0
7351,0.0
7352,0.0
7353,0.0
7354,0.0
7355,0.0
7356,0.0
7357,0.0
7358,0.0
7359,0.0
7360,0.0
7361,0.0
7362,0.0
7363,0.0
7364,0.0
7365,0.0
7366,0.0
7367,0.0
7368,0.0
7369,0.0
7370,0.0
7371,0.0
7372,0.0
7373,0.0
7374,0.0
7375,0.0
7376,0.0
7377,0.0
7378,0.0
7379,0.0
7380,0.0
7381,0.0
7382,0.0
7383,0.0
7384,0.0
7385,0.0
7386,0.0
7387,0.0
7388,0.0
7389,0.0
7390,0.0
7391,0.0
7392,0.0
7393,0.0
7394,0.0
7395,0.0
7396,0.0
7397,0.0
7398,0.0
7399,0.0
7400,0.0
7401,0.0
7402,0.0
7403,0.0
7404,0.0
7405,0.0
7406,0.0
7407,0.0
7408,0.0
7409,0.0
7410,0.0
7411,0.0
7412,0.0
7413,0.0
7414,0.0
7415,0.0
7416,0.0
7417,0.0
7418,0.0
7419,0.0
7420,0.0
7421,0.0
7422,0.0
7423,0.0
7424,0.0
7425,0.0
7426,0.0
7427,0.0
7428,0.0
7429,0.0
7430,0.0
7431,0.0
7432,0.0
7433,0.0
7434,0.0
7435,0.0
7436,0.0
7437,0.0
7438,0.0
7439,0.0
7440,0.0
7441,0.0
7442,0.0
7443,0.0
7444,0.0
7445,0.0
7446,0.0
7447,0.0
7448,0.0
7449,0.0
7450,0.0
7451,0.0
7452,0.0
7453,0.0
7454,0.0
7455,0.0
7456,0.0
7457,0.0
7458,0.0
7459,0.0
7460,0.0
7461,0.0
7462,0.0
7463,0.0
7464,0.0
7465,0.0
7466,0.0
7467,0.0
7468,0.0
7469,0.0
7470,0.0
7471,0.0
7472,0.0
7473,0.0
7474,0.0
7475,0.0
7476,0.0
7477,0.0
7478,0.0
7479,0.0
7480,0.0
7481,0.0
7482,0.0
7483,0.0
7484,0.0
7485,0.0
7486,0.0
7487,0.0
7488,0.0
7489,0.0
7490,0.0
7491,0.0
7492,0.0
7493,0.0
7494,0.0
7495,0.0
7496,0.0
7497,0.0
7498,0.0
7499,0.0
7500,0.0
7501,0.0
7502,0.0
7503,0.0
7504,0.0
7505,0.0
7506,0.0
7507,0.0
7508,0.0
7509,0.0
7510,0.0
7511,0.0
7512,0.0
7513,0.0
7514,0.0
7515,0.0
7516,0.0
7517,0.0
7518,0.0
7519,0.0
7520,0.0
7521,0.0
7522,0.0
7523,0.0
7524,0.0
7525,0.0
7526,0.0
7527,0.0
7528,0.0
7529,0.0
7530,0.0
7531,0.0
7532,0.0
7533,0.0
7534,0.0
7535,0.0
7536,0.0
7537,0.0
7538,0.0
7539,0.0
7540,0.0
7541,0.0
7542,0.0
7543,0.0
7544,0.0
7545,0.0
7546,0.0
7547,0.0
7548,0.0
7549,0.0
7550,0.0
7551,0.0
7552,0.0
7553,0.0
7554,0.0
7555,0.0
7556,0.0
7557,0.0
7558,0.0
7559,0.0
7560,0.0
7561,0.0
7562,0.0
7563,0.0
7564,0.0
7565,0.0
7566,0.0
7567,0.0
7568,0.0
7569,0.0
7570,0.0
7571,0.0
7572,0.0
7573,0.0
7574,0.0
7575,0.0
7576,0.0
7577,0.0
7578,0.0
7579,0.0
7580,0.0
7581,0.0
7582,0.0
7583,0.0
7584,0.0
7585,0.0
7586,0.0
7587,0.0
7588,0.0
7589,0.0
7590,0.0
7591,0.0
7592,0.0
7593,0.0
7594,0.0
7595,0.0
7596,0.0
7597,0.0
7598,0.0
7599,0.0
7600,0.0
7601,0.0
7602,0.0
7603,0.0
7604,0.0
7605,0.0
7606,0.0
7607,0.0
7608,0.0
7609,0.0
7610,0.0
7611,0.0
7612,0.0
7613,0.0
7614,0.0
7615,0.0
7616,0.0
7617,0.0
7618,0.0
7619,0.0
7620,0.0
7621,0.0
7622,0.0
7623,0.0
7624,0.0
7625,0.0
7626,0.0
7627,0.0
7628,0.0
7629,0.0
7630,0.0
7631,0.0
7632,0.0
7633,0.0
7634,0.0
7635,0.0
7636,0.0
7637,0.0
7638,0.0
7639,0.0
7640,0.0
7641,0.0
7642,0.0
7643,0.0
7644,0.0
7645,0.0
7646,0.0
7647,0.0
7648,0.0
7649,0.0
7650,0.0
7651,0.0
7652,0.0
7653,0.0
7654,0.0
7655,0.0
7656,0.0
7657,0.0
7658,0.0
7659,0.0
7660,0.0
7661,0.0
7662,0.0
7663,0.0
7664,0.0
7665,0.0
7666,0.0
7667,0.0
7668,0.0
7669,0.0
7670,0.0
7671,0.0
7672,0.0
7673,0.0
7674,0.0
7675,0.0
7676,0.0
7677,0.0
7678,0.0
7679,0.0
7680,0.0
7681,0.0
7682,0.0
7683,0.0
7684,0.0
7685,0.0
7686,0.0
7687,0.0
7688,0.0
7689,0.0
7690,0.0
7691,0.0
7692,0.0
7693,0.0
7694,0.0
7695,0.0
7696,0.0
7697,0.0
7698,0.0
7699,0.0
7700,0.0
7701,0.0
7702,0.0
7703,0.0
7704,0.0
7705,0.0
7706,0.0
7707,0.0
7708,0.0
7709,0.0
7710,0.0
7711,0.0
7712,0.0
7713,0.0
7714,0.0
7715,0.0
7716,0.0
7717,0.0
7718,0.0
7719,0.0
7720,0.0
7721,0.0
7722,0.0
7723,0.0
7724,0.0
7725,0.0
7726,0.0
7727,0.0
7728,0.0
7729,0.0
7730,0.0
7731,0.0
7732,0.0
7733,0.0
7734,0.0
7735,0.0
7736,0.0
7737,0.0
7738,0.0
7739,0.0
7740,0.0
7741,0.0
7742,0.0
7743,0.0
7744,0.0
7745,0.0
7746,0.0
7747,0.0
7748,0.0
7749,0.0
7750,0.0
7751,0.0
7752,0.0
7753,0.0
7754,0.0
7755,0.0
7756,0.0
7757,0.0
7758,0.0
7759,0.0
7760,0.0
7761,0.0
7762,0.0
7763,0.0
7764,0.0
7765,0.0
7766,0.0
7767,0.0
7768,0.0
7769,0.0
7770,0.0
7771,0.0
7772,0.0
7773,0.0
7774,0.0
7775,0.0
7776,0.0
7777,0.0
7778,0.0
7779,0.0
7780,0.0
7781,0.0
7782,0.0
7783,0.0
7784,0.0
7785,0.0
7786,0.0
7787,0.0
7788,0.0
7789,0.0
7790,0.0
7791,0.0
7792,0.0
7793,0.0
7794,0.0
7795,0.0
7796,0.0
7797,0.0
7798,0.0
7799,0.0
7800,0.0
7801,0.0
7802,0.0
7803,0.0
7804,0.0
7805,0.0
7806,0.0
7807,0.0
7808,0.0
7809,0.0
7810,0.0
7811,0.0
7812,0.0
7813,0.0
7814,0.0
7815,0.0
7816,0.0
7817,0.0
7818,0.0
7819,0.0
7820,0.0
7821,0.0
7822,0.0
7823,0.0
7824,0.0
7825,0.0
7826,0.0
7827,0.0
7828,0.0
7829,0.0
7830,0.0
7831,0.0
7832,0.0
7833,0.0
7834,0.0
7835,0.0
7836,0.0
7837,0.0
7838,0.0
7839,0.0
7840,0.0
7841,0.0
7842,0.0
7843,0.0
7844,0.0
7845,0.0
7846,0.0
7847,0.0
7848,0.0
7849,0.0
7850,0.0
7851,0.0
7852,0.0
7853,0.0
7854,0.0
7855,0.0
7856,0.0
7857,0.0
7858,0.0
7859,0.0
7860,0.0
7861,0.0
7862,0.0
7863,0.0
7864,0.0
7865,0.0
7866,0.0
7867,0.0
7868,0.0
7869,0.0
7870,0.0
7871,0.0
7872,0.0
7873,0.0
7874,0.0
7875,0.0
7876,0.0
7877,0.0
7878,0.0
7879,0.0
7880,0.0
7881,0.0
7882,0.0
7883,0.0
7884,0.0
7885,0.0
7886,0.0
7887,0.0
7888,0.0
7889,0.0
7890,0.0
7891,0.0
7892,0.0
7893,0.0
7894,0.0
7895,0.0
7896,0.0
7897,0.0
7898,0.0
7899,0.0
7900,0.0
7901,0.0
7902,0.0
7903,0.0
7904,0.0
7905,0.0
7906,0.0
7907,0.0
7908,0.0
7909,0.0
7910,0.0
7911,0.0
7912,0.0
7913,0.0
7914,0.0
7915,0.0
7916,0.0
7917,0.0
7918,0.0
7919,0.0
7920,0.0
7921,0.0
7922,0.0
7923,0.0
7924,0.0
7925,0.0
7926,0.0
7927,0.0
7928,0.0
7929,0.0
7930,0.0
7931,0.0
7932,0.0
7933,0.0
7934,0.0
7935,0.0
7936,0.0
7937,0.0
7938,0.0
7939,0.0
7940,0.0
7941,0.0
7942,0.0
7943,0.0
7944,0.0
7945,0.0
7946,0.0
7947,0.0
7948,0.0
7949,0.0
7950,0.0
7951,0.0
7952,0.0
7953,0.0
7954,0.0
7955,0.0
7956,0.0
7957,0.0
7958,0.0
7959,0.0
7960,0.0
7961,0.0
7962,0.0
7963,0.0
7964,0.0
7965,0.0
7966,0.0
7967,0.0
7968,0.0
7969,0.0
7970,0.0
7971,0.0
7972,0.0
7973,0.0
7974,0.0
7975,0.0
7976,0.0
7977,0.0
7978,0.0
7979,0.0
7980,0.0
7981,0.0
7982,0.0
7983,0.0
7984,0.0
7985,0.0
7986,0.0
7987,0.0
7988,0.0
7989,0.0
7990,0.0
7991,0.0
7992,0.0
7993,0.0
7994,0.0
7995,0.0
7996,0.0
7997,0.0
7998,0.0
7999,0.0
