index,y
0,-0.34637022018432617
1,1.1323357820510864
2,2.9191794395446777
3,2.5926005840301514
4,1.4914789199829102
5,1.6047298908233643
6,3.164045572280884
7,4.4728803634643555
8,3.4662628173828125
9,1.1847699880599976
10,0.9201335906982422
11,2.3667328357696533
12,3.051379680633545
13,1.7740461826324463
14,0.09355074912309647
15,0.824405312538147
16,2.7208943367004395
17,2.0875916481018066
18,0.40922418236732483
19,0.8989467024803162
20,2.2997984886169434
21,1.8378663063049316
22,0.21013683080673218
23,-0.5777126550674438
24,0.4382648468017578
25,1.6141340732574463
26,0.6249324679374695
27,-1.458017349243164
28,-1.511207938194275
29,0.4260674715042114
30,2.7215685844421387
31,1.598321795463562
32,-0.8552508354187012
33,-0.4102919101715088
34,1.979840874671936
35,1.6058688163757324
36,0.2717664837837219
37,0.5219080448150635
38,-0.3925339877605438
39,-0.5947142839431763
40,-1.201777458190918
41,-1.3598458766937256
42,-2.035269021987915
43,-1.6820638179779053
44,-1.4417520761489868
45,-2.052812337875366
46,-2.3417038917541504
47,-0.6317225694656372
48,1.067946195602417
49,0.028470396995544434
50,-1.1539738178253174
51,-0.2545332610607147
52,0.39081358909606934
53,0.09538482874631882
54,0.6732640862464905
55,-0.9441417455673218
56,-1.7903425693511963
57,-0.6741335391998291
58,1.0101782083511353
59,0.5895118117332458
60,0.4347103536128998
61,0.6789952516555786
62,0.19477832317352295
63,-0.4358741343021393
64,-0.44496482610702515
65,-1.0968225002288818
66,0.6460251808166504
67,0.1943831890821457
68,-1.2210769653320312
69,-1.950943946838379
70,-1.5188324451446533
71,0.14249804615974426
72,-0.9804055690765381
73,-0.07948161661624908
74,-0.294408917427063
75,1.6467432975769043
76,0.3568282127380371
77,1.404731273651123
78,1.096619963645935
79,-1.0785731077194214
80,-0.7032956480979919
81,-0.6694835424423218
82,-0.24326558411121368
83,-0.05708286166191101
84,2.18422269821167
85,1.4556280374526978
86,-0.6418163776397705
87,-1.5197054147720337
88,-0.7503207921981812
89,-0.6689386367797852
90,-0.7148295044898987
91,0.3701985776424408
92,0.9099934101104736
93,-0.7475764751434326
94,-0.19861313700675964
95,-0.03444015607237816
96,-0.004680052399635315
97,-0.6110950112342834
98,0.24955853819847107
99,0.489879310131073
100,-0.46512889862060547
101,0.5990358591079712
102,1.695401668548584
103,0.2690798044204712
104,-1.5531392097473145
105,0.7277058959007263
106,0.6883076429367065
107,0.011990033090114594
108,-0.017329886555671692
109,1.1220508813858032
110,-0.9827436208724976
111,-1.499805212020874
112,-1.4950785636901855
113,-0.008502155542373657
114,0.2195066511631012
115,0.13186940550804138
116,1.3674603700637817
117,-1.0562286376953125
118,-0.7856935262680054
119,0.2235751748085022
120,0.8258285522460938
121,-0.9708712697029114
122,0.22413885593414307
123,1.5489856004714966
124,0.7614942193031311
125,1.0529885292053223
126,0.33122876286506653
127,-0.658766508102417
128,-0.9879055023193359
129,-1.4815630912780762
130,-0.33733922243118286
131,-0.1904454231262207
132,1.9430584907531738
133,1.5928597450256348
134,-0.6557096838951111
135,-1.2061189413070679
136,-1.1353427171707153
137,0.07838940620422363
138,-0.7985788583755493
139,0.2383432388305664
140,-0.5090065002441406
141,0.11684222519397736
142,-0.009189121425151825
143,-0.0982319712638855
144,0.054362040013074875
145,0.7033571004867554
146,1.187488079071045
147,0.12683743238449097
148,0.2298666387796402
149,1.6594316959381104
150,0.5246814489364624
151,-1.4441924095153809
152,0.23789148032665253
153,-0.5968871116638184
154,-1.5299571752548218
155,-1.0892510414123535
156,0.8947888612747192
157,0.561091423034668
158,-0.3513270318508148
159,0.3859313726425171
160,0.8074432611465454
161,-0.5283911824226379
162,-1.5436010360717773
163,-0.41552990674972534
164,0.030959438532590866
165,0.1096547544002533
166,-0.35156863927841187
167,-0.8890295028686523
168,0.09895661473274231
169,1.0598161220550537
170,0.7205818891525269
171,0.2944648563861847
172,-0.06982336193323135
173,0.2657090127468109
174,-0.46163904666900635
175,-0.24378986656665802
176,0.6884434223175049
177,-0.34578099846839905
178,-1.3133058547973633
179,0.32560500502586365
180,1.7287530899047852
181,0.8999494910240173
182,-0.5307003259658813
183,-0.9061018228530884
184,0.3648296892642975
185,0.7988177537918091
186,0.33196619153022766
187,-0.4533669948577881
188,-1.1476428508758545
189,-0.39902764558792114
190,0.44356560707092285
191,0.01574847102165222
192,0.22758464515209198
193,0.29692864418029785
194,-0.39474189281463623
195,-0.3561563491821289
196,0.061459727585315704
197,0.20835164189338684
198,-0.5669031143188477
199,-1.1560180187225342
200,-0.01860736310482025
201,0.45116227865219116
202,-0.08555009216070175
203,0.12572532892227173
204,-0.05553341656923294
205,0.22089123725891113
206,0.754359245300293
207,0.22149011492729187
208,0.12534721195697784
209,0.20217546820640564
210,-0.5037955045700073
211,-0.6149590015411377
212,-0.05642220377922058
213,1.1172887086868286
214,0.8245850801467896
215,-0.83963942527771
216,-0.17974695563316345
217,1.0731568336486816
218,0.40523022413253784
219,-0.36101701855659485
220,-0.42739301919937134
221,-0.23981694877147675
222,-0.13869048655033112
223,-0.7678024172782898
224,-0.06482373178005219
225,0.10967115312814713
226,-0.48249274492263794
227,0.020335528999567032
228,0.2496303915977478
229,0.005431442521512508
230,0.028169482946395874
231,-0.8844011425971985
232,-0.7250537872314453
233,0.07859478890895844
234,-0.3074731230735779
235,-0.5798472762107849
236,0.08942882716655731
237,0.36570748686790466
238,-0.009928397834300995
239,-0.38459205627441406
240,0.502431333065033
241,1.5082652568817139
242,0.08232320845127106
243,-0.21185803413391113
244,-0.7607654333114624
245,-0.0075566768646240234
246,1.1003565788269043
247,1.0342613458633423
248,0.21541470289230347
249,-0.15496155619621277
250,-0.292112797498703
251,0.9872300028800964
252,1.01725435256958
253,-0.21723860502243042
254,-0.6573874950408936
255,0.3788115978240967
256,0.6113870739936829
257,0.39758360385894775
258,-0.288943350315094
259,-1.0418626070022583
260,-0.000585407018661499
261,1.0161949396133423
262,3.0582003593444824
263,0.44925257563591003
264,0.1324969232082367
265,0.5463390946388245
266,1.1088716983795166
267,0.7311537265777588
268,2.2750120162963867
269,-0.33370211720466614
270,-1.143225908279419
271,1.4059123992919922
272,1.5188262462615967
273,1.5716590881347656
274,0.7130587100982666
275,0.05440075695514679
276,-1.5278408527374268
277,1.7563859224319458
278,2.339725971221924
279,3.060314655303955
280,1.4052734375
281,0.7304503917694092
282,-0.059290118515491486
283,1.2643400430679321
284,0.6863000392913818
285,1.8309376239776611
286,2.3421096801757812
287,0.28657066822052
288,0.30261993408203125
289,0.27478304505348206
290,-0.18056651949882507
291,-0.08004069328308105
292,2.8048224449157715
293,0.5467156171798706
294,0.9101568460464478
295,1.4789972305297852
296,1.6498804092407227
297,0.29392021894454956
298,2.87445330619812
299,1.0063883066177368
300,-0.6331251263618469
301,-0.059734538197517395
302,1.7566983699798584
303,2.6312570571899414
304,3.0013484954833984
305,1.7509989738464355
306,-1.6998257637023926
307,-1.0240066051483154
308,0.43663883209228516
309,2.5270464420318604
310,1.4039397239685059
311,2.516392230987549
312,-0.09565269947052002
313,0.21604521572589874
314,-0.2954007089138031
315,2.944586753845215
316,1.5351239442825317
317,2.0942318439483643
318,1.65065336227417
319,0.48493045568466187
320,2.2155323028564453
321,0.9411354660987854
322,0.5421587228775024
323,-1.4767727851867676
324,1.217961311340332
325,-0.2124704122543335
326,0.7510280609130859
327,1.145627737045288
328,2.0436582565307617
329,1.550107479095459
330,1.1625707149505615
331,-0.1734699010848999
332,0.771356463432312
333,1.2248294353485107
334,2.194539785385132
335,2.108657121658325
336,1.6637039184570312
337,0.03644707798957825
338,-0.605452299118042
339,0.041275836527347565
340,0.27621138095855713
341,3.4379870891571045
342,2.2964775562286377
343,-0.0724402368068695
344,-0.4659578800201416
345,1.720154047012329
346,-1.4508088827133179
347,0.3285506069660187
348,0.5496548414230347
349,1.1072375774383545
350,-0.03785771131515503
351,1.8492560386657715
352,1.6873224973678589
353,0.2819554805755615
354,0.7835978865623474
355,0.4741978645324707
356,0.43714386224746704
357,-1.3306660652160645
358,0.6817305088043213
359,-1.352442979812622
360,0.15300153195858002
361,-0.8147493600845337
362,0.6022965312004089
363,-1.805681824684143
364,0.061427175998687744
365,0.824195921421051
366,-0.5179429054260254
367,2.833404541015625
368,-0.5448259115219116
369,0.9932379722595215
370,0.2658250629901886
371,-1.3263345956802368
372,-0.4988211989402771
373,1.4696953296661377
374,-1.2079399824142456
375,-0.35332226753234863
376,0.8092905879020691
377,-0.7627774477005005
378,0.04968152940273285
379,-1.2602201700210571
380,0.8262107968330383
381,0.10907745361328125
382,0.23723578453063965
383,0.6911930441856384
384,-0.36342841386795044
385,-0.1099473237991333
386,-1.0561511516571045
387,-0.4431300163269043
388,-0.5884831547737122
389,0.5868695974349976
390,0.2390330284833908
391,-1.1669187545776367
392,-0.1293250173330307
393,-0.7229998707771301
394,-0.34227630496025085
395,0.05861163139343262
396,0.7303658723831177
397,-0.3084408640861511
398,1.0508768558502197
399,-1.7384388446807861
400,-0.2247960865497589
401,1.2254157066345215
402,-0.7791885733604431
403,0.4574141204357147
404,0.49984580278396606
405,-0.1552935242652893
406,-1.0803507566452026
407,0.5458894968032837
408,-0.6871886253356934
409,0.5033447742462158
410,0.1280396282672882
411,-0.021563725546002388
412,-0.6635494232177734
413,-0.38276079297065735
414,0.5622588396072388
415,-0.4967403709888458
416,-0.21107794344425201
417,1.116540789604187
418,0.5537521839141846
419,-1.5957691669464111
420,-0.24649614095687866
421,-0.010304562747478485
422,-0.9850784540176392
423,0.20694600045681
424,-1.143099308013916
425,0.9750677347183228
426,-0.49346724152565
427,-1.157052993774414
428,-0.4524327516555786
429,1.4498522281646729
430,0.22709202766418457
431,-0.053538039326667786
432,1.7273738384246826
433,-0.7252424359321594
434,-0.346771776676178
435,-0.2671511769294739
436,0.8086518049240112
437,-1.0498307943344116
438,2.0661637783050537
439,-0.7931468486785889
440,-0.49263906478881836
441,-0.6401686072349548
442,0.9497573971748352
443,1.0290400981903076
444,-0.027193639427423477
445,1.9772605895996094
446,1.2835801839828491
447,-0.7571132183074951
448,-0.7224009037017822
449,0.20962923765182495
450,0.2902708053588867
451,0.660612165927887
452,-0.6619144678115845
453,0.3138798475265503
454,-1.0675363540649414
455,-1.3989694118499756
456,-0.36461299657821655
457,2.5674099922180176
458,-0.4723317623138428
459,1.3772573471069336
460,0.10291212797164917
461,1.3430638313293457
462,-1.1241931915283203
463,-1.5341615676879883
464,-0.6631977558135986
465,-0.37159082293510437
466,2.6038942337036133
467,-0.6048511862754822
468,-0.4058583676815033
469,-0.7192515730857849
470,1.7899909019470215
471,-0.09843212366104126
472,-0.1881096363067627
473,0.3058667778968811
474,1.3437764644622803
475,0.08814944326877594
476,-0.22089514136314392
477,-0.9902992248535156
478,-0.0839291512966156
479,0.3000146746635437
480,0.488522469997406
481,0.14971548318862915
482,0.2111411988735199
483,1.3705273866653442
484,-1.3966565132141113
485,0.19920790195465088
486,-0.06455782800912857
487,1.999800205230713
488,-0.4004894196987152
489,-0.5522154569625854
490,0.5140975117683411
491,0.6060689687728882
492,0.036861926317214966
493,-2.4941253662109375
494,-0.3469567894935608
495,1.3296327590942383
496,2.187154769897461
497,-0.1359461545944214
498,-1.176814317703247
499,0.7220841646194458
500,1.5854382514953613
501,-0.4568515419960022
502,-1.6345888376235962
503,-0.3213450610637665
504,1.7462728023529053
505,-0.10275956988334656
506,-0.8425394892692566
507,-0.8554052114486694
508,0.4467327892780304
509,1.4730498790740967
510,0.09092099964618683
511,0.5231082439422607
512,0.17252382636070251
513,0.6980147361755371
514,-1.1063053607940674
515,-0.4827425479888916
516,0.4250476360321045
517,0.23253300786018372
518,0.09625428915023804
519,-0.04577260464429855
520,1.0030763149261475
521,0.05196629464626312
522,-1.1343110799789429
523,0.0667218491435051
524,0.7915730476379395
525,1.2435117959976196
526,-0.04358366131782532
527,-0.1450704038143158
528,0.16512224078178406
529,-0.034980498254299164
530,0.30812257528305054
531,-0.7966850399971008
532,0.21207717061042786
533,0.03004027158021927
534,0.6121166944503784
535,0.05368632450699806
536,0.5525873899459839
537,-0.1822027713060379
538,0.20228590071201324
539,0.698571503162384
540,1.704925298690796
541,0.15660157799720764
542,-0.7726801633834839
543,-0.6161353588104248
544,0.8350870609283447
545,0.18361049890518188
546,-0.995061993598938
547,1.5396069288253784
548,1.0061848163604736
549,2.1067018508911133
550,-0.4249257743358612
551,-0.029561825096607208
552,-0.9562055468559265
553,1.7428027391433716
554,0.6641026735305786
555,-0.11370871961116791
556,0.014631666243076324
557,0.756272554397583
558,-0.757146418094635
559,0.6719747185707092
560,1.455841064453125
561,0.12720422446727753
562,0.5900222063064575
563,0.4635111093521118
564,1.359147310256958
565,-0.6890491247177124
566,2.3560867309570312
567,-0.7347844839096069
568,1.5168044567108154
569,0.1653546690940857
570,0.6719460487365723
571,0.8475295305252075
572,0.6206976175308228
573,0.05622423440217972
574,0.22682224214076996
575,0.5175302028656006
576,0.10279132425785065
577,0.8216884732246399
578,-0.00045857764780521393
579,0.37848782539367676
580,0.8348664045333862
581,0.7549993395805359
582,-0.3199683725833893
583,1.4300589561462402
584,0.3276374340057373
585,1.3280342817306519
586,-0.010631851851940155
587,1.9202241897583008
588,0.5579982995986938
589,-0.5973138809204102
590,0.6198035478591919
591,1.1503113508224487
592,0.45530691742897034
593,0.8856858015060425
594,0.4238288402557373
595,-0.6212040781974792
596,0.7410280704498291
597,0.5816128253936768
598,0.7147078514099121
599,-0.0950264036655426
600,1.2787902355194092
601,0.026386797428131104
602,-0.14317408204078674
603,2.250736713409424
604,0.994179368019104
605,-0.4923248887062073
606,0.8298640847206116
607,1.3366631269454956
608,-0.3438531458377838
609,1.0638335943222046
610,1.5384180545806885
611,-0.5744054317474365
612,0.3244684338569641
613,0.8432395458221436
614,0.6601929068565369
615,0.15329711139202118
616,0.7665767669677734
617,0.7962936162948608
618,-1.1124989986419678
619,0.7768766283988953
620,2.6326844692230225
621,-1.9009861946105957
622,1.5744805335998535
623,1.7610869407653809
624,-1.0882139205932617
625,0.28705674409866333
626,3.290369987487793
627,-1.234584093093872
628,-0.08602893352508545
629,3.3374016284942627
630,-2.1201632022857666
631,0.9507138729095459
632,1.8576643466949463
633,-0.2234089970588684
634,-0.825348436832428
635,1.9276995658874512
636,-0.17066770792007446
637,0.025823310017585754
638,0.22861483693122864
639,2.132964611053467
640,-1.2078098058700562
641,0.7376728057861328
642,1.3497965335845947
643,-0.5289163589477539
644,0.6440187096595764
645,1.8912957906723022
646,0.4538046717643738
647,-0.6460323333740234
648,2.6182570457458496
649,-0.5122619271278381
650,0.23536138236522675
651,0.908476710319519
652,1.9925826787948608
653,-1.7543760538101196
654,1.68783438205719
655,1.2221837043762207
656,-0.35419368743896484
657,0.027497291564941406
658,2.2138493061065674
659,-0.17917203903198242
660,-0.39915701746940613
661,2.239027261734009
662,0.16797834634780884
663,0.9386035203933716
664,1.8737208843231201
665,0.06301474571228027
666,-0.6033017635345459
667,2.3149337768554688
668,0.17048956453800201
669,1.4437336921691895
670,0.5562601089477539
671,1.8042778968811035
672,-0.8572593927383423
673,1.1459181308746338
674,1.3593647480010986
675,0.9663867354393005
676,0.523424506187439
677,-0.09034732729196548
678,1.4002220630645752
679,-0.38300901651382446
680,3.3330466747283936
681,0.07017168402671814
682,0.8741432428359985
683,1.6541430950164795
684,0.28771504759788513
685,-1.0957584381103516
686,0.7792987823486328
687,1.8878192901611328
688,0.3323516249656677
689,1.8375301361083984
690,0.4376077950000763
691,0.1460629552602768
692,-0.08165337145328522
693,2.3968875408172607
694,1.6577320098876953
695,0.41352173686027527
696,-0.8020333051681519
697,0.08905817568302155
698,0.45816469192504883
699,1.529171109199524
700,2.033764600753784
701,0.4387834966182709
702,1.072350263595581
703,0.4337556064128876
704,0.229696124792099
705,0.698779821395874
706,1.9837682247161865
707,0.07942420244216919
708,0.622305154800415
709,0.5145754218101501
710,-0.006607787683606148
711,0.06478102505207062
712,2.133084297180176
713,2.2212111949920654
714,0.8658422231674194
715,0.511890172958374
716,0.10386709123849869
717,-0.32259124517440796
718,0.7538480758666992
719,2.4780757427215576
720,-0.20451653003692627
721,-0.24262046813964844
722,0.9507058262825012
723,0.5732541084289551
724,0.8009277582168579
725,1.9961425065994263
726,1.6325783729553223
727,0.021447844803333282
728,0.445769339799881
729,-0.20347699522972107
730,-0.11438408493995667
731,0.935147762298584
732,1.3330167531967163
733,1.465856909751892
734,0.5564925670623779
735,1.2343239784240723
736,-0.47311100363731384
737,1.811873197555542
738,1.404352068901062
739,0.12776443362236023
740,-0.2571529448032379
741,0.3302867114543915
742,-0.6755523085594177
743,0.012077689170837402
744,3.342209577560425
745,0.7033107280731201
746,1.3762829303741455
747,-0.5462126731872559
748,0.07705602049827576
749,0.4073883891105652
750,0.5095047354698181
751,0.1123182475566864
752,0.6762111783027649
753,-0.049325644969940186
754,0.15815672278404236
755,1.4343563318252563
756,-0.3374648690223694
757,1.1366417407989502
758,0.9930604100227356
759,0.45688676834106445
760,0.21952217817306519
761,0.8894251585006714
762,-0.3847654163837433
763,0.8262678980827332
764,-0.03959110379219055
765,1.0544891357421875
766,0.7048376202583313
767,-0.9912042617797852
768,0.9566439390182495
769,0.999876081943512
770,1.6516072750091553
771,-0.5698904991149902
772,-0.24300432205200195
773,0.276108056306839
774,0.5344061851501465
775,-0.18393242359161377
776,0.536793053150177
777,0.5451712608337402
778,0.7066059112548828
779,0.5154350996017456
780,0.26494285464286804
781,0.9636639952659607
782,-0.39698469638824463
783,0.3475326597690582
784,0.37867608666419983
785,1.1932958364486694
786,0.02479793131351471
787,0.4271737337112427
788,0.8274250030517578
789,1.4505720138549805
790,0.0332207977771759
791,0.698350191116333
792,1.0388469696044922
793,0.11869381368160248
794,1.2218637466430664
795,0.17536114156246185
796,0.9464224576950073
797,0.2647261917591095
798,0.23369848728179932
799,0.2166765332221985
800,0.27134454250335693
801,0.16739752888679504
802,0.6658282279968262
803,-0.2836207151412964
804,0.6350386738777161
805,0.4884288012981415
806,0.42191848158836365
807,0.6055259704589844
808,0.6862257719039917
809,0.9299612641334534
810,-0.5090282559394836
811,0.7595732808113098
812,0.7739237546920776
813,0.17259162664413452
814,0.7208409905433655
815,1.1669888496398926
816,1.1478896141052246
817,0.3137451708316803
818,-0.5341004133224487
819,1.729921579360962
820,0.04700477421283722
821,0.44492000341415405
822,1.136423110961914
823,0.2292361855506897
824,0.5944212675094604
825,-0.18081943690776825
826,0.7511845827102661
827,0.9631676077842712
828,-0.8663483262062073
829,0.4293489158153534
830,1.147995948791504
831,0.010392550379037857
832,0.3008970320224762
833,-0.3876246213912964
834,1.7137744426727295
835,0.5219063758850098
836,0.0163288414478302
837,0.4594883918762207
838,0.818695068359375
839,0.8103711605072021
840,0.8979086875915527
841,1.0584254264831543
842,0.9436296224594116
843,0.02520543336868286
844,0.26912325620651245
845,1.5352805852890015
846,0.23407188057899475
847,0.7725878953933716
848,0.14270631968975067
849,0.8495413661003113
850,0.027621686458587646
851,0.6285791993141174
852,0.4266105890274048
853,-0.13748538494110107
854,0.5836884379386902
855,0.32201147079467773
856,0.4580327272415161
857,0.3907812237739563
858,0.7073907852172852
859,0.5086258053779602
860,0.048470694571733475
861,-0.5595884323120117
862,0.6437791585922241
863,-0.3226580321788788
864,1.6974936723709106
865,1.6047242879867554
866,-0.7933943271636963
867,-0.7417351007461548
868,0.7881510257720947
869,0.6692314147949219
870,-0.3847099840641022
871,1.842564582824707
872,1.4540013074874878
873,-0.9930608868598938
874,-0.6113663911819458
875,1.1702834367752075
876,-0.7058491706848145
877,1.2150061130523682
878,1.283332347869873
879,-0.5067314505577087
880,0.04719829559326172
881,0.10424742847681046
882,-0.2693241834640503
883,0.45566707849502563
884,1.2947018146514893
885,0.26113390922546387
886,-0.6221612691879272
887,0.1339353322982788
888,-0.4594157934188843
889,-0.576034426689148
890,1.6316123008728027
891,-0.09743399173021317
892,0.21188606321811676
893,0.6466096639633179
894,-0.016619689762592316
895,0.029972538352012634
896,1.0627686977386475
897,0.018027424812316895
898,-0.008902467787265778
899,0.4095352292060852
900,-0.26655444502830505
901,0.2702789306640625
902,0.8712650537490845
903,0.7096713781356812
904,-0.14059627056121826
905,-0.6945740580558777
906,-1.0729197263717651
907,0.17722849547863007
908,0.21294964849948883
909,1.477311611175537
910,0.06469404697418213
911,0.40161383152008057
912,-0.3304007053375244
913,-0.960120677947998
914,0.26562634110450745
915,0.6519384384155273
916,2.2107019424438477
917,0.06586390733718872
918,-0.7718935608863831
919,-0.3980327248573303
920,0.18991120159626007
921,-0.6416974067687988
922,0.5277099013328552
923,1.9957096576690674
924,-0.25581106543540955
925,-0.5926758050918579
926,-0.7065900564193726
927,-0.38211458921432495
928,0.27442649006843567
929,0.3197168707847595
930,1.601280689239502
931,-0.0025080814957618713
932,0.10476672649383545
933,0.14838190376758575
934,-0.6292403936386108
935,0.15562263131141663
936,1.3401566743850708
937,0.6440245509147644
938,-0.27007925510406494
939,0.2136058807373047
940,-0.5556055307388306
941,-0.35754603147506714
942,0.24078550934791565
943,1.4773108959197998
944,-0.5243590474128723
945,1.310770034790039
946,0.21344032883644104
947,-0.9578226208686829
948,0.4841838479042053
949,1.1681439876556396
950,0.921761155128479
951,0.33756735920906067
952,0.42688047885894775
953,-0.037142157554626465
954,1.3801543712615967
955,-0.015049546957015991
956,0.4186650216579437
957,-0.1652298867702484
958,0.558124303817749
959,0.736867368221283
960,-0.017483428120613098
961,1.3777670860290527
962,1.2222691774368286
963,-0.4125748872756958
964,-0.5265821218490601
965,1.21122145652771
966,0.6738534569740295
967,1.36421799659729
968,1.6299968957901
969,0.1874871850013733
970,0.7710943222045898
971,1.1824902296066284
972,-0.040023162961006165
973,-0.03715932369232178
974,3.188997268676758
975,1.218467354774475
976,-0.9493587017059326
977,0.4187842011451721
978,1.3505277633666992
979,-0.5523154139518738
980,1.8283320665359497
981,0.6957294940948486
982,-0.20700395107269287
983,1.616309404373169
984,-0.007126927375793457
985,0.14753901958465576
986,1.179327368736267
987,2.4559082984924316
988,0.46228522062301636
989,-0.39767658710479736
990,0.6614623069763184
991,1.0915319919586182
992,-0.9193638563156128
993,3.47072696685791
994,1.345872163772583
995,-0.43199288845062256
996,0.39967724680900574
997,-0.2707495093345642
998,-0.041946910321712494
999,3.0240225791931152
1000,0.7512211203575134
1001,-0.714775025844574
1002,0.9902299642562866
1003,0.9015765190124512
1004,0.8295320272445679
1005,2.1159279346466064
1006,2.528376817703247
1007,-1.594977617263794
1008,0.7922114729881287
1009,0.25919175148010254
1010,-0.5556734204292297
1011,2.4474434852600098
1012,3.192131519317627
1013,0.4447002410888672
1014,0.9382163286209106
1015,-1.8008102178573608
1016,0.7253081798553467
1017,0.5735249519348145
1018,1.2614694833755493
1019,1.2412970066070557
1020,0.06330806016921997
1021,1.1041486263275146
1022,-0.11669603735208511
1023,-0.43407171964645386
1024,2.1099536418914795
1025,1.4701035022735596
1026,-0.0274924635887146
1027,-0.8680258393287659
1028,0.44414782524108887
1029,3.0294456481933594
1030,-0.7835381031036377
1031,1.6526687145233154
1032,1.1589186191558838
1033,-0.6175036430358887
1034,0.2617050111293793
1035,-0.8873979449272156
1036,-1.0347274541854858
1037,5.375540256500244
1038,2.0289244651794434
1039,-1.7280335426330566
1040,-0.5282881855964661
1041,1.3994369506835938
1042,-1.046323299407959
1043,1.2202632427215576
1044,2.1347100734710693
1045,0.5548990964889526
1046,1.3280460834503174
1047,-0.5240179896354675
1048,0.07014735043048859
1049,2.2413971424102783
1050,2.7740931510925293
1051,-1.7498325109481812
1052,-0.3332761526107788
1053,-0.07317793369293213
1054,0.567231297492981
1055,-0.19441857933998108
1056,3.0356669425964355
1057,2.001513957977295
1058,-0.6816158890724182
1059,-0.8151143789291382
1060,0.1356813907623291
1061,0.05400562286376953
1062,2.3793344497680664
1063,2.291995048522949
1064,-0.6446706652641296
1065,1.5983718633651733
1066,0.5919643640518188
1067,-0.24596121907234192
1068,0.3567463159561157
1069,3.046396255493164
1070,1.2595707178115845
1071,-0.7726796865463257
1072,-0.022328108549118042
1073,2.370795249938965
1074,1.6251415014266968
1075,0.5526086091995239
1076,1.2776782512664795
1077,1.4694135189056396
1078,1.0706018209457397
1079,-0.12067040801048279
1080,0.8128888010978699
1081,2.454342842102051
1082,3.076089382171631
1083,0.4479241967201233
1084,0.028809428215026855
1085,2.216013193130493
1086,-0.11885732412338257
1087,0.849469780921936
1088,1.5367157459259033
1089,0.9439431428909302
1090,0.7089271545410156
1091,0.8775975108146667
1092,1.2632920742034912
1093,0.44366949796676636
1094,2.7653512954711914
1095,1.1563589572906494
1096,0.8395787477493286
1097,1.414443850517273
1098,0.5618535280227661
1099,0.35185766220092773
1100,1.054211139678955
1101,0.676526665687561
1102,1.079317569732666
1103,0.24200040102005005
1104,-0.10863688588142395
1105,2.078584671020508
1106,0.0781828910112381
1107,0.9266022443771362
1108,1.7800228595733643
1109,0.7695112228393555
1110,-0.6757451295852661
1111,0.8854411244392395
1112,0.08992914110422134
1113,0.46355414390563965
1114,2.216137647628784
1115,-0.22645127773284912
1116,1.4243552684783936
1117,0.5949903726577759
1118,0.18355946242809296
1119,-0.25479310750961304
1120,0.932803750038147
1121,0.7244342565536499
1122,0.14669063687324524
1123,0.7965073585510254
1124,-0.18885980546474457
1125,1.1011134386062622
1126,0.9736751317977905
1127,1.2664663791656494
1128,1.6509488821029663
1129,0.7600628137588501
1130,0.5985016226768494
1131,1.0137399435043335
1132,0.9903851747512817
1133,1.9572198390960693
1134,0.4562527537345886
1135,0.9781621694564819
1136,1.787727952003479
1137,-0.11728890985250473
1138,0.5458735227584839
1139,2.903599262237549
1140,3.0934762954711914
1141,0.1335437297821045
1142,2.154538869857788
1143,2.341470956802368
1144,-0.18623346090316772
1145,1.9208142757415771
1146,1.530336856842041
1147,1.552635908126831
1148,2.9006290435791016
1149,2.785560131072998
1150,0.4541049599647522
1151,2.451470375061035
1152,3.1994693279266357
1153,0.5700775384902954
1154,0.9520214796066284
1155,1.5458647012710571
1156,1.0463004112243652
1157,0.8013484477996826
1158,2.7387664318084717
1159,1.5782387256622314
1160,2.4441168308258057
1161,1.810212254524231
1162,0.5574106574058533
1163,-0.04171846807003021
1164,1.7368237972259521
1165,0.8336770534515381
1166,0.501318097114563
1167,1.9489506483078003
1168,0.21524649858474731
1169,-0.4074004590511322
1170,1.1816508769989014
1171,1.7762188911437988
1172,-1.2609217166900635
1173,1.3541491031646729
1174,1.3496097326278687
1175,0.010484889149665833
1176,-0.04000644385814667
1177,1.7185859680175781
1178,0.2263408899307251
1179,-0.6662149429321289
1180,0.903200089931488
1181,-0.2636759281158447
1182,-0.5662099719047546
1183,2.029326915740967
1184,0.9380228519439697
1185,-1.8281875848770142
1186,1.0506272315979004
1187,0.6346166133880615
1188,-1.136213779449463
1189,0.36814427375793457
1190,1.5731209516525269
1191,-0.056030791252851486
1192,0.6696763634681702
1193,0.3150736391544342
1194,-1.2637708187103271
1195,1.4954298734664917
1196,2.117825746536255
1197,-1.0027176141738892
1198,0.942110002040863
1199,1.860336184501648
1200,-0.15574535727500916
1201,0.3221362233161926
1202,1.973501443862915
1203,-0.3173331618309021
1204,0.26680493354797363
1205,1.7038434743881226
1206,-0.06149378418922424
1207,0.07465124130249023
1208,2.0839874744415283
1209,2.1270406246185303
1210,0.1172676756978035
1211,-0.40153154730796814
1212,0.9164252281188965
1213,0.8788337707519531
1214,-0.03739549219608307
1215,1.9449636936187744
1216,0.2841070592403412
1217,0.8481247425079346
1218,0.36297833919525146
1219,0.1820441037416458
1220,1.00628662109375
1221,1.450382947921753
1222,0.7439232468605042
1223,0.2896694242954254
1224,0.18404991924762726
1225,0.2535913586616516
1226,0.8449084758758545
1227,2.0208089351654053
1228,0.7115211486816406
1229,-0.7950826287269592
1230,1.7529011964797974
1231,-0.4787392020225525
1232,-0.2757452726364136
1233,1.3986320495605469
1234,1.2379734516143799
1235,0.11295319348573685
1236,0.37449684739112854
1237,0.0993688702583313
1238,-0.33075007796287537
1239,0.8595917820930481
1240,1.1458115577697754
1241,0.0980730801820755
1242,0.46909886598587036
1243,0.09635557234287262
1244,-0.05829167366027832
1245,1.6806671619415283
1246,-0.4413679242134094
1247,0.05652695894241333
1248,2.7091171741485596
1249,-0.8241923451423645
1250,-0.14186520874500275
1251,1.258581280708313
1252,-0.24520769715309143
1253,1.2160720825195312
1254,2.230233669281006
1255,-0.23357772827148438
1256,-0.764671802520752
1257,1.5268669128417969
1258,0.6437959671020508
1259,0.8913394212722778
1260,1.3831243515014648
1261,0.9014596343040466
1262,-0.6031346917152405
1263,0.9286766052246094
1264,-1.2499407529830933
1265,0.5279958248138428
1266,4.493555068969727
1267,-0.4106190800666809
1268,-1.0428779125213623
1269,2.7799720764160156
1270,-0.06706351041793823
1271,-1.4257704019546509
1272,2.7203640937805176
1273,1.53743314743042
1274,-0.6977292895317078
1275,0.4332529902458191
1276,1.2969632148742676
1277,0.32555365562438965
1278,0.8922171592712402
1279,1.5990134477615356
1280,-1.1622951030731201
1281,0.5366392135620117
1282,1.6088793277740479
1283,-1.0877114534378052
1284,0.02079102396965027
1285,0.5905651450157166
1286,0.09236641228199005
1287,0.6508409976959229
1288,0.4631391763687134
1289,-0.30199354887008667
1290,-0.6589164733886719
1291,-0.31492072343826294
1292,1.3895542621612549
1293,-0.4807931184768677
1294,-0.030983269214630127
1295,-0.33550310134887695
1296,-0.05617177486419678
1297,-0.19940969347953796
1298,0.8187222480773926
1299,0.36826807260513306
1300,-0.7146737575531006
1301,0.7652901411056519
1302,-0.502998411655426
1303,-0.2533056139945984
1304,0.728736937046051
1305,1.0145500898361206
1306,-0.6682614088058472
1307,-0.2980990409851074
1308,-0.3204689919948578
1309,-1.4764173030853271
1310,-0.24871975183486938
1311,2.3692197799682617
1312,-0.7775033712387085
1313,0.599440336227417
1314,1.3891844749450684
1315,-1.8028039932250977
1316,-1.1012866497039795
1317,0.6939162611961365
1318,0.29301199316978455
1319,-0.7008037567138672
1320,0.06589573621749878
1321,0.7406519055366516
1322,-0.09081535786390305
1323,0.8471723198890686
1324,0.9621790051460266
1325,-1.4763591289520264
1326,-0.3610980212688446
1327,0.3804166913032532
1328,-0.9949795007705688
1329,0.2891918420791626
1330,1.8993935585021973
1331,-0.24210430681705475
1332,0.24133193492889404
1333,0.7325563430786133
1334,-0.3982435166835785
1335,-0.43570879101753235
1336,0.7534611225128174
1337,-0.26517152786254883
1338,0.16511298716068268
1339,1.0357767343521118
1340,0.7600129842758179
1341,-0.8207058906555176
1342,0.4955492615699768
1343,0.6432973742485046
1344,0.1019635871052742
1345,-0.08461395651102066
1346,0.1632254272699356
1347,1.0966790914535522
1348,-0.5864313840866089
1349,0.6065809726715088
1350,1.0180555582046509
1351,0.38392382860183716
1352,-0.1270194798707962
1353,0.4379611611366272
1354,-1.3249437808990479
1355,1.4324142932891846
1356,1.5026049613952637
1357,0.22941529750823975
1358,1.3374234437942505
1359,0.5231741070747375
1360,-1.0320883989334106
1361,-0.08631360530853271
1362,2.0589728355407715
1363,0.2358006238937378
1364,0.0923876166343689
1365,1.219366192817688
1366,0.2878323495388031
1367,0.24108858406543732
1368,1.8132314682006836
1369,-0.743694543838501
1370,0.050561726093292236
1371,1.6369754076004028
1372,0.8362827301025391
1373,0.8910261392593384
1374,0.30880478024482727
1375,0.06110154837369919
1376,2.32767653465271
1377,0.772754430770874
1378,-0.81297767162323
1379,-0.1949358582496643
1380,1.562589406967163
1381,1.8428053855895996
1382,-0.9067898988723755
1383,2.074418783187866
1384,1.7077854871749878
1385,-0.3582761883735657
1386,0.21346276998519897
1387,0.4544720947742462
1388,2.1399128437042236
1389,1.7201288938522339
1390,0.3976762890815735
1391,1.3506916761398315
1392,1.5784876346588135
1393,2.4427404403686523
1394,0.512931764125824
1395,0.4590870141983032
1396,2.1442723274230957
1397,0.8975508213043213
1398,1.2454798221588135
1399,0.11963921040296555
1400,0.632615327835083
1401,2.5826921463012695
1402,1.1415443420410156
1403,1.1176426410675049
1404,1.5784971714019775
1405,1.8214032649993896
1406,0.7287139892578125
1407,0.41842949390411377
1408,2.8012664318084717
1409,1.6068867444992065
1410,1.8004779815673828
1411,0.590327799320221
1412,1.0098774433135986
1413,2.074369192123413
1414,0.3699248433113098
1415,0.28903883695602417
1416,1.2030802965164185
1417,1.3820765018463135
1418,1.4904876947402954
1419,0.5448074340820312
1420,1.6309905052185059
1421,1.106475591659546
1422,-0.28615137934684753
1423,1.6657978296279907
1424,1.4430487155914307
1425,3.2254157066345215
1426,0.255842924118042
1427,1.184391736984253
1428,2.229257106781006
1429,0.7050842642784119
1430,1.2050740718841553
1431,1.1520311832427979
1432,2.362192153930664
1433,1.2567427158355713
1434,-0.34496253728866577
1435,0.22817343473434448
1436,1.7293040752410889
1437,1.7647874355316162
1438,1.4005975723266602
1439,1.6886951923370361
1440,3.229287624359131
1441,0.24514585733413696
1442,0.8519217371940613
1443,1.1362636089324951
1444,1.507300853729248
1445,3.9467997550964355
1446,0.47090134024620056
1447,0.5677127838134766
1448,2.0349020957946777
1449,0.3340923488140106
1450,1.3708035945892334
1451,2.117100238800049
1452,1.5091348886489868
1453,0.8940513134002686
1454,-0.5109024047851562
1455,1.3797225952148438
1456,1.1540418863296509
1457,1.620137333869934
1458,3.4775009155273438
1459,1.171624779701233
1460,1.2508777379989624
1461,1.5626037120819092
1462,0.7601964473724365
1463,1.949162483215332
1464,0.9086341261863708
1465,1.4237409830093384
1466,1.416211485862732
1467,0.491829514503479
1468,1.1834933757781982
1469,0.6550668478012085
1470,2.173814058303833
1471,2.074507713317871
1472,0.3044675588607788
1473,1.116876482963562
1474,0.9813618659973145
1475,0.9708458185195923
1476,2.814164638519287
1477,1.6784358024597168
1478,0.7728087902069092
1479,1.0179952383041382
1480,0.627577006816864
1481,-0.07802069187164307
1482,1.7730275392532349
1483,3.331879138946533
1484,0.8030092716217041
1485,-0.031061261892318726
1486,-0.17481450736522675
1487,0.3900810480117798
1488,1.2195725440979004
1489,1.673020362854004
1490,1.297379732131958
1491,1.6563423871994019
1492,0.6561095714569092
1493,-0.19219428300857544
1494,0.8399153351783752
1495,1.0571118593215942
1496,1.6226632595062256
1497,0.6030144095420837
1498,0.4831576347351074
1499,-0.29691171646118164
1500,1.0016974210739136
1501,0.33253777027130127
1502,0.9759843945503235
1503,3.6989336013793945
1504,0.6653545498847961
1505,-1.416010856628418
1506,-0.23586136102676392
1507,1.2553070783615112
1508,2.491285562515259
1509,2.037294626235962
1510,0.4551544189453125
1511,1.1992785930633545
1512,0.6169630885124207
1513,-0.37266480922698975
1514,-0.2096165418624878
1515,2.165354013442993
1516,2.004539728164673
1517,0.3859732747077942
1518,1.5316534042358398
1519,0.8992840647697449
1520,0.2798493206501007
1521,1.2457776069641113
1522,1.057060718536377
1523,0.952488124370575
1524,1.1429206132888794
1525,0.24183326959609985
1526,-0.05703800916671753
1527,3.1508419513702393
1528,1.1641180515289307
1529,-0.5919711589813232
1530,1.6320782899856567
1531,-0.2570350170135498
1532,0.033301323652267456
1533,1.273193597793579
1534,1.4483429193496704
1535,1.458308458328247
1536,1.1015727519989014
1537,1.195669412612915
1538,1.2471195459365845
1539,0.0488707460463047
1540,0.6748143434524536
1541,0.12455710023641586
1542,1.3660941123962402
1543,0.9054192304611206
1544,0.8547102212905884
1545,1.6424258947372437
1546,0.5994606018066406
1547,0.9757376909255981
1548,0.3058602213859558
1549,0.3448060154914856
1550,0.37395694851875305
1551,0.9652299880981445
1552,1.843701720237732
1553,1.934471607208252
1554,1.1998660564422607
1555,0.18148210644721985
1556,-0.2131383866071701
1557,0.7711120247840881
1558,-0.37946105003356934
1559,2.028810977935791
1560,1.9303040504455566
1561,-0.20661553740501404
1562,1.3824973106384277
1563,-0.06441983580589294
1564,-0.09530314803123474
1565,2.1086902618408203
1566,1.9256898164749146
1567,0.46893441677093506
1568,0.40912026166915894
1569,0.9337266683578491
1570,1.0968773365020752
1571,1.846667766571045
1572,1.427496314048767
1573,-0.06615705788135529
1574,1.0914862155914307
1575,1.4738824367523193
1576,-0.8364437818527222
1577,1.0112611055374146
1578,4.170618534088135
1579,0.9587492942810059
1580,-1.0787949562072754
1581,2.141641855239868
1582,0.8916432857513428
1583,0.04859185963869095
1584,2.412285804748535
1585,1.3025927543640137
1586,1.309537410736084
1587,2.5494494438171387
1588,0.15989375114440918
1589,-0.8659812808036804
1590,2.8987836837768555
1591,1.9706975221633911
1592,-1.1574734449386597
1593,2.4799022674560547
1594,2.3908777236938477
1595,-1.4825503826141357
1596,2.9088680744171143
1597,3.345161199569702
1598,-0.9207874536514282
1599,0.6508290767669678
1600,2.1073098182678223
1601,-1.391401767730713
1602,2.07138991355896
1603,3.854292392730713
1604,-0.9369007349014282
1605,1.318511724472046
1606,2.7524428367614746
1607,-1.35882568359375
1608,-0.4747151732444763
1609,4.361907958984375
1610,1.0399870872497559
1611,-1.1449668407440186
1612,2.7586140632629395
1613,1.0331478118896484
1614,-0.763950765132904
1615,3.43825626373291
1616,1.4950686693191528
1617,0.9118953943252563
1618,1.7080328464508057
1619,0.4946751296520233
1620,-0.9465600848197937
1621,0.8627655506134033
1622,4.377995014190674
1623,1.3072483539581299
1624,0.5912341475486755
1625,1.7460355758666992
1626,-1.1042234897613525
1627,0.9811108112335205
1628,3.971085548400879
1629,1.0762856006622314
1630,1.0056226253509521
1631,1.530416488647461
1632,-0.34553253650665283
1633,-1.5022481679916382
1634,3.3884007930755615
1635,3.620624303817749
1636,-0.34991124272346497
1637,1.1865730285644531
1638,1.675442099571228
1639,-1.1685131788253784
1640,1.374021291732788
1641,2.907663345336914
1642,0.640260636806488
1643,1.0497465133666992
1644,1.8113515377044678
1645,-0.07321290671825409
1646,-0.15477511286735535
1647,2.541303873062134
1648,1.7685673236846924
1649,1.7666621208190918
1650,2.120837926864624
1651,0.16145354509353638
1652,-1.202217936515808
1653,2.1387381553649902
1654,2.0412986278533936
1655,0.9487043619155884
1656,2.0023558139801025
1657,1.1412550210952759
1658,-0.5972557663917542
1659,1.09396231174469
1660,2.1714541912078857
1661,1.435943603515625
1662,1.5105772018432617
1663,1.5078085660934448
1664,0.05664908513426781
1665,-0.22648435831069946
1666,2.152810573577881
1667,0.45107167959213257
1668,1.0242093801498413
1669,2.1964337825775146
1670,0.9858254790306091
1671,0.42444726824760437
1672,1.5917669534683228
1673,0.09209263324737549
1674,1.2606556415557861
1675,1.9950764179229736
1676,0.3322944641113281
1677,0.6377196907997131
1678,0.893199622631073
1679,0.5414721965789795
1680,1.0749248266220093
1681,2.1918129920959473
1682,0.6436210870742798
1683,0.9357345700263977
1684,0.5338499546051025
1685,1.2722963094711304
1686,1.2204086780548096
1687,0.6807229518890381
1688,0.25952595472335815
1689,1.1145693063735962
1690,1.0075011253356934
1691,0.7245949506759644
1692,1.5532407760620117
1693,1.9035931825637817
1694,0.8221604824066162
1695,-0.13844630122184753
1696,1.0460755825042725
1697,1.3836671113967896
1698,0.5439560413360596
1699,-0.7049655318260193
1700,1.1878259181976318
1701,1.3994684219360352
1702,2.2395458221435547
1703,0.6790992021560669
1704,-0.09470866620540619
1705,1.884769320487976
1706,0.8773566484451294
1707,-0.16370297968387604
1708,1.1411359310150146
1709,0.8904786705970764
1710,0.07245853543281555
1711,0.970970630645752
1712,1.2605626583099365
1713,1.1163623332977295
1714,0.7060096263885498
1715,0.39760395884513855
1716,0.3538326025009155
1717,1.6693687438964844
1718,0.27093613147735596
1719,0.07585275173187256
1720,2.2341203689575195
1721,-1.122166395187378
1722,-0.4584449529647827
1723,3.666903495788574
1724,0.22045274078845978
1725,0.24580079317092896
1726,1.9136607646942139
1727,0.5096868276596069
1728,0.7592357993125916
1729,0.9552901387214661
1730,-0.7707799673080444
1731,1.8257170915603638
1732,1.4154471158981323
1733,-0.6110087037086487
1734,0.9070382118225098
1735,0.7275951504707336
1736,1.193905234336853
1737,1.6870917081832886
1738,1.3980169296264648
1739,-0.7002472877502441
1740,-0.1723080575466156
1741,0.38582873344421387
1742,0.5831316113471985
1743,1.1042547225952148
1744,1.4496371746063232
1745,0.943126916885376
1746,0.20904186367988586
1747,-1.0686148405075073
1748,0.3689022660255432
1749,2.035879611968994
1750,1.1483163833618164
1751,0.6891211867332458
1752,-0.41333234310150146
1753,0.30505794286727905
1754,0.005325734615325928
1755,0.361782968044281
1756,1.6469438076019287
1757,0.8447887897491455
1758,0.7176697254180908
1759,0.16916273534297943
1760,-0.32319289445877075
1761,0.5083336234092712
1762,0.06359241157770157
1763,0.37915515899658203
1764,1.0903778076171875
1765,0.5345075726509094
1766,0.32616835832595825
1767,-0.5646284818649292
1768,0.7665604948997498
1769,0.8557542562484741
1770,0.28549325466156006
1771,2.451439619064331
1772,-0.1781420111656189
1773,-1.6919543743133545
1774,-0.010182768106460571
1775,1.582207202911377
1776,0.9142301678657532
1777,0.1592424511909485
1778,-0.11321352422237396
1779,1.0620818138122559
1780,0.6089001297950745
1781,-0.5836358070373535
1782,0.7492994070053101
1783,0.05043265223503113
1784,0.5276147127151489
1785,-0.6540664434432983
1786,0.8154900074005127
1787,1.969873070716858
1788,0.48028993606567383
1789,-0.01917162537574768
1790,1.429365873336792
1791,0.7975347638130188
1792,-0.31564003229141235
1793,1.2926745414733887
1794,0.023696452379226685
1795,0.8387162685394287
1796,1.287474274635315
1797,0.8585245609283447
1798,-0.9162649512290955
1799,0.08084937930107117
1800,1.823120355606079
1801,0.7694072127342224
1802,0.9762239456176758
1803,1.3386526107788086
1804,0.571724534034729
1805,-0.8594864010810852
1806,0.9928892850875854
1807,0.9320007562637329
1808,1.687018871307373
1809,0.8115791082382202
1810,0.5689165592193604
1811,-0.134121373295784
1812,0.3200257420539856
1813,2.1805074214935303
1814,0.21972212195396423
1815,0.40741848945617676
1816,0.7335218787193298
1817,0.2312665730714798
1818,-0.17028555274009705
1819,1.3895840644836426
1820,0.34632837772369385
1821,0.5254513025283813
1822,1.5897674560546875
1823,1.5804637670516968
1824,-0.6133413910865784
1825,0.5551052689552307
1826,0.7223728895187378
1827,0.2926251292228699
1828,1.4699658155441284
1829,0.5889942646026611
1830,0.5179314613342285
1831,-1.0091066360473633
1832,1.7666057348251343
1833,1.414396047592163
1834,1.5177276134490967
1835,-0.0870768129825592
1836,-0.6996811628341675
1837,0.7327435612678528
1838,1.2227396965026855
1839,2.340930700302124
1840,0.43226850032806396
1841,0.5391420722007751
1842,0.7281374931335449
1843,-0.4259299337863922
1844,0.5590943098068237
1845,2.3694233894348145
1846,0.6749835014343262
1847,0.3548383414745331
1848,1.3668491840362549
1849,0.6041771173477173
1850,-1.4257690906524658
1851,1.488061547279358
1852,2.2273685932159424
1853,-0.6018529534339905
1854,2.279048204421997
1855,1.3983443975448608
1856,-0.6806289553642273
1857,0.5809831619262695
1858,1.5249695777893066
1859,1.041002869606018
1860,0.773466169834137
1861,1.3938407897949219
1862,-1.0068308115005493
1863,0.10673046112060547
1864,1.4646708965301514
1865,1.0792709589004517
1866,1.6273308992385864
1867,0.509828507900238
1868,0.9904545545578003
1869,0.13568168878555298
1870,0.21665629744529724
1871,1.5944318771362305
1872,0.7133318781852722
1873,1.0481549501419067
1874,0.7854464054107666
1875,0.5472890734672546
1876,0.8157339692115784
1877,-0.09800897538661957
1878,1.352033019065857
1879,-0.1447180211544037
1880,0.6194377541542053
1881,0.7993515729904175
1882,0.2639584541320801
1883,1.057926058769226
1884,-0.2035321295261383
1885,0.04342980310320854
1886,0.5244383215904236
1887,2.29388689994812
1888,-0.17793411016464233
1889,-0.42146748304367065
1890,1.401768684387207
1891,0.5092067718505859
1892,-0.043686702847480774
1893,1.2283430099487305
1894,-0.2975320816040039
1895,-1.0892733335494995
1896,0.3866007924079895
1897,0.7056015729904175
1898,1.0643310546875
1899,0.6780970096588135
1900,1.253704309463501
1901,0.10442498326301575
1902,0.38207557797431946
1903,0.3769904375076294
1904,-0.4276636242866516
1905,0.9288149476051331
1906,-0.10548309981822968
1907,0.09895986318588257
1908,1.7867642641067505
1909,0.846566915512085
1910,0.16205152869224548
1911,0.15105539560317993
1912,0.2976067066192627
1913,-0.09373022615909576
1914,0.8656826019287109
1915,0.678703248500824
1916,-0.24759110808372498
1917,1.1423925161361694
1918,1.5310747623443604
1919,-0.10047256201505661
1920,0.5308444499969482
1921,-0.3287317752838135
1922,0.6054847240447998
1923,0.8015847206115723
1924,-0.42945653200149536
1925,1.0995091199874878
1926,1.0086665153503418
1927,0.705166220664978
1928,-0.3901802897453308
1929,0.5858554840087891
1930,0.026679731905460358
1931,0.07275509834289551
1932,-0.18881313502788544
1933,1.6252098083496094
1934,1.7095953226089478
1935,-0.31345129013061523
1936,1.0355513095855713
1937,0.05302329733967781
1938,-0.8577407598495483
1939,0.36722978949546814
1940,0.7381418943405151
1941,0.3294886350631714
1942,-0.23834243416786194
1943,-0.0911487266421318
1944,0.8991612195968628
1945,0.7081389427185059
1946,0.8372836709022522
1947,0.09486845135688782
1948,0.5565676093101501
1949,0.15818652510643005
1950,-1.1662676334381104
1951,0.24538260698318481
1952,1.3526250123977661
1953,0.7701182961463928
1954,-0.5098754167556763
1955,0.20667150616645813
1956,0.25642484426498413
1957,-0.5919237732887268
1958,0.8922058343887329
1959,-0.5133436322212219
1960,1.1743367910385132
1961,0.6532663702964783
1962,-0.6991171836853027
1963,0.0019476711750030518
1964,-0.5240212082862854
1965,0.2234918773174286
1966,0.40652018785476685
1967,1.105225682258606
1968,0.23898522555828094
1969,-0.8275721669197083
1970,-0.28833910822868347
1971,1.2958946228027344
1972,0.2824799716472626
1973,-0.006118360906839371
1974,0.010643228888511658
1975,-0.593867838382721
1976,-0.7762748599052429
1977,0.31214749813079834
1978,0.770396888256073
1979,1.5591102838516235
1980,0.17051193118095398
1981,-0.2581378221511841
1982,-0.3953719139099121
1983,-0.9187862873077393
1984,0.45540422201156616
1985,0.33891329169273376
1986,0.6257915496826172
1987,-0.49944236874580383
1988,-0.7167999744415283
1989,-0.22770202159881592
1990,0.45590850710868835
1991,0.787977397441864
1992,0.5236851572990417
1993,-0.017386743798851967
1994,-0.9195808172225952
1995,-1.370253562927246
1996,1.0302793979644775
1997,-0.2614050507545471
1998,0.33379191160202026
1999,0.7879020571708679
2000,-1.0523122549057007
2001,-0.3725580871105194
2002,-0.18672950565814972
2003,-0.10598178207874298
2004,0.12103200703859329
2005,1.1318721771240234
2006,0.21756616234779358
2007,-0.9259648323059082
2008,-0.938263475894928
2009,-0.5894205570220947
2010,-0.36204010248184204
2011,2.0307273864746094
2012,0.9274406433105469
2013,-0.8916958570480347
2014,-0.8247195482254028
2015,-0.5448204278945923
2016,-0.32054027915000916
2017,1.0955418348312378
2018,0.3339695334434509
2019,-1.2004356384277344
2020,-0.11709330976009369
2021,-0.6762515902519226
2022,-0.6643511056900024
2023,0.7181541919708252
2024,1.5668249130249023
2025,0.30979037284851074
2026,-0.39351317286491394
2027,-0.7696694135665894
2028,-1.570825457572937
2029,-0.5541279911994934
2030,1.904414415359497
2031,1.4679577350616455
2032,-0.015671998262405396
2033,-1.0786731243133545
2034,-1.2435859441757202
2035,0.06642898917198181
2036,1.3497912883758545
2037,0.7013712525367737
2038,-0.09870287775993347
2039,-0.4588918387889862
2040,-0.9824804067611694
2041,-0.8883442878723145
2042,0.8390895128250122
2043,1.175768494606018
2044,0.9076374769210815
2045,0.12263522297143936
2046,-0.9974830150604248
2047,-0.5297852158546448
2048,-0.8101484775543213
2049,0.9568543434143066
2050,1.0903303623199463
2051,0.7568368315696716
2052,-0.4930928349494934
2053,-0.931113600730896
2054,-0.1839171051979065
2055,0.4697956442832947
2056,1.1753618717193604
2057,0.6898087859153748
2058,-0.060410454869270325
2059,-0.5189377665519714
2060,-0.7180403470993042
2061,-0.2246478796005249
2062,0.8159698247909546
2063,1.2106711864471436
2064,0.2881374955177307
2065,-0.2492019236087799
2066,0.25286340713500977
2067,-1.3306822776794434
2068,0.8333595991134644
2069,0.6345675587654114
2070,0.48482799530029297
2071,1.175543189048767
2072,-1.1700252294540405
2073,-0.5486584901809692
2074,0.14139056205749512
2075,1.3509842157363892
2076,0.6187151670455933
2077,0.050476424396038055
2078,0.7118000984191895
2079,-0.8856441378593445
2080,0.1496778279542923
2081,0.7713044881820679
2082,-0.04730914533138275
2083,0.7499305009841919
2084,0.701242983341217
2085,0.7664198279380798
2086,-0.15217968821525574
2087,-0.24358034133911133
2088,0.9935777187347412
2089,0.12748152017593384
2090,1.477102279663086
2091,0.8806044459342957
2092,-0.5107921957969666
2093,0.11676548421382904
2094,-0.14763453602790833
2095,0.8248927593231201
2096,0.7946367263793945
2097,1.4516563415527344
2098,-0.028337597846984863
2099,0.05022568255662918
2100,0.18050973117351532
2101,-0.18898603320121765
2102,1.2099783420562744
2103,0.8625128865242004
2104,0.00967465341091156
2105,0.7632099390029907
2106,0.8784123063087463
2107,-0.07014144957065582
2108,0.11539844423532486
2109,0.7629947662353516
2110,1.1645739078521729
2111,0.7414581775665283
2112,0.5566028356552124
2113,-0.17204886674880981
2114,0.35320019721984863
2115,0.6191889047622681
2116,0.8743060827255249
2117,0.8007220029830933
2118,0.39959806203842163
2119,0.1140223890542984
2120,0.4731014668941498
2121,0.48361700773239136
2122,0.8441310524940491
2123,1.0176112651824951
2124,0.5839234590530396
2125,0.388095885515213
2126,0.26410454511642456
2127,-0.264963835477829
2128,0.007356300950050354
2129,1.238501787185669
2130,1.3208786249160767
2131,0.727614164352417
2132,0.6529567241668701
2133,0.1805051565170288
2134,-0.15809592604637146
2135,0.6125524044036865
2136,0.8074681162834167
2137,1.2056453227996826
2138,0.20924468338489532
2139,-0.11378464847803116
2140,0.8475033044815063
2141,0.6658092737197876
2142,0.1509806215763092
2143,1.0997525453567505
2144,0.8945768475532532
2145,-0.1541709154844284
2146,-0.8843902349472046
2147,0.9233986735343933
2148,0.856900691986084
2149,0.2443946897983551
2150,1.8422755002975464
2151,0.9164662957191467
2152,-0.42190125584602356
2153,-0.32318103313446045
2154,0.0710153579711914
2155,0.8708364963531494
2156,1.3205747604370117
2157,0.3609341084957123
2158,0.3495829403400421
2159,-0.12645223736763
2160,-0.16560262441635132
2161,-0.7720353603363037
2162,1.4963594675064087
2163,1.8200664520263672
2164,-0.7188067436218262
2165,0.13015004992485046
2166,0.5523524880409241
2167,-0.9132369160652161
2168,0.2516615390777588
2169,2.517408609390259
2170,0.5103100538253784
2171,-0.17737284302711487
2172,-0.5141394734382629
2173,-0.5584351420402527
2174,0.6130532622337341
2175,1.5927664041519165
2176,0.28394615650177
2177,-0.1510997861623764
2178,0.028698712587356567
2179,-1.6322822570800781
2180,-0.0936625599861145
2181,1.2669731378555298
2182,1.324570655822754
2183,0.0855482816696167
2184,-0.15569108724594116
2185,-0.030432328581809998
2186,-0.9075101613998413
2187,-0.1515360325574875
2188,1.6422350406646729
2189,0.9085458517074585
2190,-0.29633232951164246
2191,-0.1203586608171463
2192,-0.8247030973434448
2193,-0.34469106793403625
2194,0.44140687584877014
2195,0.9067603349685669
2196,0.4151305556297302
2197,-0.34614020586013794
2198,-0.3913039565086365
2199,-0.7097760438919067
2200,0.6023727059364319
2201,1.8849738836288452
2202,-0.3549366593360901
2203,-0.06475147604942322
2204,-0.01740160584449768
2205,-2.177802324295044
2206,-0.042244553565979004
2207,1.1776864528656006
2208,0.7325970530509949
2209,0.5325906872749329
2210,-0.15069806575775146
2211,-0.6874144077301025
2212,-1.102184534072876
2213,0.6539076566696167
2214,0.680903971195221
2215,0.3357051610946655
2216,0.6591882109642029
2217,-0.9353523254394531
2218,-0.07046068459749222
2219,0.4663437008857727
2220,-0.18805280327796936
2221,0.35331279039382935
2222,1.3959102630615234
2223,-0.7616751790046692
2224,-2.4206864833831787
2225,0.39327770471572876
2226,0.7607339024543762
2227,0.10045447945594788
2228,1.640359878540039
2229,0.45734715461730957
2230,-0.7472957372665405
2231,-0.5265495181083679
2232,-0.10218143463134766
2233,0.9381850361824036
2234,0.7026769518852234
2235,0.8871840238571167
2236,-1.1098277568817139
2237,0.21475595235824585
2238,0.019771069288253784
2239,-1.070719599723816
2240,0.920295000076294
2241,0.5274296402931213
2242,-0.0740482360124588
2243,-0.2906632423400879
2244,0.7700020670890808
2245,-0.6370471119880676
2246,-0.10260820388793945
2247,2.192816972732544
2248,0.6022089123725891
2249,-0.5395363569259644
2250,0.28346848487854004
2251,-0.14373242855072021
2252,0.1142088919878006
2253,0.7199004888534546
2254,1.148413062095642
2255,-0.3168140649795532
2256,-0.45261502265930176
2257,0.4739357829093933
2258,-0.13571488857269287
2259,0.6238909959793091
2260,0.6762252449989319
2261,0.44118908047676086
2262,0.2453577220439911
2263,0.07693689316511154
2264,-0.1610029637813568
2265,0.6750295162200928
2266,1.5766035318374634
2267,0.46801650524139404
2268,-0.18356773257255554
2269,0.544657826423645
2270,-0.17093107104301453
2271,-0.38157910108566284
2272,0.3139714300632477
2273,1.1051238775253296
2274,0.3644968867301941
2275,0.32447463274002075
2276,0.6574018597602844
2277,0.15424805879592896
2278,0.44972699880599976
2279,0.44410598278045654
2280,0.8508081436157227
2281,0.9173007011413574
2282,-0.14692047238349915
2283,-0.44856446981430054
2284,-0.060418713837862015
2285,0.33383652567863464
2286,0.9341236352920532
2287,0.5445330142974854
2288,0.20241768658161163
2289,-0.1601606160402298
2290,0.054501309990882874
2291,0.15739962458610535
2292,1.0929361581802368
2293,0.3642132580280304
2294,0.5625936985015869
2295,0.6232659816741943
2296,0.12716414034366608
2297,0.11292476952075958
2298,-0.17041735351085663
2299,0.23678337037563324
2300,0.09209726750850677
2301,1.092068076133728
2302,-0.19709822535514832
2303,-0.17735251784324646
2304,0.3174365758895874
2305,-0.058377183973789215
2306,0.7059981226921082
2307,0.848260223865509
2308,-0.4313245117664337
2309,0.36578959226608276
2310,1.0063400268554688
2311,0.1803782433271408
2312,0.2935277223587036
2313,0.2331482470035553
2314,-0.163658007979393
2315,-0.22657932341098785
2316,0.7217351794242859
2317,-0.1969185322523117
2318,0.26332759857177734
2319,0.3073103427886963
2320,0.07228308916091919
2321,0.15268081426620483
2322,0.47599589824676514
2323,0.10626441240310669
2324,-0.9545217752456665
2325,0.7557457685470581
2326,0.7542111873626709
2327,-0.46094489097595215
2328,0.2248743772506714
2329,1.2111592292785645
2330,-0.3298397958278656
2331,-0.7654303908348083
2332,0.9399917125701904
2333,0.06422719359397888
2334,-0.8271719813346863
2335,0.043610475957393646
2336,-0.36332443356513977
2337,0.8755746483802795
2338,0.5789309144020081
2339,-0.25987952947616577
2340,0.8326621055603027
2341,0.3944743573665619
2342,-1.2053263187408447
2343,-0.6801348924636841
2344,1.0783684253692627
2345,0.26597970724105835
2346,-0.39246758818626404
2347,-0.06531180441379547
2348,0.006570644676685333
2349,-0.13980458676815033
2350,-0.892022430896759
2351,-0.08386904001235962
2352,1.1038259267807007
2353,-0.1981295347213745
2354,0.3192957937717438
2355,0.4067397713661194
2356,-0.40984082221984863
2357,-0.43544089794158936
2358,-0.28444066643714905
2359,-0.20071274042129517
2360,1.3094042539596558
2361,-0.1447015404701233
2362,-0.9438686370849609
2363,0.5705488920211792
2364,-0.005966991186141968
2365,-0.4581381380558014
2366,0.3466518521308899
2367,0.3750753104686737
2368,-0.7773895263671875
2369,-0.5222023725509644
2370,-0.2714645266532898
2371,0.6286922693252563
2372,0.4272310733795166
2373,0.23386473953723907
2374,0.1484539806842804
2375,0.2268100529909134
2376,-0.7571261525154114
2377,-0.6586334705352783
2378,-0.4424890875816345
2379,0.5071026682853699
2380,0.6694300174713135
2381,0.28002724051475525
2382,-0.11904631555080414
2383,-0.7358205318450928
2384,-0.7824864387512207
2385,0.3123978078365326
2386,1.6232842206954956
2387,0.0853050947189331
2388,-0.41464731097221375
2389,-1.2145471572875977
2390,-0.49518269300460815
2391,1.0446478128433228
2392,1.1616216897964478
2393,-0.5224805474281311
2394,-0.3923063278198242
2395,-0.5648788213729858
2396,-0.30175453424453735
2397,0.424754798412323
2398,0.7629120945930481
2399,0.34170934557914734
2400,-0.06889927387237549
2401,-0.2668306827545166
2402,-1.0091835260391235
2403,0.155958354473114
2404,-0.249521404504776
2405,0.3148702383041382
2406,0.8984923362731934
2407,-0.1725005805492401
2408,-0.6933706402778625
2409,-0.3401183485984802
2410,-0.3074286878108978
2411,0.6900988817214966
2412,0.40786319971084595
2413,0.048827510327100754
2414,-0.07355436682701111
2415,-0.5176526308059692
2416,-0.48182564973831177
2417,-0.13949060440063477
2418,0.9463321566581726
2419,0.10408498346805573
2420,-0.10863025486469269
2421,-0.41742581129074097
2422,-0.5240777134895325
2423,-0.2217162847518921
2424,0.5046985745429993
2425,0.9853317737579346
2426,-0.07553251087665558
2427,-0.3575703799724579
2428,-0.4424175024032593
2429,-0.6236798763275146
2430,0.2535892724990845
2431,0.4453964829444885
2432,0.49280884861946106
2433,0.5487890243530273
2434,-0.7224995493888855
2435,-0.1937241554260254
2436,-0.3803642988204956
2437,-0.3343585133552551
2438,0.6377660632133484
2439,0.8513169884681702
2440,0.10473164916038513
2441,-0.4589484930038452
2442,-0.4385971426963806
2443,-0.34314849972724915
2444,1.1007027626037598
2445,1.0341880321502686
2446,-0.31553834676742554
2447,-0.8123220801353455
2448,-0.7762404680252075
2449,0.08974117040634155
2450,0.8139225244522095
2451,0.6167289614677429
2452,-0.1775243580341339
2453,-0.28808796405792236
2454,0.056839246302843094
2455,-0.2835044264793396
2456,0.9571656584739685
2457,0.33842551708221436
2458,-0.4000612199306488
2459,0.23324967920780182
2460,0.3352213203907013
2461,-0.4299948513507843
2462,-0.37225696444511414
2463,0.5158570408821106
2464,0.02124302089214325
2465,0.04681852459907532
2466,0.5619757771492004
2467,-0.17808136343955994
2468,0.2542978823184967
2469,0.27427858114242554
2470,-0.8872944116592407
2471,0.9351657629013062
2472,0.7670324444770813
2473,-0.8516073226928711
2474,-0.1281309425830841
2475,0.9748982191085815
2476,-0.22960950434207916
2477,0.10438346862792969
2478,0.904256284236908
2479,-0.3115881383419037
2480,-0.3239160478115082
2481,0.22880204021930695
2482,-0.11546018719673157
2483,0.17032049596309662
2484,1.0396063327789307
2485,-0.31104597449302673
2486,-0.7486076354980469
2487,0.8209413290023804
2488,0.3902716636657715
2489,-0.2230396568775177
2490,0.15866386890411377
2491,0.9536483883857727
2492,-0.3634040951728821
2493,-0.587177038192749
2494,1.1029938459396362
2495,-0.2541504204273224
2496,0.033450499176979065
2497,0.2589966058731079
2498,0.681050181388855
2499,0.10657840967178345
2500,-0.11268651485443115
2501,0.0769415944814682
2502,0.13291990756988525
2503,1.1168017387390137
2504,0.43456655740737915
2505,-0.36097466945648193
2506,-0.06673485040664673
2507,-0.02027156949043274
2508,-0.45125842094421387
2509,0.5140184164047241
2510,0.767773449420929
2511,0.4189857244491577
2512,-0.022131873294711113
2513,0.5556516647338867
2514,-0.17731265723705292
2515,0.2814689576625824
2516,0.3876875936985016
2517,0.08790896832942963
2518,0.009965287521481514
2519,0.41338473558425903
2520,0.6438649296760559
2521,-0.6843981146812439
2522,0.18879666924476624
2523,0.6959109306335449
2524,0.10415860265493393
2525,0.22179096937179565
2526,0.6300914287567139
2527,-0.2135828137397766
2528,-0.33236056566238403
2529,0.2637832760810852
2530,1.1298104524612427
2531,1.2531876564025879e-05
2532,0.06203804910182953
2533,-0.08539984375238419
2534,-0.04013071954250336
2535,0.4551807940006256
2536,0.545512318611145
2537,-0.0755985677242279
2538,-0.2424393892288208
2539,0.4617456793785095
2540,-0.30097097158432007
2541,0.08350019156932831
2542,0.39699921011924744
2543,0.14987830817699432
2544,-0.18684345483779907
2545,0.4036366045475006
2546,0.4394296109676361
2547,-0.14499831199645996
2548,-0.3264010548591614
2549,0.20031893253326416
2550,0.38238054513931274
2551,0.5520718097686768
2552,-0.511357307434082
2553,-0.34135398268699646
2554,-0.17033186554908752
2555,0.08400307595729828
2556,0.28086569905281067
2557,0.343919038772583
2558,0.20036309957504272
2559,-0.6269586682319641
2560,-0.7474913597106934
2561,0.4219699501991272
2562,0.8022068738937378
2563,-0.05587926506996155
2564,-0.1685267984867096
2565,0.47829797863960266
2566,0.09033027291297913
2567,-0.8574832081794739
2568,-0.02600988745689392
2569,0.30524247884750366
2570,0.1267412304878235
2571,0.01449209451675415
2572,0.31938818097114563
2573,-0.6158466339111328
2574,0.1456042230129242
2575,-0.7578336000442505
2576,0.14887693524360657
2577,0.8651078343391418
2578,0.013593778014183044
2579,-0.626349925994873
2580,-0.10864056646823883
2581,0.20188304781913757
2582,-0.2958405315876007
2583,0.5455614924430847
2584,0.6461513638496399
2585,-0.01984076201915741
2586,-0.7197425365447998
2587,-0.586269199848175
2588,-0.36939457058906555
2589,0.11515233665704727
2590,0.06857633590698242
2591,0.08534839749336243
2592,-0.15888215601444244
2593,0.40284624695777893
2594,-0.6033387184143066
2595,0.31597405672073364
2596,0.022863492369651794
2597,0.006635489873588085
2598,-0.15651997923851013
2599,-0.10436691343784332
2600,0.4205625057220459
2601,-0.17426100373268127
2602,0.036215320229530334
2603,-0.2604745030403137
2604,-0.12477442622184753
2605,0.1758015751838684
2606,-0.20595675706863403
2607,-0.7566235661506653
2608,0.212357759475708
2609,0.265980988740921
2610,0.0025831349194049835
2611,0.0735284686088562
2612,0.27347227931022644
2613,-0.8181468844413757
2614,-0.13279685378074646
2615,0.5327081084251404
2616,0.125607430934906
2617,-0.05110374093055725
2618,-0.09851118922233582
2619,-0.3273690342903137
2620,-0.40184512734413147
2621,0.45738232135772705
2622,-0.06407266855239868
2623,-0.41083449125289917
2624,0.1604740470647812
2625,-0.25730761885643005
2626,-0.022765979170799255
2627,0.5649376511573792
2628,0.2551218271255493
2629,0.04692818224430084
2630,-0.2827531099319458
2631,0.1787148416042328
2632,-0.6523391008377075
2633,-0.3602640628814697
2634,-0.1544920802116394
2635,-0.039881933480501175
2636,0.5513302683830261
2637,0.17200037837028503
2638,-0.3616243004798889
2639,-0.3121618628501892
2640,0.057848162949085236
2641,0.1596224159002304
2642,0.23852655291557312
2643,0.15184444189071655
2644,0.006004750728607178
2645,-0.2677634656429291
2646,0.8260269165039062
2647,0.08251919597387314
2648,-0.22728173434734344
2649,-0.31115469336509705
2650,0.2060675323009491
2651,-0.31386038661003113
2652,-0.4907965660095215
2653,-0.08661676943302155
2654,0.11421370506286621
2655,0.2396545559167862
2656,-0.042909763753414154
2657,0.3694470524787903
2658,-0.25877827405929565
2659,-0.11988788098096848
2660,0.6476514935493469
2661,0.3920019268989563
2662,-0.3101474940776825
2663,-0.10779237747192383
2664,0.09588214755058289
2665,0.4996792674064636
2666,0.0013456307351589203
2667,0.20990534126758575
2668,-0.1579074114561081
2669,-0.8804695010185242
2670,-0.48863616585731506
2671,0.45173752307891846
2672,0.7079259753227234
2673,0.7536154985427856
2674,-0.2222684621810913
2675,0.011733625084161758
2676,-0.38410064578056335
2677,0.02726941555738449
2678,-0.47300073504447937
2679,0.08889889717102051
2680,0.7480867505073547
2681,-0.03876888006925583
2682,0.07387077808380127
2683,-0.19387371838092804
2684,0.1813831925392151
2685,-0.49583590030670166
2686,0.0782724916934967
2687,0.07825362682342529
2688,0.4859315752983093
2689,-0.3544081449508667
2690,-0.06755894422531128
2691,0.28369954228401184
2692,0.4701591730117798
2693,0.17790868878364563
2694,0.45116955041885376
2695,0.038768470287323
2696,-0.09561294317245483
2697,-0.6697560548782349
2698,-0.9061343669891357
2699,0.1644272804260254
2700,0.6336521506309509
2701,0.05661381036043167
2702,-0.11353136599063873
2703,0.7272678017616272
2704,-0.08369095623493195
2705,-0.20730246603488922
2706,0.20769409835338593
2707,0.41182664036750793
2708,0.492095023393631
2709,0.10485804080963135
2710,-0.7358905076980591
2711,0.17959967255592346
2712,-0.11132090538740158
2713,-0.2816658318042755
2714,-0.2967630624771118
2715,0.4896070063114166
2716,-0.04917224496603012
2717,-0.2415061593055725
2718,0.5142916440963745
2719,0.6154789924621582
2720,0.04246082156896591
2721,-0.25107133388519287
2722,-0.222673237323761
2723,0.020243674516677856
2724,0.2247418910264969
2725,-0.10894730687141418
2726,0.08898739516735077
2727,-0.3641054928302765
2728,-0.04917978495359421
2729,-0.08011908829212189
2730,0.012208458036184311
2731,0.24410361051559448
2732,-0.2942948043346405
2733,-0.38309556245803833
2734,0.4914129376411438
2735,-0.11489712446928024
2736,-0.2914815843105316
2737,-0.3632809519767761
2738,-0.12959516048431396
2739,-0.07670214772224426
2740,0.28021693229675293
2741,0.44741302728652954
2742,-0.29278457164764404
2743,0.14913488924503326
2744,-0.7671595215797424
2745,-0.1279086172580719
2746,0.32979801297187805
2747,-0.12002478539943695
2748,-0.30337247252464294
2749,-0.2194509506225586
2750,0.017343029379844666
2751,-0.7178874015808105
2752,0.5651082396507263
2753,0.7359408736228943
2754,-0.33236247301101685
2755,-0.18225431442260742
2756,-0.24448944628238678
2757,-0.7802343368530273
2758,-0.43875184655189514
2759,-0.21636009216308594
2760,0.042113907635211945
2761,0.5085820555686951
2762,0.5130548477172852
2763,-0.4216228127479553
2764,-0.7229945659637451
2765,-0.114566370844841
2766,-0.16708257794380188
2767,0.007054746150970459
2768,0.6551592350006104
2769,-0.20967945456504822
2770,-0.4309070408344269
2771,0.14311204850673676
2772,-0.3321506679058075
2773,0.3876739740371704
2774,0.06050887703895569
2775,-0.3017860949039459
2776,-0.16545678675174713
2777,0.2308337688446045
2778,0.015982765704393387
2779,0.043405115604400635
2780,0.1598764806985855
2781,-0.7229323983192444
2782,-0.5232202410697937
2783,0.4057868421077728
2784,-0.07461348176002502
2785,0.14323116838932037
2786,-0.15456220507621765
2787,-0.1885661780834198
2788,0.49569055438041687
2789,0.2588821351528168
2790,-0.2654130756855011
2791,-0.24444732069969177
2792,0.0029215142130851746
2793,-0.26482048630714417
2794,0.33204352855682373
2795,-0.04068916290998459
2796,-0.32778072357177734
2797,0.03925945237278938
2798,0.6602038145065308
2799,-0.1559239625930786
2800,0.2116583287715912
2801,-0.08383353054523468
2802,-0.6271827220916748
2803,0.07405843585729599
2804,0.5616545081138611
2805,0.13120493292808533
2806,0.1781127005815506
2807,-0.277230441570282
2808,-1.1362800598144531
2809,0.3584388494491577
2810,0.20930644869804382
2811,-0.26326286792755127
2812,0.28248855471611023
2813,0.09051452577114105
2814,-0.5173957347869873
2815,-0.07051664590835571
2816,0.7093134522438049
2817,0.27719101309776306
2818,-0.26476341485977173
2819,0.29386192560195923
2820,-0.3943720757961273
2821,0.2839217782020569
2822,-0.33018916845321655
2823,-0.27810171246528625
2824,0.5764939188957214
2825,-0.04507675766944885
2826,-0.21157702803611755
2827,-0.5640543699264526
2828,0.2370339334011078
2829,-0.20538422465324402
2830,0.4688197076320648
2831,0.6203714609146118
2832,0.0124251963570714
2833,-0.009702060371637344
2834,0.026243925094604492
2835,0.3444283604621887
2836,0.2999693751335144
2837,0.01522638276219368
2838,0.0025743432343006134
2839,-0.2998432219028473
2840,-0.17504867911338806
2841,-0.16764557361602783
2842,-0.16578999161720276
2843,0.636323869228363
2844,-0.13212233781814575
2845,0.43004992604255676
2846,0.24859625101089478
2847,-0.13074277341365814
2848,0.4269665479660034
2849,0.15826214849948883
2850,0.2226986289024353
2851,0.7414935827255249
2852,0.8013851046562195
2853,-0.16324305534362793
2854,-0.5513888597488403
2855,0.49277108907699585
2856,0.32287946343421936
2857,0.18977303802967072
2858,0.16396600008010864
2859,-0.37143611907958984
2860,0.07117398083209991
2861,0.4817500412464142
2862,0.5948750972747803
2863,0.38769274950027466
2864,0.316037654876709
2865,-0.5310827493667603
2866,0.2431928664445877
2867,0.37953004240989685
2868,-0.15529081225395203
2869,0.1417374312877655
2870,0.4719197750091553
2871,0.02672712132334709
2872,0.6077724695205688
2873,0.3590931296348572
2874,0.14045269787311554
2875,0.1619686484336853
2876,0.22022150456905365
2877,-0.2332007735967636
2878,0.21522043645381927
2879,1.0222870111465454
2880,-0.5977691411972046
2881,0.21474947035312653
2882,0.16923308372497559
2883,0.5377702116966248
2884,0.4347964823246002
2885,-0.07730560749769211
2886,-0.14259561896324158
2887,0.2059284895658493
2888,0.24075016379356384
2889,-0.2771459221839905
2890,0.07872878760099411
2891,0.22981950640678406
2892,-0.3189944624900818
2893,0.5373481512069702
2894,0.8602691888809204
2895,0.11567702144384384
2896,-0.4041454792022705
2897,0.12105724215507507
2898,-0.20478825271129608
2899,0.10549899190664291
2900,0.40506547689437866
2901,-0.38297349214553833
2902,-0.06055315211415291
2903,-0.30849412083625793
2904,0.25498276948928833
2905,0.08995535969734192
2906,0.5498009324073792
2907,-0.12013305723667145
2908,-0.07807311415672302
2909,0.078404501080513
2910,0.1397964060306549
2911,0.48045969009399414
2912,0.1240764707326889
2913,-0.16748011112213135
2914,0.1822713315486908
2915,0.013055659830570221
2916,0.20659801363945007
2917,0.08499552309513092
2918,-0.1894240379333496
2919,-0.36429715156555176
2920,0.03566749393939972
2921,0.9347538948059082
2922,-0.16258499026298523
2923,0.24583029747009277
2924,-0.3718263506889343
2925,0.19017551839351654
2926,0.3713851869106293
2927,0.34235474467277527
2928,0.3544410467147827
2929,-0.3356958329677582
2930,-0.6697714328765869
2931,0.22508364915847778
2932,0.940544843673706
2933,-0.13460615277290344
2934,-0.3351479470729828
2935,-0.1893496960401535
2936,0.3544774651527405
2937,0.13999399542808533
2938,0.2304135262966156
2939,0.053044334053993225
2940,0.3271520435810089
2941,-0.10468396544456482
2942,-0.037331268191337585
2943,0.04063866287469864
2944,0.23471961915493011
2945,-0.16695524752140045
2946,-0.649325966835022
2947,0.5375431180000305
2948,-0.05250993371009827
2949,-0.1276673972606659
2950,-0.23963011801242828
2951,-0.12787304818630219
2952,0.23358021676540375
2953,-0.28801780939102173
2954,0.13417983055114746
2955,0.12625190615653992
2956,-0.7866241931915283
2957,-0.127995565533638
2958,-0.12394660711288452
2959,0.8424582481384277
2960,0.5403023362159729
2961,-0.39865878224372864
2962,0.3257141709327698
2963,-0.270133912563324
2964,0.25461018085479736
2965,-0.03228768706321716
2966,-0.33914485573768616
2967,-0.04210660234093666
2968,-0.34692370891571045
2969,0.060757942497730255
2970,-0.11087701469659805
2971,-0.32988548278808594
2972,-0.26143643260002136
2973,0.22542835772037506
2974,0.33572202920913696
2975,0.17871540784835815
2976,0.14253726601600647
2977,-0.3099057078361511
2978,0.10884261131286621
2979,-0.2488194853067398
2980,0.5512446165084839
2981,-0.07187677919864655
2982,-0.12151046097278595
2983,0.06942549347877502
2984,-0.024215109646320343
2985,0.3769793212413788
2986,-0.2735323905944824
2987,0.16870032250881195
2988,-0.5217912793159485
2989,-0.4961753487586975
2990,-0.01843756064772606
2991,-0.3992692530155182
2992,-0.2565388083457947
2993,0.32241830229759216
2994,-0.2063184678554535
2995,0.5530999302864075
2996,0.5462428331375122
2997,-0.29695942997932434
2998,-0.4933326840400696
2999,0.22728393971920013
3000,-0.18505772948265076
3001,0.13027659058570862
3002,0.051122501492500305
3003,-0.3686680197715759
3004,-0.07286906242370605
3005,-0.08098804205656052
3006,0.2522663474082947
3007,-0.05154868960380554
3008,0.25702226161956787
3009,-1.078902006149292
3010,0.13531425595283508
3011,0.47456809878349304
3012,-0.3671310544013977
3013,0.125975102186203
3014,-0.01711612567305565
3015,-0.7183010578155518
3016,-0.3156474232673645
3017,0.4047931730747223
3018,0.10163305699825287
3019,-0.22072289884090424
3020,0.4381619691848755
3021,-0.16534587740898132
3022,0.5513831377029419
3023,0.73490309715271
3024,-0.5894063115119934
3025,0.22597046196460724
3026,-0.4230576753616333
3027,-0.2806946635246277
3028,-0.7227755188941956
3029,0.10923707485198975
3030,0.04980899393558502
3031,-0.2516443729400635
3032,0.7930263876914978
3033,0.07087096571922302
3034,-0.08528661727905273
3035,0.2168509066104889
3036,-0.31342220306396484
3037,-0.15206201374530792
3038,0.3449729084968567
3039,0.3047831952571869
3040,-0.03725377470254898
3041,-0.1480085551738739
3042,0.6215044260025024
3043,-0.20450352132320404
3044,0.08429408073425293
3045,0.32606613636016846
3046,-0.42913395166397095
3047,-0.21008272469043732
3048,-0.24238216876983643
3049,-0.004345913417637348
3050,0.2857164144515991
3051,0.059707023203372955
3052,0.23306453227996826
3053,0.29481908679008484
3054,-0.05626492202281952
3055,0.23414048552513123
3056,-0.37368354201316833
3057,-0.15479061007499695
3058,0.5482625961303711
3059,0.2670406997203827
3060,0.020622946321964264
3061,-0.06423142552375793
3062,-0.10896218568086624
3063,0.11810150742530823
3064,-0.1736365258693695
3065,0.1404542624950409
3066,0.059823401272296906
3067,-0.23414072394371033
3068,0.37136977910995483
3069,-0.10003159940242767
3070,0.5211326479911804
3071,0.4329233169555664
3072,-0.242110937833786
3073,-0.43445396423339844
3074,-0.13674677908420563
3075,-0.054770007729530334
3076,-0.2891014814376831
3077,0.1781218945980072
3078,0.33638304471969604
3079,-0.07716482132673264
3080,0.3677994906902313
3081,-0.017657220363616943
3082,-0.38560613989830017
3083,0.18452395498752594
3084,0.1321841925382614
3085,-0.18193134665489197
3086,0.08062410354614258
3087,0.30487674474716187
3088,-0.23913833498954773
3089,0.15941262245178223
3090,0.29045671224594116
3091,-0.2140006422996521
3092,-0.2696884572505951
3093,-0.1421065479516983
3094,-0.4476754367351532
3095,0.11835119873285294
3096,0.06413213908672333
3097,-0.23898330330848694
3098,0.3762398064136505
3099,0.3130560517311096
3100,-0.5682615041732788
3101,-0.4904259145259857
3102,0.12933918833732605
3103,-0.2014394849538803
3104,-0.07167184352874756
3105,0.2929833233356476
3106,0.01857089437544346
3107,0.4147486686706543
3108,0.19369898736476898
3109,-0.5370795130729675
3110,-0.16056275367736816
3111,0.09373767673969269
3112,-0.41762927174568176
3113,0.2309415638446808
3114,0.603938102722168
3115,0.06544817984104156
3116,-0.5637658834457397
3117,0.031468987464904785
3118,0.5552804470062256
3119,0.19708478450775146
3120,0.275920033454895
3121,-0.273464560508728
3122,-0.003149600699543953
3123,0.15072494745254517
3124,0.21467351913452148
3125,0.15844497084617615
3126,0.16326987743377686
3127,-0.38311827182769775
3128,-0.2705204486846924
3129,-0.0307221207767725
3130,0.29806455969810486
3131,-0.2165597677230835
3132,-0.5240238904953003
3133,0.6630703210830688
3134,0.4587254822254181
3135,0.12057395279407501
3136,0.24818168580532074
3137,-0.2473386824131012
3138,-0.20972515642642975
3139,0.1497432291507721
3140,0.04559982568025589
3141,0.037776462733745575
3142,0.023453574627637863
3143,-0.06850966811180115
3144,-0.18921272456645966
3145,0.48870575428009033
3146,-0.0702519565820694
3147,-0.4710816442966461
3148,0.2116830199956894
3149,-0.18975895643234253
3150,-0.2818412482738495
3151,0.17783407866954803
3152,0.3009963631629944
3153,0.32321441173553467
3154,-0.04223627969622612
3155,0.15561304986476898
3156,-0.2095690369606018
3157,-0.07367608696222305
3158,-0.43085557222366333
3159,0.09192653000354767
3160,0.5913150310516357
3161,0.277299165725708
3162,0.11042875796556473
3163,-0.0889681875705719
3164,0.5612160563468933
3165,-0.21890762448310852
3166,0.2563839852809906
3167,0.22560307383537292
3168,-0.0906672477722168
3169,0.08337812125682831
3170,0.2537102699279785
3171,0.12048225104808807
3172,0.06602784991264343
3173,0.11809792369604111
3174,-0.6244670748710632
3175,-0.39339277148246765
3176,0.5795994400978088
3177,0.04503648728132248
3178,0.5924980640411377
3179,1.1139543056488037
3180,0.001172039657831192
3181,0.36815863847732544
3182,-0.5874719619750977
3183,-0.2673984169960022
3184,-0.11224783211946487
3185,-0.40422672033309937
3186,0.02763030305504799
3187,-0.1258227825164795
3188,0.8245326280593872
3189,-0.2988094091415405
3190,0.009707078337669373
3191,0.19702933728694916
3192,-0.6938776969909668
3193,0.016695689409971237
3194,-0.27898529171943665
3195,0.5081806182861328
3196,-0.0303097665309906
3197,0.06349930167198181
3198,0.41147541999816895
3199,-0.3816709518432617
3200,0.3784756064414978
3201,-0.4338923394680023
3202,-0.1186603307723999
3203,0.2531934082508087
3204,0.0010225027799606323
3205,-0.24745765328407288
3206,0.3750721514225006
3207,0.0803670585155487
3208,-1.1765676736831665
3209,-0.07829038798809052
3210,-0.8026041984558105
3211,-0.06354723870754242
3212,0.3791636824607849
3213,0.2744963765144348
3214,0.1402381956577301
3215,0.5536883473396301
3216,0.6938840746879578
3217,-0.631508469581604
3218,0.30014297366142273
3219,0.06412966549396515
3220,-0.46670103073120117
3221,0.20186850428581238
3222,-0.15786351263523102
3223,-0.43227946758270264
3224,0.31587696075439453
3225,0.23174498975276947
3226,0.012152264825999737
3227,0.2582043707370758
3228,0.37475213408470154
3229,0.056724682450294495
3230,-0.4874075651168823
3231,0.010910764336585999
3232,0.10726729035377502
3233,-0.16945001482963562
3234,0.366277277469635
3235,0.01867770403623581
3236,0.3097628355026245
3237,-0.05845104157924652
3238,0.3416152000427246
3239,-0.14869731664657593
3240,-0.06414739787578583
3241,0.37185734510421753
3242,-0.17669452726840973
3243,0.24090322852134705
3244,-0.22497326135635376
3245,0.10172326862812042
3246,0.38744887709617615
3247,0.5618301630020142
3248,0.5700264573097229
3249,0.09592349827289581
3250,-0.08919969201087952
3251,-0.31728115677833557
3252,-0.4236530065536499
3253,0.2668033838272095
3254,0.3852430582046509
3255,0.16740170121192932
3256,-0.4524402320384979
3257,0.210186168551445
3258,0.02800276130437851
3259,0.47167330980300903
3260,0.7625598907470703
3261,0.023742403835058212
3262,0.5054299831390381
3263,0.06015974283218384
3264,0.2778601348400116
3265,0.2563289701938629
3266,-0.34034550189971924
3267,0.034726474434137344
3268,-0.37252408266067505
3269,0.3617193102836609
3270,0.42558547854423523
3271,-0.07063315808773041
3272,-0.029541639611124992
3273,-0.1503126472234726
3274,0.8335782289505005
3275,0.19467869400978088
3276,0.3611708879470825
3277,0.23060458898544312
3278,-0.4212607741355896
3279,0.48187997937202454
3280,0.45026376843452454
3281,0.3726778030395508
3282,0.475595623254776
3283,-0.35245025157928467
3284,0.30838680267333984
3285,-0.06153023988008499
3286,0.45754578709602356
3287,0.2919347882270813
3288,0.0930715948343277
3289,0.31072932481765747
3290,-0.3786798417568207
3291,0.4116819202899933
3292,0.16806478798389435
3293,0.14418986439704895
3294,0.6375236511230469
3295,0.3689061403274536
3296,-0.21367931365966797
3297,0.38757357001304626
3298,0.6791422963142395
3299,-0.36591389775276184
3300,-0.005954280495643616
3301,0.2390427589416504
3302,-0.014359310269355774
3303,0.4942014217376709
3304,-0.41010165214538574
3305,0.7090171575546265
3306,0.7477956414222717
3307,0.14961327612400055
3308,0.00634254515171051
3309,0.2692941427230835
3310,0.33582374453544617
3311,-0.5850334167480469
3312,0.7125392556190491
3313,0.7525721788406372
3314,-0.07031872123479843
3315,0.11322632431983948
3316,-0.0953533947467804
3317,0.0754932314157486
3318,0.35204625129699707
3319,-0.736851692199707
3320,-0.1440432071685791
3321,0.34715962409973145
3322,0.4167843461036682
3323,0.23952312767505646
3324,0.355776309967041
3325,0.27113693952560425
3326,-0.07150439918041229
3327,0.396604061126709
3328,-0.017678283154964447
3329,0.07746684551239014
3330,0.05074739456176758
3331,-0.20340730249881744
3332,0.23495639860630035
3333,0.7240184545516968
3334,-0.26704269647598267
3335,-0.01856185495853424
3336,-0.25987139344215393
3337,-0.31011998653411865
3338,-0.2826375365257263
3339,0.13268764317035675
3340,0.5466760993003845
3341,0.05936199426651001
3342,0.23886241018772125
3343,0.006327301263809204
3344,0.1263323277235031
3345,-0.1303006410598755
3346,-0.007304053753614426
3347,-0.4252234995365143
3348,0.2912593483924866
3349,0.08471781760454178
3350,0.05720415711402893
3351,0.20512498915195465
3352,-0.38249221444129944
3353,0.08087362349033356
3354,-0.03252255916595459
3355,-0.06994020938873291
3356,-0.022886736318469048
3357,0.3320826292037964
3358,0.5439190864562988
3359,-0.30366218090057373
3360,-0.14282432198524475
3361,-0.12524306774139404
3362,-0.09738635271787643
3363,-0.09875568747520447
3364,-0.40455490350723267
3365,0.2943207621574402
3366,0.15664833784103394
3367,-0.31604844331741333
3368,0.5417595505714417
3369,0.3259437680244446
3370,-0.5465956330299377
3371,0.1259763240814209
3372,-0.3306022882461548
3373,0.23905134201049805
3374,0.4841359257698059
3375,0.4278483986854553
3376,0.31921297311782837
3377,-0.24539527297019958
3378,-0.34708282351493835
3379,-0.26857200264930725
3380,-0.32809218764305115
3381,-0.21990713477134705
3382,-0.2979940176010132
3383,0.3969780504703522
3384,0.4336909055709839
3385,-0.10536207258701324
3386,-0.03482195362448692
3387,-0.26952654123306274
3388,0.03583938628435135
3389,-0.08620133996009827
3390,0.580935001373291
3391,0.35693976283073425
3392,0.404197096824646
3393,0.10841090232133865
3394,0.06966446340084076
3395,0.00033033639192581177
3396,-0.38015323877334595
3397,-0.4827432632446289
3398,-0.3981911838054657
3399,-0.25889745354652405
3400,0.15063408017158508
3401,0.5995886921882629
3402,0.21979478001594543
3403,0.11968103796243668
3404,-0.1489650011062622
3405,-0.04299718514084816
3406,0.11271746456623077
3407,0.1818481683731079
3408,-0.1286313384771347
3409,0.3195898234844208
3410,0.4379463195800781
3411,0.27459171414375305
3412,0.44166484475135803
3413,0.10878224670886993
3414,0.07189761847257614
3415,-0.1550406813621521
3416,0.05410809814929962
3417,0.06655799597501755
3418,-0.10553662478923798
3419,0.37294381856918335
3420,0.2398417890071869
3421,0.3984658122062683
3422,0.10047212243080139
3423,0.09442294389009476
3424,-0.10829605907201767
3425,-0.07886285334825516
3426,0.18661968410015106
3427,-0.15476462244987488
3428,0.41291117668151855
3429,0.3347472548484802
3430,0.22680050134658813
3431,0.4229905903339386
3432,0.3136518895626068
3433,-0.07547717541456223
3434,-0.06804046779870987
3435,0.3219589293003082
3436,0.6303605437278748
3437,0.10906711220741272
3438,0.13148683309555054
3439,-0.039488911628723145
3440,-0.18731972575187683
3441,0.4364166855812073
3442,-0.23037134110927582
3443,0.0998503714799881
3444,-0.2860684096813202
3445,-0.4274616837501526
3446,0.6820003986358643
3447,0.6856375336647034
3448,0.5764950513839722
3449,-0.10924132913351059
3450,0.45541566610336304
3451,0.4105551242828369
3452,0.38821250200271606
3453,0.37152642011642456
3454,-0.30942508578300476
3455,0.21743260324001312
3456,-0.23271235823631287
3457,0.8100423812866211
3458,0.23606562614440918
3459,-0.13320723176002502
3460,-0.6691615581512451
3461,-0.2350025326013565
3462,0.8004602193832397
3463,-0.005900748074054718
3464,0.6148739457130432
3465,-0.5721983909606934
3466,-0.19698908925056458
3467,0.17021048069000244
3468,0.7370803356170654
3469,0.35231339931488037
3470,0.2574349343776703
3471,-0.056798115372657776
3472,-0.28044337034225464
3473,0.6905743479728699
3474,0.10562364757061005
3475,0.03873579949140549
3476,-0.4588821828365326
3477,-0.037534505128860474
3478,-0.1710367500782013
3479,0.07394092530012131
3480,-0.021193429827690125
3481,-0.1746785044670105
3482,0.08591607213020325
3483,0.07363775372505188
3484,0.5128272771835327
3485,0.4397438168525696
3486,-0.21744397282600403
3487,-0.39092522859573364
3488,0.6012063026428223
3489,0.1970367431640625
3490,0.14010155200958252
3491,-0.2671223282814026
3492,-0.4543933868408203
3493,0.31569358706474304
3494,0.019541170448064804
3495,0.5321990847587585
3496,0.3187309503555298
3497,0.2966051697731018
3498,-0.33527839183807373
3499,-0.174993634223938
3500,0.7623927593231201
3501,-0.4429782032966614
3502,0.4153825640678406
3503,0.19373959302902222
3504,-0.44928687810897827
3505,0.37602412700653076
3506,-0.1282467544078827
3507,0.284163236618042
3508,0.21654921770095825
3509,0.4158264100551605
3510,0.12355640530586243
3511,-0.37515002489089966
3512,0.3291340470314026
3513,-0.13662415742874146
3514,0.3455350399017334
3515,0.49771931767463684
3516,0.2555992603302002
3517,0.5578546524047852
3518,0.10114845633506775
3519,0.01755998283624649
3520,0.04204018414020538
3521,0.632909893989563
3522,0.10478837788105011
3523,-0.07466667890548706
3524,0.003902963362634182
3525,-0.4118444323539734
3526,0.2900055944919586
3527,0.2244400680065155
3528,0.36825618147850037
3529,0.5296576619148254
3530,0.18504658341407776
3531,0.4403667747974396
3532,0.5667369365692139
3533,0.06414380669593811
3534,0.37499845027923584
3535,-0.3518999218940735
3536,-0.08894087374210358
3537,0.0649920403957367
3538,0.44630929827690125
3539,0.19831953942775726
3540,-0.2153005748987198
3541,0.7150542140007019
3542,-0.4690536558628082
3543,-0.028299733996391296
3544,0.07979176193475723
3545,-0.1194983646273613
3546,0.25807613134384155
3547,0.2495194375514984
3548,0.768805205821991
3549,0.7517346143722534
3550,-0.1910344958305359
3551,-0.36098772287368774
3552,-0.2322194129228592
3553,0.5905565619468689
3554,0.28876781463623047
3555,-0.44633981585502625
3556,0.5125099420547485
3557,0.03755935654044151
3558,0.46241697669029236
3559,1.1460142135620117
3560,0.18578307330608368
3561,-0.1532597541809082
3562,-0.31647658348083496
3563,-0.003466762602329254
3564,0.48649317026138306
3565,0.4846423268318176
3566,0.568913459777832
3567,-0.11515188962221146
3568,0.4451252818107605
3569,0.07708592712879181
3570,-0.24494093656539917
3571,0.5348074436187744
3572,-0.2807733416557312
3573,0.20640544593334198
3574,0.2782876789569855
3575,0.4018510580062866
3576,0.23436380922794342
3577,0.2023741900920868
3578,0.0785202905535698
3579,-0.40037211775779724
3580,0.39289072155952454
3581,0.07066892087459564
3582,0.4931662082672119
3583,0.06688332557678223
3584,-0.2768968939781189
3585,0.1410115510225296
3586,0.38810664415359497
3587,-0.07556642591953278
3588,-0.451852411031723
3589,-0.012798544019460678
3590,0.08273086696863174
3591,0.8496835231781006
3592,0.3339816927909851
3593,0.0016316436231136322
3594,-0.02804405800998211
3595,0.0484570637345314
3596,0.14201799035072327
3597,0.23889325559139252
3598,0.3522849380970001
3599,-0.8476272821426392
3600,0.04558447003364563
3601,0.4858156144618988
3602,-0.07546860724687576
3603,-0.042882200330495834
3604,0.074326291680336
3605,-0.13521665334701538
3606,-0.04384861886501312
3607,-0.08792246878147125
3608,-0.23788633942604065
3609,0.8376908302307129
3610,0.14077848196029663
3611,-0.32359808683395386
3612,-0.16846533119678497
3613,-0.006011143326759338
3614,-0.5808831453323364
3615,-0.12219331413507462
3616,0.0550990030169487
3617,-0.33695900440216064
3618,0.43939223885536194
3619,-0.014565885066986084
3620,-0.5505678653717041
3621,-0.4080824851989746
3622,-0.6554695963859558
3623,-0.5040755271911621
3624,0.36143508553504944
3625,0.3174455761909485
3626,0.46798819303512573
3627,0.08550255000591278
3628,0.10934364795684814
3629,-0.4823148846626282
3630,-0.37754231691360474
3631,-0.3794965445995331
3632,-0.5297636985778809
3633,0.36729660630226135
3634,-0.06926851719617844
3635,0.3651513457298279
3636,0.2829649746417999
3637,0.53487628698349
3638,-0.2561444342136383
3639,-0.544021725654602
3640,-0.53705233335495
3641,-0.4356498718261719
3642,0.12340925633907318
3643,0.040302522480487823
3644,0.65108323097229
3645,0.45588529109954834
3646,0.4770530164241791
3647,-0.48756563663482666
3648,-0.10587786883115768
3649,-0.26303112506866455
3650,-0.4979431629180908
3651,-0.09242638945579529
3652,-0.41594764590263367
3653,0.6900449991226196
3654,0.04680991172790527
3655,0.4503534436225891
3656,0.3439541757106781
3657,-0.9758066534996033
3658,-0.5414087772369385
3659,-0.5310011506080627
3660,0.5352906584739685
3661,0.10306049883365631
3662,-0.00987793505191803
3663,0.39456820487976074
3664,0.1784718930721283
3665,0.4894728362560272
3666,-0.6844359636306763
3667,-0.4934849739074707
3668,0.24799305200576782
3669,-0.3906571865081787
3670,0.6327400803565979
3671,0.4605327844619751
3672,-0.3126707971096039
3673,-0.5633236169815063
3674,-0.4179306924343109
3675,0.6535522937774658
3676,-0.076753631234169
3677,0.059691473841667175
3678,-0.40070050954818726
3679,0.3387516140937805
3680,0.6073077321052551
3681,-0.0203164741396904
3682,0.015528656542301178
3683,-0.35395175218582153
3684,-0.6326593160629272
3685,-0.4282035827636719
3686,0.34509098529815674
3687,0.2938995957374573
3688,0.4308314323425293
3689,0.23862002789974213
3690,0.2317323386669159
3691,-0.14608706533908844
3692,-0.4165807366371155
3693,-0.3812020421028137
3694,-0.013791043311357498
3695,0.0688038319349289
3696,0.6063662767410278
3697,0.7441521883010864
3698,-0.2449284940958023
3699,0.09779749810695648
3700,-0.40201514959335327
3701,-0.1217212826013565
3702,-0.5190821290016174
3703,-0.5859365463256836
3704,0.33165067434310913
3705,0.22635604441165924
3706,1.3514771461486816
3707,0.43363648653030396
3708,0.18810658156871796
3709,-0.5977377891540527
3710,-0.39090830087661743
3711,0.7340866327285767
3712,-0.2590830326080322
3713,0.009482044726610184
3714,-0.3152194619178772
3715,0.5317894220352173
3716,0.2975025475025177
3717,-0.32635730504989624
3718,-0.10324211418628693
3719,-0.17809343338012695
3720,0.08282686024904251
3721,0.26240482926368713
3722,0.4523589015007019
3723,0.33094966411590576
3724,0.4076531231403351
3725,-0.3005809783935547
3726,-0.1218908429145813
3727,0.04986574500799179
3728,-0.08406724035739899
3729,-0.3555331528186798
3730,-0.36683666706085205
3731,0.235917866230011
3732,0.46485015749931335
3733,0.5336858630180359
3734,-0.1431730091571808
3735,-0.5349293947219849
3736,-0.2076328992843628
3737,-0.46090394258499146
3738,0.26439499855041504
3739,0.7813708782196045
3740,0.00983119010925293
3741,0.31229254603385925
3742,-0.20720171928405762
3743,0.2604256272315979
3744,-0.09080728143453598
3745,-0.18535101413726807
3746,0.09400299191474915
3747,-1.0133329629898071
3748,0.1578616201877594
3749,0.3114878237247467
3750,0.4404815435409546
3751,0.4789139926433563
3752,-0.2470642328262329
3753,-0.7752060294151306
3754,-0.19539552927017212
3755,0.3091469705104828
3756,-0.22311098873615265
3757,0.5730266571044922
3758,-0.047071993350982666
3759,0.17617854475975037
3760,0.2967364192008972
3761,0.037628285586833954
3762,-0.28595903515815735
3763,-0.5252830982208252
3764,-0.2972676157951355
3765,-0.7331479787826538
3766,0.7010141611099243
3767,0.43782636523246765
3768,-0.09970589727163315
3769,-0.08673985302448273
3770,0.007830172777175903
3771,0.16324108839035034
3772,-0.28644368052482605
3773,-0.1866503208875656
3774,-0.7673488259315491
3775,0.24689152836799622
3776,0.40544211864471436
3777,0.0028441473841667175
3778,0.4442483186721802
3779,-0.21295708417892456
3780,-0.06522375345230103
3781,-0.28916680812835693
3782,0.2544011175632477
3783,0.152398481965065
3784,0.16277623176574707
3785,0.09275662899017334
3786,-0.5861027240753174
3787,0.5249961614608765
3788,-0.5563933849334717
3789,0.2557501196861267
3790,-0.16130785644054413
3791,-0.1888085901737213
3792,0.14552026987075806
3793,-0.3273882269859314
3794,0.9167681336402893
3795,-0.6242448091506958
3796,0.5506442785263062
3797,-0.6485379338264465
3798,-0.13207164406776428
3799,0.4230896830558777
3800,0.5631956458091736
3801,0.9089058637619019
3802,-0.5744703412055969
3803,0.5691409707069397
3804,-0.745255172252655
3805,0.6889392137527466
3806,-0.4346892237663269
3807,-0.3354197144508362
3808,0.38596874475479126
3809,-0.7529146671295166
3810,0.8886988162994385
3811,0.05633505806326866
3812,0.714572548866272
3813,-0.2525781989097595
3814,0.3192955553531647
3815,0.5593778491020203
3816,0.015604116022586823
3817,0.6030858755111694
3818,-0.06129663437604904
3819,0.5053170919418335
3820,0.3601306080818176
3821,0.8523324131965637
3822,-0.05582322180271149
3823,-0.03711254894733429
3824,-0.284309983253479
3825,0.025546252727508545
3826,0.6508700847625732
3827,0.3791419267654419
3828,0.14235550165176392
3829,-0.20984604954719543
3830,0.7035596370697021
3831,0.25183290243148804
3832,0.5785216093063354
3833,0.0736701488494873
3834,-0.4965711832046509
3835,0.8639897108078003
3836,0.3936811685562134
3837,0.7810193300247192
3838,-0.017223404720425606
3839,0.4580768048763275
3840,0.18348123133182526
3841,-0.12532782554626465
3842,0.7721729278564453
3843,-0.5619319677352905
3844,0.261310875415802
3845,-0.13696596026420593
3846,0.8694185614585876
3847,0.5571701526641846
3848,-0.005269944667816162
3849,0.637802004814148
3850,-0.5362824201583862
3851,0.45336008071899414
3852,0.5541992783546448
3853,0.06914333999156952
3854,0.39149096608161926
3855,-0.13693909347057343
3856,0.9632852077484131
3857,0.10457152873277664
3858,1.0214917659759521
3859,-0.2586480677127838
3860,-0.3030830919742584
3861,0.5732068419456482
3862,-0.024102330207824707
3863,0.8273037075996399
3864,-0.29084619879722595
3865,0.676116943359375
3866,-0.017117924988269806
3867,0.6754311323165894
3868,0.13545361161231995
3869,-0.20869363844394684
3870,0.5807440280914307
3871,0.3454301357269287
3872,0.13881203532218933
3873,-0.13798530399799347
3874,0.5902848243713379
3875,-0.009265974164009094
3876,0.15237723290920258
3877,0.7587183713912964
3878,-0.16703113913536072
3879,0.3731071949005127
3880,0.19416406750679016
3881,0.7850453853607178
3882,-0.042796291410923004
3883,0.33767202496528625
3884,-0.1754119098186493
3885,-0.22930897772312164
3886,0.7214273810386658
3887,-0.3638727068901062
3888,0.5198481678962708
3889,-0.28296560049057007
3890,0.4945790767669678
3891,-0.027164071798324585
3892,0.3842456638813019
3893,0.45342960953712463
3894,-0.4177876114845276
3895,-0.12376473844051361
3896,0.34588414430618286
3897,0.49716371297836304
3898,0.42171257734298706
3899,0.07113175094127655
3900,-0.011686012148857117
3901,0.3517662584781647
3902,0.2491496503353119
3903,-0.11565693467855453
3904,0.007195405662059784
3905,0.24805127084255219
3906,-0.4358947277069092
3907,0.05787057429552078
3908,0.2911306917667389
3909,0.2131510078907013
3910,0.1091805025935173
3911,-0.033103883266448975
3912,0.5309754014015198
3913,0.17664268612861633
3914,0.22212748229503632
3915,-0.20796391367912292
3916,-0.21724741160869598
3917,0.2221166044473648
3918,-0.05478087440133095
3919,0.9638575315475464
3920,-0.03783388435840607
3921,-0.10269663482904434
3922,-0.1694377064704895
3923,0.2955630421638489
3924,0.34336021542549133
3925,-0.29639896750450134
3926,-0.23315605521202087
3927,0.2568075358867645
3928,0.37766769528388977
3929,0.4996379017829895
3930,0.6215744018554688
3931,0.1549772322177887
3932,0.4708099365234375
3933,-0.7733359336853027
3934,0.3156351149082184
3935,0.06304538249969482
3936,0.3934846520423889
3937,-0.05971613526344299
3938,-0.2476532757282257
3939,0.7122381329536438
3940,-0.23395517468452454
3941,0.7212284803390503
3942,0.01670870929956436
3943,0.12585577368736267
3944,0.23456242680549622
3945,0.38668519258499146
3946,0.08502043783664703
3947,0.20891079306602478
3948,-0.043770208954811096
3949,-0.09996842592954636
3950,1.1941297054290771
3951,0.1417565643787384
3952,-0.3154565095901489
3953,-0.4529993236064911
3954,0.31499677896499634
3955,0.17696085572242737
3956,0.33054888248443604
3957,0.2066519558429718
3958,-0.5622847080230713
3959,0.35893964767456055
3960,0.2684042453765869
3961,0.36839354038238525
3962,0.5897256135940552
3963,0.01812998205423355
3964,-0.2974735498428345
3965,0.4480940103530884
3966,0.8905476331710815
3967,0.08299148082733154
3968,-0.3583845794200897
3969,0.20300981402397156
3970,-0.023389115929603577
3971,0.08687856793403625
3972,-0.17602303624153137
3973,-0.6407914757728577
3974,0.4368460476398468
3975,0.369831919670105
3976,0.792436957359314
3977,0.40719515085220337
3978,0.07986272871494293
3979,-0.06455422937870026
3980,-0.30334705114364624
3981,0.8606222867965698
3982,-0.1669260561466217
3983,-0.18201398849487305
3984,-0.10117503255605698
3985,0.4563038647174835
3986,1.3600523471832275
3987,-0.050837233662605286
3988,-0.292894572019577
3989,-0.6399151682853699
3990,-0.22909778356552124
3991,0.706384539604187
3992,0.3055488169193268
3993,0.08948579430580139
3994,-0.030738797038793564
3995,0.36457520723342896
3996,0.3300812244415283
3997,0.01955559477210045
3998,-0.15078125894069672
3999,-0.5677269101142883
4000,0.6373574733734131
4001,0.611803412437439
4002,-0.1396634727716446
4003,-0.14495593309402466
4004,-0.1013767346739769
4005,-0.3500479459762573
4006,0.23511284589767456
4007,0.751447319984436
4008,-0.4564740061759949
4009,-0.41375112533569336
4010,0.1597338616847992
4011,0.5357691049575806
4012,0.6017354726791382
4013,-0.07456819713115692
4014,-1.0524717569351196
4015,-0.2558717131614685
4016,0.2798716425895691
4017,-0.11072593182325363
4018,0.17489756643772125
4019,0.25329816341400146
4020,-0.33145973086357117
4021,0.2025122493505478
4022,0.8639770150184631
4023,-0.3860822916030884
4024,-0.490111768245697
4025,-0.12584710121154785
4026,-0.00535404309630394
4027,0.09515956044197083
4028,0.06576287746429443
4029,-0.15831731259822845
4030,-0.5061650276184082
4031,0.49271589517593384
4032,0.0693303570151329
4033,0.10357338190078735
4034,-0.5245664119720459
4035,-0.4813116788864136
4036,0.575641930103302
4037,0.42596882581710815
4038,0.3564048707485199
4039,-0.713117241859436
4040,0.16499902307987213
4041,-0.31337693333625793
4042,-0.13429003953933716
4043,0.7448391914367676
4044,-0.33610814809799194
4045,-0.49973833560943604
4046,-0.3097313642501831
4047,0.28325173258781433
4048,0.005721047520637512
4049,-0.7008010149002075
4050,0.13285526633262634
4051,-0.13500382006168365
4052,0.3671734929084778
4053,0.02967820316553116
4054,-0.35187026858329773
4055,0.672913670539856
4056,0.06598556041717529
4057,0.0778881311416626
4058,-0.021080151200294495
4059,-0.35523468255996704
4060,-0.6258498430252075
4061,-0.4627460241317749
4062,0.6849122643470764
4063,-0.24576638638973236
4064,0.0398731529712677
4065,0.1105179488658905
4066,-0.11498235166072845
4067,0.6352989673614502
4068,-0.5653290152549744
4069,-0.08310446888208389
4070,-0.659024715423584
4071,0.3336677551269531
4072,0.28852736949920654
4073,-0.20730847120285034
4074,0.5032504796981812
4075,-0.08214893937110901
4076,0.013813018798828125
4077,-0.15078197419643402
4078,-0.3363988697528839
4079,-0.34780949354171753
4080,-0.4838882386684418
4081,0.3229735791683197
4082,0.27734068036079407
4083,0.49889057874679565
4084,0.18895700573921204
4085,-1.0089364051818848
4086,-0.16236816346645355
4087,0.002840634435415268
4088,0.5130600333213806
4089,-0.050576746463775635
4090,-0.2963229715824127
4091,-0.2854539155960083
4092,0.007472679018974304
4093,0.6195396184921265
4094,0.3222365975379944
4095,-0.26774880290031433
4096,-0.5828003287315369
4097,-0.5737777352333069
4098,0.07680366933345795
4099,0.44289690256118774
4100,0.3691871166229248
4101,-0.02716708928346634
4102,0.09279895573854446
4103,0.34613028168678284
4104,-0.3400706648826599
4105,-0.24815085530281067
4106,-0.25892364978790283
4107,-0.2571411430835724
4108,0.10945209860801697
4109,0.5717318654060364
4110,0.43328922986984253
4111,-0.15759775042533875
4112,-0.04650729149580002
4113,-0.08010079711675644
4114,0.23554345965385437
4115,-0.2336675375699997
4116,-0.8350777626037598
4117,-0.001174241304397583
4118,0.47879016399383545
4119,0.9575622081756592
4120,0.5312855243682861
4121,0.5184722542762756
4122,-0.4816350042819977
4123,-0.7614811658859253
4124,-0.12215562164783478
4125,0.312721848487854
4126,0.39595353603363037
4127,-0.185261532664299
4128,0.30842071771621704
4129,0.1760846972465515
4130,-0.13525457680225372
4131,0.1883542835712433
4132,0.23937034606933594
4133,0.3352729082107544
4134,-0.4633221924304962
4135,-0.16268429160118103
4136,0.003269498236477375
4137,0.39309442043304443
4138,0.3301960825920105
4139,-0.36732789874076843
4140,0.554366409778595
4141,-0.40777745842933655
4142,-0.30335676670074463
4143,0.10466472059488297
4144,0.749815046787262
4145,0.08639444410800934
4146,-0.17086288332939148
4147,0.2215656191110611
4148,-0.6488335728645325
4149,0.07104561477899551
4150,0.2280379980802536
4151,0.35069751739501953
4152,0.14372515678405762
4153,0.3048385977745056
4154,-0.20996180176734924
4155,-0.3286413252353668
4156,0.24869713187217712
4157,-0.5744351744651794
4158,0.5748127698898315
4159,0.10879376530647278
4160,-0.11748740822076797
4161,-0.1950709968805313
4162,0.6761793494224548
4163,0.7530201077461243
4164,-0.33159375190734863
4165,0.2287418097257614
4166,-0.9914264678955078
4167,-0.2035924196243286
4168,0.05172594636678696
4169,0.6398168802261353
4170,0.6669644713401794
4171,-0.14795921742916107
4172,0.5357996821403503
4173,-0.4640637934207916
4174,-0.06935019046068192
4175,-0.0901017114520073
4176,-0.3841283619403839
4177,0.30087020993232727
4178,-0.28496983647346497
4179,0.4932463765144348
4180,-0.05290251970291138
4181,0.544694721698761
4182,0.3694247901439667
4183,-0.08579367399215698
4184,0.42957422137260437
4185,-0.5376819968223572
4186,-0.8221571445465088
4187,-0.23713597655296326
4188,0.7156901359558105
4189,0.2599587142467499
4190,0.3928954005241394
4191,0.1196867972612381
4192,-0.12878799438476562
4193,-0.24147170782089233
4194,0.08098973333835602
4195,-0.32576248049736023
4196,-0.3362346291542053
4197,0.674302339553833
4198,-0.2373218536376953
4199,0.555962085723877
4200,0.15412861108779907
4201,0.05991361290216446
4202,0.4558546841144562
4203,-0.406617671251297
4204,0.44252538681030273
4205,-0.40775567293167114
4206,0.39049702882766724
4207,0.04393075406551361
4208,0.3087998628616333
4209,0.5463544726371765
4210,-0.5626296997070312
4211,0.06516923010349274
4212,-0.4195520877838135
4213,0.8519545197486877
4214,0.3218614459037781
4215,-0.1754751056432724
4216,-0.12957054376602173
4217,0.43199050426483154
4218,0.12185518443584442
4219,0.24569359421730042
4220,0.31585174798965454
4221,-0.5657858848571777
4222,0.47866275906562805
4223,-0.16127429902553558
4224,0.592847466468811
4225,-0.32024332880973816
4226,0.13136231899261475
4227,-0.12099241465330124
4228,0.5947511792182922
4229,0.9956068396568298
4230,-1.063931941986084
4231,0.5608264207839966
4232,0.35714536905288696
4233,0.38194531202316284
4234,0.44991713762283325
4235,0.060802944004535675
4236,-0.19783666729927063
4237,0.15936337411403656
4238,0.11789797246456146
4239,0.14978814125061035
4240,0.694694995880127
4241,0.8458883762359619
4242,-0.23664677143096924
4243,0.6234989762306213
4244,0.6267646551132202
4245,-0.832395076751709
4246,0.2240186482667923
4247,-0.11379118263721466
4248,0.9639704823493958
4249,0.6724790334701538
4250,0.6680709719657898
4251,0.20180514454841614
4252,0.12671437859535217
4253,1.1640956401824951
4254,-0.6713368892669678
4255,0.48874351382255554
4256,-0.11059287190437317
4257,-0.1532398760318756
4258,0.2092658281326294
4259,0.45137694478034973
4260,1.1252505779266357
4261,-0.16371968388557434
4262,0.49183839559555054
4263,0.3667045533657074
4264,0.41116926074028015
4265,-0.24775609374046326
4266,-0.0551997572183609
4267,0.13965685665607452
4268,0.3783949911594391
4269,0.7049505710601807
4270,0.1958293616771698
4271,0.19592279195785522
4272,0.6465539932250977
4273,0.2606852948665619
4274,-0.17661060392856598
4275,0.469404011964798
4276,-0.3006635904312134
4277,-0.5524066686630249
4278,0.6884761452674866
4279,0.9005697965621948
4280,-0.06912481784820557
4281,0.37088072299957275
4282,0.11623689532279968
4283,-0.349094957113266
4284,0.9145306348800659
4285,0.43924978375434875
4286,-0.3391411602497101
4287,0.6417537331581116
4288,0.5178268551826477
4289,0.054645709693431854
4290,0.10152581334114075
4291,0.2756626009941101
4292,0.040558695793151855
4293,0.4177646338939667
4294,0.5476409792900085
4295,-0.4195154905319214
4296,0.4470680058002472
4297,0.1098693311214447
4298,-0.1491464078426361
4299,0.9926575422286987
4300,-0.08324351906776428
4301,-0.0835404098033905
4302,-0.17163993418216705
4303,0.31682175397872925
4304,0.5692114233970642
4305,0.03308631107211113
4306,0.6980738639831543
4307,0.2645743489265442
4308,0.36862942576408386
4309,-0.2194816768169403
4310,-0.10174095630645752
4311,0.3487471044063568
4312,-0.558810830116272
4313,0.3365212678909302
4314,0.3228028416633606
4315,-0.29427051544189453
4316,0.1771819293498993
4317,-0.2871381938457489
4318,0.45934242010116577
4319,0.6749334931373596
4320,0.18837612867355347
4321,-0.7075750231742859
4322,0.08438971638679504
4323,0.8189420104026794
4324,-0.17814667522907257
4325,0.7206440567970276
4326,-0.4231226146221161
4327,-0.3984496593475342
4328,0.6810770630836487
4329,-0.06130784749984741
4330,-0.30703675746917725
4331,0.3965049088001251
4332,0.15731871128082275
4333,-0.5284067392349243
4334,0.2457837015390396
4335,0.2745058536529541
4336,-0.44431066513061523
4337,0.2997816503047943
4338,0.7608022689819336
4339,-0.1361251175403595
4340,0.12375722080469131
4341,-0.4703974723815918
4342,-0.299824059009552
4343,1.1995599269866943
4344,0.29577159881591797
4345,-0.5703544616699219
4346,-0.0717725157737732
4347,-0.10550650954246521
4348,-0.3165702223777771
4349,0.3665231168270111
4350,0.07213479280471802
4351,-0.5732822418212891
4352,-0.2805873453617096
4353,0.18083202838897705
4354,0.2863655686378479
4355,0.0996556431055069
4356,-0.13643760979175568
4357,0.028788678348064423
4358,0.415897935628891
4359,-0.34255847334861755
4360,-0.5204250812530518
4361,-0.3853001892566681
4362,-0.14323504269123077
4363,0.29174524545669556
4364,0.2172728031873703
4365,-0.1906280517578125
4366,-0.12052319198846817
4367,-0.1818426251411438
4368,0.1236329972743988
4369,-0.11288931965827942
4370,-0.31977859139442444
4371,-0.5487440824508667
4372,-0.3761160969734192
4373,0.19501356780529022
4374,0.5877600312232971
4375,0.6813335418701172
4376,-0.4402363896369934
4377,-0.4345929026603699
4378,0.08273017406463623
4379,0.32906922698020935
4380,-0.7365420460700989
4381,-0.23209139704704285
4382,-0.2076910138130188
4383,0.24890810251235962
4384,0.6814383268356323
4385,-0.5637933015823364
4386,-0.3456823527812958
4387,-0.07579545676708221
4388,0.36113613843917847
4389,0.012821733951568604
4390,-0.3281136155128479
4391,-0.343774676322937
4392,-0.8869391679763794
4393,0.7549823522567749
4394,0.9371803402900696
4395,-0.2699369490146637
4396,-0.5701495409011841
4397,-0.7139517068862915
4398,0.2418248951435089
4399,0.6724289059638977
4400,0.22106334567070007
4401,-0.9982820749282837
4402,-0.18211813271045685
4403,0.11052142083644867
4404,-0.21087706089019775
4405,0.35826730728149414
4406,-0.005116686224937439
4407,-0.3735376000404358
4408,-0.24318020045757294
4409,0.6036518812179565
4410,0.0037292540073394775
4411,-0.4754496216773987
4412,-0.17293758690357208
4413,-0.03180874139070511
4414,0.23828598856925964
4415,0.10657752305269241
4416,-0.17617098987102509
4417,-0.09733732044696808
4418,0.35768795013427734
4419,-0.05373329669237137
4420,0.075239397585392
4421,-0.25794243812561035
4422,-0.3099466562271118
4423,0.041897907853126526
4424,0.3611266314983368
4425,0.580712080001831
4426,-0.3249308466911316
4427,-0.028899088501930237
4428,-0.10782942175865173
4429,0.1169380247592926
4430,0.3794947862625122
4431,-0.30444085597991943
4432,-0.07992738485336304
4433,-0.62398761510849
4434,0.24634481966495514
4435,0.7216129302978516
4436,-0.2176484614610672
4437,0.013868294656276703
4438,0.1349501609802246
4439,0.2809447944164276
4440,-0.3029159903526306
4441,-0.13243189454078674
4442,-0.07142099738121033
4443,-0.22835734486579895
4444,0.705464243888855
4445,-0.07791712880134583
4446,-0.22621339559555054
4447,-0.15268026292324066
4448,-0.17566384375095367
4449,0.6828483939170837
4450,0.1336733102798462
4451,-0.6831099390983582
4452,-0.8547635078430176
4453,0.4814474582672119
4454,0.24016909301280975
4455,-0.10494382679462433
4456,0.48445096611976624
4457,0.1411847621202469
4458,-0.08202768862247467
4459,-0.05838770046830177
4460,-0.24996942281723022
4461,-0.11812086403369904
4462,-0.27525192499160767
4463,-0.0020348913967609406
4464,0.7041491270065308
4465,-0.08788615465164185
4466,-0.2742981016635895
4467,-0.06637666374444962
4468,0.44555044174194336
4469,0.12828083336353302
4470,-0.8034614324569702
4471,0.2798781096935272
4472,-0.3122010827064514
4473,0.33956220746040344
4474,0.6003125905990601
4475,-0.09373375028371811
4476,0.5637242794036865
4477,-1.0830904245376587
4478,0.0033320337533950806
4479,0.2571920156478882
4480,0.37330734729766846
4481,0.11071410775184631
4482,-0.38632625341415405
4483,0.6696800589561462
4484,-0.08156090974807739
4485,0.20024527609348297
4486,0.0771990418434143
4487,-0.09833347797393799
4488,-0.08252228796482086
4489,-0.6209990382194519
4490,0.8554108142852783
4491,0.15514694154262543
4492,0.11034129559993744
4493,0.04333201050758362
4494,0.0635712519288063
4495,0.6177024841308594
4496,-1.0393695831298828
4497,-0.28537583351135254
4498,-0.08108124881982803
4499,0.6730629205703735
4500,0.2804853320121765
4501,0.31676390767097473
4502,0.4499226212501526
4503,-0.3655759394168854
4504,0.3665658235549927
4505,0.0570162832736969
4506,-0.21019381284713745
4507,-0.17470504343509674
4508,0.08447152376174927
4509,0.33531033992767334
4510,0.3314862847328186
4511,0.1227385476231575
4512,-0.4025363326072693
4513,0.2738439738750458
4514,-0.1426757276058197
4515,0.1705857813358307
4516,-0.06742405891418457
4517,-0.27738258242607117
4518,0.044421881437301636
4519,0.2081749439239502
4520,0.6394839286804199
4521,-0.2592044472694397
4522,0.3231246769428253
4523,-0.47339358925819397
4524,0.17803096771240234
4525,0.4748566448688507
4526,-0.2858428955078125
4527,0.2927547097206116
4528,-0.1830596923828125
4529,0.023305386304855347
4530,0.806114137172699
4531,-0.13182726502418518
4532,-0.3741982579231262
4533,-0.25902193784713745
4534,0.1779858022928238
4535,0.04938606545329094
4536,0.6594279408454895
4537,0.3371856212615967
4538,-0.37840619683265686
4539,0.2318888008594513
4540,-0.1521071344614029
4541,0.5656441450119019
4542,0.13933679461479187
4543,-0.010111361742019653
4544,-0.7706930041313171
4545,0.9861034750938416
4546,0.739544689655304
4547,0.24724268913269043
4548,0.6937332153320312
4549,-0.6588707566261292
4550,0.04542766138911247
4551,0.010327201336622238
4552,0.2184726595878601
4553,-0.21676857769489288
4554,0.44602149724960327
4555,0.39228367805480957
4556,0.2649764120578766
4557,0.8027294874191284
4558,0.037357479333877563
4559,0.10877422988414764
4560,0.16168001294136047
4561,0.4729832708835602
4562,-0.2247510552406311
4563,0.012242347002029419
4564,0.3375423550605774
4565,0.10744308680295944
4566,0.9520382285118103
4567,0.258781760931015
4568,0.0063296291045844555
4569,-0.16534216701984406
4570,0.08943605422973633
4571,0.3523445129394531
4572,0.17491711676120758
4573,0.408668577671051
4574,0.27411511540412903
4575,0.030295785516500473
4576,0.02736072987318039
4577,0.4448204040527344
4578,0.42290717363357544
4579,0.17403951287269592
4580,0.5963383913040161
4581,0.1989719569683075
4582,-0.14593911170959473
4583,-0.0520152822136879
4584,0.10045471787452698
4585,0.447772353887558
4586,0.2045217901468277
4587,-0.0354931615293026
4588,-0.17100144922733307
4589,0.6253081560134888
4590,0.6430947780609131
4591,0.2990313172340393
4592,0.6132488250732422
4593,0.47418031096458435
4594,-0.14545835554599762
4595,-0.12209471315145493
4596,0.48756277561187744
4597,0.3209514617919922
4598,-0.04928915947675705
4599,-0.05492222309112549
4600,0.1722942292690277
4601,-0.008697763085365295
4602,0.3843582272529602
4603,0.08596022427082062
4604,-0.3885732889175415
4605,0.6428404450416565
4606,0.5794342756271362
4607,-0.25769472122192383
4608,-0.1586306393146515
4609,0.6037283539772034
4610,0.18803484737873077
4611,0.33851057291030884
4612,0.5655921697616577
4613,-0.23314061760902405
4614,-0.07971309125423431
4615,0.47275370359420776
4616,0.15316416323184967
4617,0.44960689544677734
4618,0.09850780665874481
4619,-0.7322385311126709
4620,-0.7729445695877075
4621,0.4103522300720215
4622,0.0033149421215057373
4623,-0.43032747507095337
4624,0.8363485336303711
4625,-0.14039994776248932
4626,-0.25020289421081543
4627,0.648931622505188
4628,0.8871241211891174
4629,-0.5699551105499268
4630,-0.3718973994255066
4631,0.3987608253955841
4632,-0.4821472465991974
4633,-0.08287012577056885
4634,0.630959689617157
4635,-0.30144280195236206
4636,0.06312986463308334
4637,0.25114089250564575
4638,-0.027920274063944817
4639,-0.12451253086328506
4640,-0.28942906856536865
4641,-0.5725899934768677
4642,0.13593006134033203
4643,0.4420863389968872
4644,-0.3652328550815582
4645,-0.0810374766588211
4646,0.6404778957366943
4647,-0.10117432475090027
4648,-0.04358759522438049
4649,0.45902174711227417
4650,-0.3160368502140045
4651,0.08579952269792557
4652,-0.45070338249206543
4653,0.2942039370536804
4654,0.33530592918395996
4655,0.13521386682987213
4656,-0.18327142298221588
4657,0.24694488942623138
4658,-0.35605841875076294
4659,-0.5209793448448181
4660,0.29493141174316406
4661,0.465440958738327
4662,0.1844078004360199
4663,0.14002633094787598
4664,-0.5426042079925537
4665,-0.34792134165763855
4666,0.7884542942047119
4667,-0.04070701450109482
4668,-0.6096491813659668
4669,0.5114586353302002
4670,0.18358278274536133
4671,-0.5243719220161438
4672,0.2796902656555176
4673,0.04529392346739769
4674,0.06155978515744209
4675,0.14087149500846863
4676,0.05448373407125473
4677,-0.4179289638996124
4678,0.2535835802555084
4679,-0.3415646553039551
4680,0.0685095340013504
4681,0.22007346153259277
4682,0.22296464443206787
4683,-0.7843430042266846
4684,-0.15095534920692444
4685,0.3344515562057495
4686,0.14200785756111145
4687,0.19500304758548737
4688,0.03789639100432396
4689,0.24447499215602875
4690,-0.20160125195980072
4691,-0.2294444441795349
4692,0.3077365756034851
4693,0.12830138206481934
4694,-0.05211564898490906
4695,-0.037050940096378326
4696,-0.151878222823143
4697,0.5639144778251648
4698,-0.19189786911010742
4699,-0.16868218779563904
4700,-0.10278240591287613
4701,0.826630711555481
4702,-0.5323036313056946
4703,-0.7914224863052368
4704,0.7836965322494507
4705,1.092886209487915
4706,-0.6028174161911011
4707,0.48322048783302307
4708,0.0014459788799285889
4709,-1.0913629531860352
4710,0.14591771364212036
4711,0.8813819289207458
4712,0.645662784576416
4713,-0.2154664695262909
4714,0.02769923210144043
4715,-0.7306035757064819
4716,0.3122410774230957
4717,0.15028133988380432
4718,-0.8361958265304565
4719,0.08831819891929626
4720,0.7047379016876221
4721,-0.7067512273788452
4722,0.18235358595848083
4723,0.7750888466835022
4724,-0.15432575345039368
4725,-0.3264540135860443
4726,0.427286833524704
4727,-0.04680314660072327
4728,-0.8685814142227173
4729,0.18727105855941772
4730,0.12844660878181458
4731,-0.08821382373571396
4732,0.7920432686805725
4733,-0.20729941129684448
4734,-1.2834683656692505
4735,0.2411518394947052
4736,0.8287565112113953
4737,0.08695955574512482
4738,0.0009542405605316162
4739,0.2777358293533325
4740,-0.1874532699584961
4741,-0.054433390498161316
4742,0.1351536214351654
4743,0.26641592383384705
4744,0.3588675856590271
4745,-0.14196935296058655
4746,-0.6759021878242493
4747,0.4146585762500763
4748,1.4501473903656006
4749,-0.3987818658351898
4750,-0.12767967581748962
4751,-0.003327392041683197
4752,-0.5435361266136169
4753,-0.28316742181777954
4754,0.073038250207901
4755,1.1147069931030273
4756,0.6290345788002014
4757,0.052153173834085464
4758,-0.378790020942688
4759,-0.5262073874473572
4760,-0.22443202137947083
4761,-0.1784551739692688
4762,0.6097382307052612
4763,0.030660849064588547
4764,-0.10617639124393463
4765,0.11070048809051514
4766,-0.6456115245819092
4767,0.45684733986854553
4768,-0.10657696425914764
4769,-0.3599672317504883
4770,-0.318778395652771
4771,0.41609635949134827
4772,0.07008278369903564
4773,-0.33110475540161133
4774,0.36323854327201843
4775,0.26424118876457214
4776,0.028320908546447754
4777,-1.1347044706344604
4778,-0.5058120489120483
4779,0.37413424253463745
4780,0.5235506296157837
4781,-0.029671309515833855
4782,0.3768904507160187
4783,-0.05745132267475128
4784,-0.8899785280227661
4785,-0.09080758690834045
4786,-0.24567575752735138
4787,1.0042314529418945
4788,0.07760002464056015
4789,-0.6715332269668579
4790,0.25552091002464294
4791,0.5620715618133545
4792,0.3756013810634613
4793,-0.35983750224113464
4794,0.5523607134819031
4795,-1.048890471458435
4796,0.1057453602552414
4797,0.8171287775039673
4798,0.16559045016765594
4799,-0.14045444130897522
4800,0.47205114364624023
4801,0.021498247981071472
4802,-0.9437129497528076
4803,0.48266592621803284
4804,-0.2734672427177429
4805,-0.09671391546726227
4806,0.35604408383369446
4807,0.6352518200874329
4808,-0.29482540488243103
4809,-0.19020427763462067
4810,-0.24545222520828247
4811,-0.0730980932712555
4812,0.3972981572151184
4813,0.23801067471504211
4814,-0.9296557903289795
4815,0.1818421185016632
4816,0.6873892545700073
4817,-0.667675256729126
4818,0.252412885427475
4819,0.10018174350261688
4820,-0.15028157830238342
4821,-0.9052745699882507
4822,0.4689943492412567
4823,0.3494374752044678
4824,-0.47107574343681335
4825,0.01542983390390873
4826,-0.019687244668602943
4827,-0.13595503568649292
4828,0.16307520866394043
4829,0.14080607891082764
4830,0.19165407121181488
4831,-0.17465491592884064
4832,0.24016129970550537
4833,-0.014406099915504456
4834,0.12216413021087646
4835,0.22922557592391968
4836,-0.8091481924057007
4837,0.9830117225646973
4838,0.02791590429842472
4839,-0.7385104894638062
4840,-0.2634084224700928
4841,0.92121422290802
4842,-0.03563857451081276
4843,-0.3735775649547577
4844,0.7174290418624878
4845,-0.09328381717205048
4846,-0.2854210138320923
4847,0.2518536448478699
4848,0.21926000714302063
4849,-0.2786851227283478
4850,-0.027660302817821503
4851,0.39699578285217285
4852,0.5235337018966675
4853,-0.1069762110710144
4854,-0.33860868215560913
4855,0.16331717371940613
4856,0.5709412693977356
4857,-0.3783051371574402
4858,-0.4032239317893982
4859,-0.11882777512073517
4860,-0.11096476018428802
4861,0.1781524121761322
4862,0.6825916767120361
4863,0.11835063248872757
4864,-0.4041386842727661
4865,-0.3681142330169678
4866,0.6105930209159851
4867,0.06675843149423599
4868,-0.18289393186569214
4869,-0.24591943621635437
4870,-0.5660278797149658
4871,0.465878963470459
4872,0.37805283069610596
4873,0.7827150821685791
4874,-0.7179265022277832
4875,-0.5168454051017761
4876,0.5975622534751892
4877,0.12454388290643692
4878,-0.11673636734485626
4879,-0.3222789168357849
4880,-0.41146036982536316
4881,0.30485302209854126
4882,0.23817329108715057
4883,0.055848538875579834
4884,-0.2934613823890686
4885,-0.19534581899642944
4886,0.3408069610595703
4887,0.2749945819377899
4888,0.25385773181915283
4889,-1.2056853771209717
4890,-0.4993842840194702
4891,0.5249467492103577
4892,0.6973051428794861
4893,0.00594542920589447
4894,-0.21373465657234192
4895,-0.18437980115413666
4896,0.03318072855472565
4897,0.2740864157676697
4898,0.12421208620071411
4899,-0.6217146515846252
4900,-0.6006339192390442
4901,-0.13113601505756378
4902,-0.2194698452949524
4903,0.8301398158073425
4904,-0.04545537382364273
4905,-0.2401869148015976
4906,-0.2209426462650299
4907,0.35576093196868896
4908,-0.29355472326278687
4909,-0.8319112062454224
4910,0.10747228562831879
4911,0.2555008828639984
4912,0.5248420238494873
4913,0.17295566201210022
4914,-0.6296035647392273
4915,0.08920072019100189
4916,0.302643358707428
4917,0.06727896630764008
4918,0.13492925465106964
4919,-0.17314766347408295
4920,-0.4911919832229614
4921,-0.5645570755004883
4922,0.6888688206672668
4923,0.3430556058883667
4924,-0.4896514415740967
4925,-0.40421512722969055
4926,0.13456971943378448
4927,0.3799625039100647
4928,-0.2263411581516266
4929,0.29760289192199707
4930,0.373183012008667
4931,0.31708934903144836
4932,0.009564951062202454
4933,-0.2447996437549591
4934,0.2927793264389038
4935,-0.63723224401474
4936,0.6325912475585938
4937,0.28396159410476685
4938,0.41612476110458374
4939,-0.11171397566795349
4940,-0.5591014623641968
4941,0.09838064014911652
4942,0.23761174082756042
4943,-0.2079186737537384
4944,-0.5861368179321289
4945,0.6473724842071533
4946,0.22570766508579254
4947,0.5601279139518738
4948,0.47656190395355225
4949,0.20641711354255676
4950,-0.3542426824569702
4951,0.2906070351600647
4952,0.5409331917762756
4953,-0.5780977010726929
4954,-0.08033204078674316
4955,0.9969578981399536
4956,0.35226428508758545
4957,0.33942902088165283
4958,-0.251664400100708
4959,-0.31699952483177185
4960,-0.2549665570259094
4961,0.06207079067826271
4962,0.5716075897216797
4963,-0.15879249572753906
4964,-0.13077673316001892
4965,-0.01589811220765114
4966,0.7067276239395142
4967,0.6849402189254761
4968,-0.03215605765581131
4969,-0.11520062386989594
4970,0.2906452417373657
4971,0.22333678603172302
4972,0.19141319394111633
4973,0.29098325967788696
4974,0.14313212037086487
4975,-0.21683016419410706
4976,-0.03378421068191528
4977,0.6693404912948608
4978,0.07282927632331848
4979,-1.0283763408660889
4980,0.15438897907733917
4981,1.04679536819458
4982,0.3602800965309143
4983,-0.036930426955223083
4984,-0.012819678522646427
4985,-0.34169065952301025
4986,0.2447533756494522
4987,0.9309571981430054
4988,0.0814661830663681
4989,-0.2948147654533386
4990,0.12649619579315186
4991,0.5518242120742798
4992,0.5702660083770752
4993,0.5643545389175415
4994,-0.37423861026763916
4995,-0.6084474921226501
4996,0.9150286912918091
4997,-0.4815843105316162
4998,-0.19035162031650543
4999,0.44158607721328735
5000,0.43129920959472656
5001,0.10418519377708435
5002,0.6000049114227295
5003,0.6562113165855408
5004,-0.9905019402503967
5005,0.13312622904777527
5006,0.4129706025123596
5007,0.16268105804920197
5008,-0.04253781586885452
5009,0.41916194558143616
5010,-0.17413224279880524
5011,-0.051365502178668976
5012,0.16829094290733337
5013,0.4223290979862213
5014,-0.44271308183670044
5015,0.4885682165622711
5016,-0.5385162234306335
5017,0.052827030420303345
5018,0.41826748847961426
5019,-0.7992751598358154
5020,0.6520642042160034
5021,0.14825385808944702
5022,0.18566204607486725
5023,-0.8841647505760193
5024,0.5330250859260559
5025,0.373968243598938
5026,-0.3229159712791443
5027,0.044105272740125656
5028,0.02681094780564308
5029,-0.7559714317321777
5030,0.07411634922027588
5031,0.23450076580047607
5032,0.05493848770856857
5033,-0.3210192322731018
5034,-0.6360043287277222
5035,0.37951046228408813
5036,-0.10838107764720917
5037,-0.032165393233299255
5038,0.06617488712072372
5039,-0.011448395438492298
5040,0.015985533595085144
5041,-0.05666297301650047
5042,-0.12033664435148239
5043,0.02923288196325302
5044,-0.2525731921195984
5045,0.27501380443573
5046,-0.08828309178352356
5047,-0.08884437382221222
5048,-0.10759414732456207
5049,-0.5402886867523193
5050,0.2507777512073517
5051,-0.11112035810947418
5052,-0.09840938448905945
5053,-0.0266868956387043
5054,-0.33455997705459595
5055,0.42637452483177185
5056,0.037849634885787964
5057,-0.46347862482070923
5058,0.07715689390897751
5059,0.14729733765125275
5060,-0.15196473896503448
5061,-0.24550509452819824
5062,-0.1910882294178009
5063,0.20243963599205017
5064,-0.1788514107465744
5065,0.3472733497619629
5066,-0.06947294622659683
5067,-0.10479719936847687
5068,-0.33182424306869507
5069,-0.5621109008789062
5070,0.3770146071910858
5071,0.2141869068145752
5072,0.03549163043498993
5073,0.007950739935040474
5074,0.007707372307777405
5075,-0.5555449724197388
5076,0.02771686017513275
5077,-0.1026577278971672
5078,-0.0825287401676178
5079,-0.041497670114040375
5080,0.3504003584384918
5081,0.14117597043514252
5082,-0.11457355320453644
5083,0.3005652129650116
5084,-0.2501432001590729
5085,-0.20189154148101807
5086,-0.014585710130631924
5087,-0.052025698125362396
5088,-0.4269901514053345
5089,-0.4110197126865387
5090,0.3251459300518036
5091,0.4407423734664917
5092,-0.09243074059486389
5093,-0.49292734265327454
5094,-0.11814391613006592
5095,-0.17747178673744202
5096,-0.260861873626709
5097,0.054408639669418335
5098,0.14489740133285522
5099,0.3045493960380554
5100,-0.1129428818821907
5101,0.14356231689453125
5102,-0.12831786274909973
5103,0.040628742426633835
5104,-0.01724277436733246
5105,-0.39402616024017334
5106,0.4264010787010193
5107,-0.165970578789711
5108,0.12725719809532166
5109,0.15179675817489624
5110,-0.5784525275230408
5111,0.09394574165344238
5112,-0.4151220917701721
5113,-0.42882588505744934
5114,-0.3977713882923126
5115,0.5996919274330139
5116,0.3900332748889923
5117,0.13362398743629456
5118,0.5603846311569214
5119,-0.23823127150535583
5120,0.07294826209545135
5121,-0.2791893482208252
5122,-0.4929986596107483
5123,-0.5045305490493774
5124,0.3209679126739502
5125,-0.03812205046415329
5126,0.4909003674983978
5127,0.8195903301239014
5128,-0.3178103268146515
5129,-0.37005379796028137
5130,-0.03292853757739067
5131,-0.28265589475631714
5132,-0.6829249262809753
5133,-0.3790242671966553
5134,0.35314229130744934
5135,0.45752453804016113
5136,0.4056106209754944
5137,0.015242576599121094
5138,-0.2122282236814499
5139,0.4392002522945404
5140,0.11223798245191574
5141,-0.4665110111236572
5142,-0.19604283571243286
5143,0.05563727766275406
5144,-0.33307790756225586
5145,0.34350302815437317
5146,0.25804418325424194
5147,0.3687652051448822
5148,-0.4288526773452759
5149,-0.2490205317735672
5150,0.14337721467018127
5151,0.18940269947052002
5152,-0.08257625997066498
5153,-0.3379470407962799
5154,0.33080077171325684
5155,-0.04084786772727966
5156,0.1404738426208496
5157,-0.10231585800647736
5158,-0.025550074875354767
5159,0.3489423990249634
5160,-0.03890161216259003
5161,-0.2537274658679962
5162,0.24730801582336426
5163,0.037222832441329956
5164,-0.502811074256897
5165,0.1596623957157135
5166,0.49405378103256226
5167,-0.43040981888771057
5168,0.24744641780853271
5169,0.21711188554763794
5170,-0.6103691458702087
5171,0.25332528352737427
5172,0.30222654342651367
5173,-0.6302685141563416
5174,0.07467593252658844
5175,0.4818743169307709
5176,-0.30046552419662476
5177,0.00889386236667633
5178,0.32353031635284424
5179,-0.33114320039749146
5180,-0.2207019329071045
5181,-0.1614801287651062
5182,-0.41769421100616455
5183,-0.12394555658102036
5184,0.6641845703125
5185,-0.09050421416759491
5186,-0.36148369312286377
5187,0.6696236729621887
5188,0.12017752230167389
5189,-0.7136205434799194
5190,-0.311711847782135
5191,-0.06604640185832977
5192,-0.49318790435791016
5193,0.29137927293777466
5194,0.44102343916893005
5195,-0.2359796017408371
5196,0.15762105584144592
5197,0.6186102628707886
5198,-0.4262523949146271
5199,0.1280708611011505
5200,-0.08925687521696091
5201,-0.5924447774887085
5202,-0.239613339304924
5203,0.7533323764801025
5204,-0.48677006363868713
5205,-0.04910010099411011
5206,0.5257400870323181
5207,-0.6459662914276123
5208,0.42600420117378235
5209,0.04747509956359863
5210,0.18696841597557068
5211,-0.5627966523170471
5212,0.6004667282104492
5213,0.13781052827835083
5214,-0.4783796966075897
5215,-0.08683516085147858
5216,0.15575090050697327
5217,0.25123319029808044
5218,-0.24350515007972717
5219,0.6975772380828857
5220,0.31137534976005554
5221,-0.29128775000572205
5222,-0.07497980445623398
5223,-0.15692608058452606
5224,-0.21618135273456573
5225,-0.04238395765423775
5226,0.42217230796813965
5227,0.09671555459499359
5228,0.0015194453299045563
5229,0.1695341020822525
5230,0.06957008689641953
5231,0.79231858253479
5232,-0.32681649923324585
5233,-0.830203652381897
5234,0.1948491483926773
5235,0.6499527096748352
5236,-0.09118454903364182
5237,-0.3281283974647522
5238,-0.062487345188856125
5239,-0.024946682155132294
5240,-0.38284358382225037
5241,0.2770831882953644
5242,-0.4133084714412689
5243,-0.16959884762763977
5244,0.20207548141479492
5245,0.1783033162355423
5246,0.2929477095603943
5247,-0.2663812041282654
5248,0.026828743517398834
5249,-0.5111162662506104
5250,0.017146073281764984
5251,0.6319571137428284
5252,-0.09150978922843933
5253,-0.44680124521255493
5254,0.32179445028305054
5255,-0.007807720452547073
5256,0.5450050830841064
5257,-0.3204820454120636
5258,-0.14025087654590607
5259,-0.5629254579544067
5260,-0.15041032433509827
5261,0.4786527454853058
5262,-0.17173737287521362
5263,0.0673653781414032
5264,-0.2579042911529541
5265,0.4212169051170349
5266,0.06670515239238739
5267,0.22955213487148285
5268,0.14878876507282257
5269,-0.1742265671491623
5270,0.3754833936691284
5271,-0.20344844460487366
5272,-0.20642712712287903
5273,0.034908268600702286
5274,-0.16364577412605286
5275,0.45899975299835205
5276,-0.010228538885712624
5277,0.6959672570228577
5278,0.09034381806850433
5279,-0.33765074610710144
5280,0.10618186742067337
5281,-0.03298365697264671
5282,-0.1358363777399063
5283,0.24878425896167755
5284,-0.05173863470554352
5285,-0.21736033260822296
5286,0.7665968537330627
5287,0.8366320133209229
5288,-0.15958012640476227
5289,-0.2633202075958252
5290,0.32922354340553284
5291,-0.243403822183609
5292,-0.20148932933807373
5293,0.026015810668468475
5294,0.2448941171169281
5295,-0.20538723468780518
5296,0.2894967198371887
5297,-0.22775061428546906
5298,0.05390791967511177
5299,-0.10579565167427063
5300,-0.33141911029815674
5301,0.5921792387962341
5302,0.6677905917167664
5303,0.1339721977710724
5304,-0.08742707967758179
5305,0.08317776024341583
5306,-0.016488276422023773
5307,0.14962437748908997
5308,-0.18368780612945557
5309,0.2645952105522156
5310,-0.6359041333198547
5311,0.5702935457229614
5312,0.6392552852630615
5313,0.3064570724964142
5314,0.1888442039489746
5315,-0.8294315338134766
5316,-0.22778576612472534
5317,-0.3810368776321411
5318,-0.11313217878341675
5319,-0.047943614423274994
5320,0.42734673619270325
5321,0.7168614864349365
5322,0.6439133286476135
5323,0.5664005279541016
5324,-0.22494331002235413
5325,-0.21411749720573425
5326,0.36648285388946533
5327,-0.5999065637588501
5328,0.5525586605072021
5329,0.31648021936416626
5330,-0.3963510990142822
5331,-0.29767099022865295
5332,0.8693131804466248
5333,0.6233372688293457
5334,-0.6379534602165222
5335,-0.16129103302955627
5336,0.007614843547344208
5337,0.8555898666381836
5338,0.5870132446289062
5339,-0.01707855612039566
5340,0.09352976083755493
5341,0.20342671871185303
5342,-0.035119473934173584
5343,1.1897294521331787
5344,-0.3169589042663574
5345,0.011375397443771362
5346,-0.006719399243593216
5347,0.3973986804485321
5348,0.6288953423500061
5349,-0.30374228954315186
5350,-0.21555136144161224
5351,-0.48245102167129517
5352,0.47717851400375366
5353,0.17292852699756622
5354,-0.02349528670310974
5355,0.7118990421295166
5356,-0.010394394397735596
5357,0.31371432542800903
5358,0.791488528251648
5359,-0.6350976228713989
5360,0.32758212089538574
5361,-0.09236462414264679
5362,-0.38713979721069336
5363,0.2098177671432495
5364,0.5433443784713745
5365,-0.13030371069908142
5366,-0.07727273553609848
5367,0.3407585620880127
5368,0.4123152494430542
5369,0.05290551483631134
5370,-0.3415553867816925
5371,0.030536625534296036
5372,-0.14464272558689117
5373,0.6403257250785828
5374,-0.0023994743824005127
5375,-0.11405257880687714
5376,0.11017338186502457
5377,-0.28263676166534424
5378,0.4481619596481323
5379,-0.15080949664115906
5380,0.05914810299873352
5381,-0.09578383713960648
5382,0.014009103178977966
5383,0.4224705398082733
5384,-0.29507777094841003
5385,-0.3601420521736145
5386,0.05436774343252182
5387,0.28625330328941345
5388,0.3296131491661072
5389,0.2449667751789093
5390,0.07605274021625519
5391,0.4662390649318695
5392,0.08721738308668137
5393,0.06424888968467712
5394,-0.3137732744216919
5395,-0.11724291741847992
5396,-0.23317162692546844
5397,-0.4514292776584625
5398,-0.08789363503456116
5399,0.3598862290382385
5400,-0.358238160610199
5401,0.20917722582817078
5402,0.6820794939994812
5403,-0.0020792707800865173
5404,-0.4131852984428406
5405,-0.22653403878211975
5406,0.20409531891345978
5407,-0.13282790780067444
5408,0.9049771428108215
5409,-0.11236211657524109
5410,-0.3386167883872986
5411,0.16769620776176453
5412,0.8146581649780273
5413,-0.2504640519618988
5414,-0.38604244589805603
5415,-0.36043304204940796
5416,-0.24082425236701965
5417,0.6167631149291992
5418,-0.9222133755683899
5419,-0.23385636508464813
5420,-0.12262392044067383
5421,0.07786791026592255
5422,0.2583479881286621
5423,0.3627241849899292
5424,-0.35907402634620667
5425,0.042961061000823975
5426,0.2835657596588135
5427,0.16800551116466522
5428,-0.03558303415775299
5429,-0.4647851586341858
5430,-0.30711138248443604
5431,-0.1135229617357254
5432,0.21581676602363586
5433,0.05148189142346382
5434,0.4921504855155945
5435,-0.47290536761283875
5436,-0.2013130784034729
5437,0.21658754348754883
5438,0.023039106279611588
5439,-0.3654404282569885
5440,0.20199866592884064
5441,-0.5428912043571472
5442,0.1912117749452591
5443,0.617828369140625
5444,-0.06829364597797394
5445,-0.4323519766330719
5446,-0.3369310200214386
5447,0.5286630988121033
5448,0.014503538608551025
5449,0.40010902285575867
5450,-0.7474703788757324
5451,-0.29825252294540405
5452,-0.05932939052581787
5453,0.019954130053520203
5454,0.2622600197792053
5455,-0.6268882155418396
5456,-0.6778498888015747
5457,-0.3705105781555176
5458,0.23378446698188782
5459,0.3047342002391815
5460,-0.000967077910900116
5461,0.3392661213874817
5462,-0.2962333559989929
5463,-0.392599493265152
5464,0.44324707984924316
5465,-0.26327255368232727
5466,-0.40728330612182617
5467,0.008540548384189606
5468,0.458255410194397
5469,-0.3074774444103241
5470,-0.6834813356399536
5471,-0.16143497824668884
5472,-0.426335871219635
5473,0.3285757303237915
5474,0.37643879652023315
5475,-0.38876327872276306
5476,-0.15680155158042908
5477,-0.2437044084072113
5478,0.026680856943130493
5479,0.36324867606163025
5480,0.036763500422239304
5481,-0.1307590901851654
5482,-0.0745057687163353
5483,0.0630640983581543
5484,0.1666513830423355
5485,0.12842392921447754
5486,0.09929147362709045
5487,-0.2128593623638153
5488,-0.14043377339839935
5489,-0.36574190855026245
5490,-0.47687020897865295
5491,0.07460720837116241
5492,-0.2892695367336273
5493,0.7065926790237427
5494,0.2523394525051117
5495,-0.22594401240348816
5496,-0.1228029727935791
5497,-0.1168009489774704
5498,0.30383697152137756
5499,0.8570939898490906
5500,0.5204131603240967
5501,-0.6002894639968872
5502,0.43535923957824707
5503,0.3626406490802765
5504,0.06528395414352417
5505,-0.28539177775382996
5506,-0.4313884377479553
5507,-0.21319693326950073
5508,0.14218568801879883
5509,0.473891019821167
5510,0.0007651299238204956
5511,-0.8597239851951599
5512,0.2292918562889099
5513,0.26592788100242615
5514,0.2700226604938507
5515,-0.1779290735721588
5516,-0.4948210120201111
5517,0.1529352366924286
5518,0.08934253454208374
5519,1.3561276197433472
5520,0.044886261224746704
5521,-0.1441267430782318
5522,0.01235031709074974
5523,-0.08852861076593399
5524,-0.04372567683458328
5525,-0.4033335745334625
5526,-0.7320334911346436
5527,-0.5428968667984009
5528,-0.002644069492816925
5529,0.058242470026016235
5530,0.19915978610515594
5531,0.06926846504211426
5532,-0.17058229446411133
5533,-0.008366391062736511
5534,0.613548219203949
5535,0.15367436408996582
5536,-0.1530173122882843
5537,-0.4395923614501953
5538,-0.021634891629219055
5539,0.28352683782577515
5540,0.25381162762641907
5541,0.16628548502922058
5542,0.09747215360403061
5543,-0.5791721343994141
5544,0.24830275774002075
5545,0.16249467432498932
5546,-0.477804571390152
5547,-0.19019266963005066
5548,-0.4733116030693054
5549,0.6848101019859314
5550,0.23129145801067352
5551,0.11261177808046341
5552,-0.06976643204689026
5553,0.0732254683971405
5554,0.30957216024398804
5555,-0.06975239515304565
5556,-0.020151972770690918
5557,-0.05936755985021591
5558,-0.22841525077819824
5559,0.25563597679138184
5560,0.261896550655365
5561,0.29617413878440857
5562,-0.10732933133840561
5563,-0.40690258145332336
5564,-0.23758327960968018
5565,0.11496701091527939
5566,0.2860223054885864
5567,0.23846620321273804
5568,0.23038527369499207
5569,-0.0739506185054779
5570,0.1810225546360016
5571,-0.13409104943275452
5572,0.7419495582580566
5573,-0.1722629964351654
5574,0.05268988013267517
5575,0.9685486555099487
5576,-0.10574755072593689
5577,-0.5352120399475098
5578,-0.017271291464567184
5579,-0.38150304555892944
5580,-0.052489638328552246
5581,0.0036028102040290833
5582,-0.28444796800613403
5583,0.0560467354953289
5584,-0.01376715861260891
5585,0.41810911893844604
5586,0.4593939185142517
5587,0.32897114753723145
5588,0.00686383992433548
5589,-0.34147313237190247
5590,-0.1825806051492691
5591,-0.051030561327934265
5592,0.3342156410217285
5593,0.8666428327560425
5594,-0.08591943979263306
5595,-0.07906025648117065
5596,-0.5483171343803406
5597,-0.6837314367294312
5598,-0.1315866857767105
5599,-0.05219409987330437
5600,0.07352721691131592
5601,0.33277127146720886
5602,-0.006779886782169342
5603,-0.31098490953445435
5604,0.3704087734222412
5605,0.11948154866695404
5606,0.07369116693735123
5607,0.18694019317626953
5608,0.01707487739622593
5609,0.2359573096036911
5610,0.18164056539535522
5611,0.057451002299785614
5612,0.7295778393745422
5613,0.08864855766296387
5614,-0.3998158574104309
5615,-0.8137497305870056
5616,-0.9199066162109375
5617,0.020169250667095184
5618,-0.5674635767936707
5619,0.487649142742157
5620,0.44057992100715637
5621,-0.22085149586200714
5622,-0.2666635513305664
5623,-0.7241599559783936
5624,0.012238994240760803
5625,0.12739065289497375
5626,0.4289171099662781
5627,0.28265008330345154
5628,-0.6313097476959229
5629,0.04805965721607208
5630,0.45400357246398926
5631,0.08340689539909363
5632,0.12312722206115723
5633,-0.5643749237060547
5634,-0.08308496326208115
5635,0.014292441308498383
5636,-0.3590885400772095
5637,0.11643660068511963
5638,-0.03919338434934616
5639,-0.037940576672554016
5640,-0.2686046361923218
5641,-0.266066312789917
5642,0.11994632333517075
5643,-0.3438281714916229
5644,0.8341732621192932
5645,0.10814997553825378
5646,-0.3849986791610718
5647,0.5998978614807129
5648,-0.3573530316352844
5649,-0.4223294258117676
5650,-0.4156011939048767
5651,0.24360433220863342
5652,0.06637127697467804
5653,0.10370656102895737
5654,0.03242800384759903
5655,-0.09673142433166504
5656,0.18396826088428497
5657,-0.15283623337745667
5658,-0.06633828580379486
5659,-0.016014713793992996
5660,-0.09253937005996704
5661,-0.38169124722480774
5662,0.6348427534103394
5663,0.5364452600479126
5664,-0.11683070659637451
5665,0.20768173038959503
5666,-0.4105932116508484
5667,-0.4692874252796173
5668,0.6232292652130127
5669,-0.22981849312782288
5670,-0.13051341474056244
5671,-0.13841915130615234
5672,-0.2756580114364624
5673,0.44303303956985474
5674,-0.08145739138126373
5675,0.15077608823776245
5676,0.12861278653144836
5677,0.04068828374147415
5678,-0.43089917302131653
5679,-0.18293827772140503
5680,0.22861099243164062
5681,0.1735740303993225
5682,-0.42918768525123596
5683,0.12428842484951019
5684,-0.15014201402664185
5685,-0.11563120782375336
5686,0.4257300794124603
5687,-0.2935164272785187
5688,-0.0011570677161216736
5689,0.36798226833343506
5690,-0.1472802758216858
5691,-0.262092649936676
5692,-0.1069231927394867
5693,-0.0025175362825393677
5694,0.35670626163482666
5695,0.2065354585647583
5696,0.4747563898563385
5697,-0.30822473764419556
5698,-0.04749638959765434
5699,0.21484892070293427
5700,-0.12189362943172455
5701,0.0802348256111145
5702,0.22357816994190216
5703,-0.4567483067512512
5704,0.22983506321907043
5705,-0.02809920907020569
5706,-0.08823342621326447
5707,0.9768309593200684
5708,-0.2912982106208801
5709,-0.30690938234329224
5710,0.12691056728363037
5711,-0.04379864037036896
5712,0.5060797929763794
5713,0.05761579051613808
5714,-0.044617921113967896
5715,0.4334297776222229
5716,-0.06862561404705048
5717,0.2135416716337204
5718,-0.11581720411777496
5719,0.410131573677063
5720,0.0911143496632576
5721,-0.052500732243061066
5722,0.40459978580474854
5723,-0.18842047452926636
5724,-0.666990339756012
5725,0.14239546656608582
5726,0.3459925651550293
5727,0.3802506625652313
5728,0.1346941590309143
5729,-0.16495773196220398
5730,0.08668296784162521
5731,-0.0827617198228836
5732,0.6918680667877197
5733,-0.12441754341125488
5734,-0.25383710861206055
5735,0.3027895987033844
5736,-0.04406265541911125
5737,-0.23098893463611603
5738,0.22438156604766846
5739,0.13621190190315247
5740,0.2526387870311737
5741,-0.322823703289032
5742,0.5070624947547913
5743,0.08352138102054596
5744,-0.008529865182936192
5745,-0.10292679071426392
5746,-0.07658495008945465
5747,0.737718939781189
5748,-0.1326080858707428
5749,0.16363176703453064
5750,-0.12903934717178345
5751,0.6553916931152344
5752,0.34341615438461304
5753,0.3574070334434509
5754,0.26914533972740173
5755,0.5261856317520142
5756,0.020981192588806152
5757,-0.44025760889053345
5758,-0.2555609941482544
5759,0.05583571270108223
5760,-0.3111282289028168
5761,-0.17612549662590027
5762,0.3524560332298279
5763,0.09334688633680344
5764,0.531769871711731
5765,0.31764569878578186
5766,0.21254630386829376
5767,0.027138089761137962
5768,0.7096128463745117
5769,-0.040741316974163055
5770,0.23411519825458527
5771,0.28865453600883484
5772,-0.1364046335220337
5773,0.2568792402744293
5774,0.7170068025588989
5775,-0.4100099205970764
5776,-0.6221206188201904
5777,0.15068575739860535
5778,-0.298770546913147
5779,-0.10602858662605286
5780,-0.6653052568435669
5781,-0.13662166893482208
5782,0.4275580644607544
5783,0.09589767456054688
5784,-0.19042648375034332
5785,0.23861968517303467
5786,0.2572317123413086
5787,0.3921758532524109
5788,-0.20064502954483032
5789,-0.08351809531450272
5790,0.1770765334367752
5791,-0.12030521780252457
5792,-0.2897191345691681
5793,-0.8079624176025391
5794,0.0023141801357269287
5795,-0.03743584454059601
5796,-0.37817609310150146
5797,-0.2813153862953186
5798,0.025211893022060394
5799,-0.22782111167907715
5800,0.14663617312908173
5801,-0.33193424344062805
5802,0.1227966696023941
5803,-0.167936772108078
5804,0.16855457425117493
5805,0.15116357803344727
5806,-0.5578100085258484
5807,0.39175504446029663
5808,-0.6712524890899658
5809,0.11795100569725037
5810,0.6470363140106201
5811,-0.5778032541275024
5812,-0.6877607107162476
5813,0.14755593240261078
5814,-0.49274492263793945
5815,0.17057093977928162
5816,-0.5059348344802856
5817,0.024371705949306488
5818,-0.28285977244377136
5819,0.17491835355758667
5820,0.5602771639823914
5821,-0.1938159316778183
5822,0.9613313674926758
5823,-0.3929309546947479
5824,0.30702775716781616
5825,0.3334465026855469
5826,-0.4116634130477905
5827,-0.3687587380409241
5828,0.12486028671264648
5829,-0.03467598930001259
5830,0.3365362882614136
5831,-0.41215747594833374
5832,-0.344413161277771
5833,-0.17223185300827026
5834,-0.22292232513427734
5835,-0.09131918847560883
5836,-0.3816724419593811
5837,0.19626587629318237
5838,-0.059375837445259094
5839,0.18377864360809326
5840,0.21055369079113007
5841,0.9306433200836182
5842,0.39271116256713867
5843,0.018190383911132812
5844,0.03186445310711861
5845,0.011616319417953491
5846,0.2529968023300171
5847,-0.12798674404621124
5848,0.1223686933517456
5849,0.20569273829460144
5850,0.04357481375336647
5851,-0.10309536010026932
5852,-0.44543206691741943
5853,-0.9054570198059082
5854,-0.15921561419963837
5855,0.17793214321136475
5856,0.017513830214738846
5857,0.00760054774582386
5858,-0.003359448164701462
5859,0.15513542294502258
5860,-0.12093892693519592
5861,0.7861747741699219
5862,0.8464587330818176
5863,-0.05332828313112259
5864,-0.301142156124115
5865,-0.06305281072854996
5866,0.3212987780570984
5867,0.6219892501831055
5868,-0.01590009033679962
5869,-0.13729897141456604
5870,0.21212537586688995
5871,-0.606794536113739
5872,-0.8974719047546387
5873,-0.6177828311920166
5874,-0.19185423851013184
5875,-0.2264181226491928
5876,0.48100462555885315
5877,0.3264327645301819
5878,0.4111000895500183
5879,0.3850829601287842
5880,0.4865286946296692
5881,0.9953973293304443
5882,0.26299506425857544
5883,-0.051249466836452484
5884,-0.8600467443466187
5885,0.2524016201496124
5886,0.26542460918426514
5887,-0.002445131540298462
5888,0.3488328456878662
5889,-0.5174560546875
5890,-0.2568959593772888
5891,-0.04146943986415863
5892,-0.9062918424606323
5893,-0.1099243313074112
5894,-0.722361147403717
5895,-0.5434926748275757
5896,0.9310455322265625
5897,0.4344433546066284
5898,0.6673378944396973
5899,-0.11687551438808441
5900,1.2797602415084839
5901,0.8292948007583618
5902,0.002720113843679428
5903,0.08565802872180939
5904,-0.6999009847640991
5905,-0.3140900731086731
5906,0.1218675822019577
5907,-0.16688719391822815
5908,-0.29391998052597046
5909,-0.465542733669281
5910,-0.27163881063461304
5911,0.21629291772842407
5912,-0.46408697962760925
5913,0.3426325023174286
5914,-0.381620854139328
5915,-0.26168012619018555
5916,0.4482037127017975
5917,0.20601427555084229
5918,0.6985166072845459
5919,0.06945937871932983
5920,0.3312917947769165
5921,1.0933549404144287
5922,-0.236766055226326
5923,0.04078754782676697
5924,0.04794199764728546
5925,-0.3423788547515869
5926,-0.009676195681095123
5927,-0.5848422646522522
5928,-0.5308178663253784
5929,-0.3165810704231262
5930,0.09173046797513962
5931,-0.2733668386936188
5932,0.05960424989461899
5933,0.061340685933828354
5934,-0.05587807297706604
5935,0.36564943194389343
5936,0.8204407691955566
5937,0.37833985686302185
5938,-0.11540935188531876
5939,0.13822221755981445
5940,0.3641645014286041
5941,0.2706695795059204
5942,0.11825394630432129
5943,-0.5118385553359985
5944,0.2550566494464874
5945,0.4399067759513855
5946,0.0930008813738823
5947,0.06944462656974792
5948,-0.7190709710121155
5949,-0.1680561900138855
5950,0.007673677057027817
5951,-0.04120777174830437
5952,-0.4055249094963074
5953,-0.5823619365692139
5954,-0.1866937279701233
5955,1.0046573877334595
5956,0.7419680953025818
5957,0.680314302444458
5958,0.13577857613563538
5959,0.318416565656662
5960,-0.24053950607776642
5961,-0.3167218267917633
5962,0.3153417706489563
5963,-0.2021687924861908
5964,-0.19364497065544128
5965,-0.3158273696899414
5966,0.7201979756355286
5967,0.22452706098556519
5968,-0.2645072638988495
5969,-0.14763766527175903
5970,-0.17083987593650818
5971,-0.3175930678844452
5972,0.24971026182174683
5973,-0.16790521144866943
5974,-0.17199847102165222
5975,0.55702143907547
5976,0.5526498556137085
5977,0.6530317068099976
5978,0.34254786372184753
5979,-0.06318780779838562
5980,0.1243344396352768
5981,0.4943302571773529
5982,0.08697742223739624
5983,-0.4952813982963562
5984,0.035316482186317444
5985,0.0990092009305954
5986,-0.3694654405117035
5987,0.10949276387691498
5988,0.11513973772525787
5989,0.3328235447406769
5990,0.024788040667772293
5991,-0.5546593070030212
5992,0.0029927603900432587
5993,0.4102800488471985
5994,0.3230511546134949
5995,0.44015634059906006
5996,0.19591209292411804
5997,-0.0650433897972107
5998,0.023420829325914383
5999,0.41331174969673157
6000,0.5781779289245605
6001,0.014688163995742798
6002,0.18284747004508972
6003,0.00838509202003479
6004,-0.21931888163089752
6005,0.30160993337631226
6006,-0.20560622215270996
6007,0.14467956125736237
6008,0.01785828173160553
6009,-0.06848021596670151
6010,0.24734151363372803
6011,-0.6407931447029114
6012,-0.442126601934433
6013,0.225568950176239
6014,1.032292366027832
6015,0.5610994100570679
6016,-0.43985873460769653
6017,0.04780467599630356
6018,-0.14990147948265076
6019,-0.551428496837616
6020,0.14300104975700378
6021,-0.6387922763824463
6022,0.049040406942367554
6023,0.3053464889526367
6024,-0.0563589483499527
6025,1.0688135623931885
6026,-0.1662876009941101
6027,-0.027653492987155914
6028,-0.4105411171913147
6029,-0.7492873668670654
6030,-0.6383345127105713
6031,-0.963327169418335
6032,0.5626071095466614
6033,0.2363077849149704
6034,0.0772162675857544
6035,0.5885778069496155
6036,-0.5127590894699097
6037,0.4437679350376129
6038,0.16828542947769165
6039,-0.8005596399307251
6040,0.11914125084877014
6041,-0.46391230821609497
6042,0.17916105687618256
6043,-0.0557238906621933
6044,-0.32274264097213745
6045,0.6706035137176514
6046,0.0834582969546318
6047,-0.25107651948928833
6048,-0.5687487125396729
6049,-0.7242188453674316
6050,0.2910926342010498
6051,-0.795390248298645
6052,-0.30940359830856323
6053,0.7255076169967651
6054,-0.5210794806480408
6055,0.457521915435791
6056,-0.03148825466632843
6057,-0.19539673626422882
6058,0.30411264300346375
6059,0.42500239610671997
6060,0.38061758875846863
6061,0.18540194630622864
6062,-0.33136922121047974
6063,-0.5427250266075134
6064,0.27484437823295593
6065,0.3951835632324219
6066,-0.29351428151130676
6067,-1.0302128791809082
6068,-0.4936258792877197
6069,-0.3088817894458771
6070,0.01942833513021469
6071,0.14403562247753143
6072,0.19501590728759766
6073,0.19398663938045502
6074,0.3202730417251587
6075,-0.06335388869047165
6076,0.5433626174926758
6077,0.4907851815223694
6078,-0.7924200892448425
6079,0.11096242815256119
6080,0.44062256813049316
6081,-0.05005252733826637
6082,-0.20079968869686127
6083,-0.7617144584655762
6084,0.21686820685863495
6085,-0.20748057961463928
6086,-0.7859606146812439
6087,0.028157565742731094
6088,-0.5588377714157104
6089,-0.5438693761825562
6090,-0.46693941950798035
6091,0.2709658145904541
6092,1.0403938293457031
6093,0.12481006979942322
6094,-0.15211209654808044
6095,0.42969441413879395
6096,0.414630651473999
6097,0.04016856849193573
6098,-0.4276423752307892
6099,0.1441248059272766
6100,0.011146833188831806
6101,0.19281364977359772
6102,-0.07750609517097473
6103,-0.4682427942752838
6104,0.31476089358329773
6105,-0.4023224115371704
6106,-0.9242159128189087
6107,-0.11444057524204254
6108,-0.09937392175197601
6109,0.7856461405754089
6110,0.1672062873840332
6111,0.06947620213031769
6112,0.7383068799972534
6113,0.4258936941623688
6114,0.8586755394935608
6115,0.1423126757144928
6116,-0.058534301817417145
6117,-0.5844113826751709
6118,-0.6189700961112976
6119,0.6813232898712158
6120,0.2961810827255249
6121,-0.9445784091949463
6122,-0.14114999771118164
6123,-0.0774560421705246
6124,0.6837077140808105
6125,-0.48987987637519836
6126,-0.8143001198768616
6127,-0.15387964248657227
6128,-0.07163350284099579
6129,0.8160324692726135
6130,0.12566731870174408
6131,0.3603649437427521
6132,0.4729806184768677
6133,0.5591082572937012
6134,0.9813167452812195
6135,0.45764172077178955
6136,-0.6982088088989258
6137,-0.24722540378570557
6138,-0.1409863382577896
6139,0.1874973475933075
6140,-0.2509593665599823
6141,-0.9810454845428467
6142,-0.3430103659629822
6143,0.5966709852218628
6144,0.2606448531150818
6145,-0.9999971389770508
6146,-0.47639942169189453
6147,0.060838766396045685
6148,0.22134116291999817
6149,0.3922695517539978
6150,0.2932322919368744
6151,0.8016334176063538
6152,0.398647278547287
6153,-0.10856030136346817
6154,0.4237423241138458
6155,0.17833803594112396
6156,0.2575273811817169
6157,-0.20994235575199127
6158,-0.2401152104139328
6159,0.06536757946014404
6160,-0.17188028991222382
6161,-0.184707373380661
6162,-0.05928382650017738
6163,0.03215591236948967
6164,0.20041966438293457
6165,0.01718662679195404
6166,-0.5618093013763428
6167,-0.22580380737781525
6168,0.2632250487804413
6169,0.6868953704833984
6170,0.279560387134552
6171,0.6523863077163696
6172,0.048978567123413086
6173,-0.4591503441333771
6174,0.6210792660713196
6175,-0.031492169946432114
6176,-0.041703104972839355
6177,0.12835749983787537
6178,-0.4804725646972656
6179,0.17493027448654175
6180,0.2290123701095581
6181,-0.9295727014541626
6182,0.015727341175079346
6183,0.09502609074115753
6184,-0.31301844120025635
6185,-0.004593394696712494
6186,-0.3087760806083679
6187,0.10066098719835281
6188,0.1110575944185257
6189,0.015907106921076775
6190,0.266806960105896
6191,0.446882426738739
6192,0.19599184393882751
6193,-0.16721111536026
6194,0.29644155502319336
6195,-0.05351708084344864
6196,-0.3215549886226654
6197,0.06252078711986542
6198,-0.06754652410745621
6199,-0.22222334146499634
6200,-0.607385516166687
6201,-0.07032912969589233
6202,0.2045983374118805
6203,0.2566278576850891
6204,-0.40976616740226746
6205,-0.46345558762550354
6206,0.06336399912834167
6207,0.6771295666694641
6208,0.3351731598377228
6209,0.07977520674467087
6210,0.4087962806224823
6211,0.31841611862182617
6212,0.7531269192695618
6213,-0.032430604100227356
6214,-0.19044232368469238
6215,-0.7882888317108154
6216,-0.07833896577358246
6217,0.15816089510917664
6218,-0.3160304129123688
6219,0.19087694585323334
6220,-0.23949983716011047
6221,-0.5103292465209961
6222,0.40479397773742676
6223,0.5440171957015991
6224,-0.41504067182540894
6225,-0.15746751427650452
6226,-0.40176135301589966
6227,0.20869868993759155
6228,0.6825646162033081
6229,-0.17543160915374756
6230,0.3159835636615753
6231,0.7015491724014282
6232,-0.5061057806015015
6233,-0.1453753411769867
6234,0.09900704026222229
6235,-0.6136288642883301
6236,-0.16777974367141724
6237,-0.509980320930481
6238,0.1423073261976242
6239,0.0017688348889350891
6240,-0.07463732361793518
6241,-0.05776802450418472
6242,-0.1563977748155594
6243,0.5025613307952881
6244,-0.17700791358947754
6245,-0.24179311096668243
6246,0.2927861213684082
6247,0.3998034596443176
6248,0.37634310126304626
6249,-0.12489408999681473
6250,-0.3937477469444275
6251,0.2345443218946457
6252,-0.5279988646507263
6253,-0.2119942009449005
6254,-0.2098756581544876
6255,0.43074092268943787
6256,0.053952623158693314
6257,0.029544860124588013
6258,0.5494660139083862
6259,0.5267045497894287
6260,-0.13296902179718018
6261,-0.3955436646938324
6262,1.1323333978652954
6263,0.4092583656311035
6264,-0.19951385259628296
6265,-0.8937875032424927
6266,0.1353716403245926
6267,0.9762241244316101
6268,0.3329240679740906
6269,-0.2230202555656433
6270,0.4326251745223999
6271,-0.014659103006124496
6272,-0.02684427984058857
6273,-0.37537631392478943
6274,-0.1694321632385254
6275,0.43752333521842957
6276,0.4916188716888428
6277,0.2832322120666504
6278,-0.06067612022161484
6279,0.7092684507369995
6280,-0.40631067752838135
6281,-0.3061222732067108
6282,0.6286101341247559
6283,0.3831212818622589
6284,-0.16336196660995483
6285,-0.5725520849227905
6286,0.05077555775642395
6287,1.1475837230682373
6288,-0.11242806911468506
6289,-0.1420516073703766
6290,0.2153341919183731
6291,-0.28225821256637573
6292,-0.6905018091201782
6293,-0.42445603013038635
6294,0.2437800168991089
6295,0.5144131183624268
6296,-0.08874256163835526
6297,-0.3541240096092224
6298,-0.12729918956756592
6299,0.250747948884964
6300,0.46432366967201233
6301,-0.14023979008197784
6302,0.155387744307518
6303,-0.20829318463802338
6304,-0.06955908238887787
6305,0.5191431045532227
6306,0.5165817737579346
6307,0.4515500068664551
6308,0.6350354552268982
6309,0.20469889044761658
6310,0.16610057651996613
6311,-0.2961907386779785
6312,-0.16509537398815155
6313,-0.11547205597162247
6314,-0.10619611293077469
6315,0.4756546914577484
6316,0.1918967217206955
6317,-0.7591861486434937
6318,-0.36433860659599304
6319,-0.20612433552742004
6320,0.40329208970069885
6321,0.981549859046936
6322,0.19651995599269867
6323,0.7226281762123108
6324,-0.3228839635848999
6325,0.32271623611450195
6326,1.4029070138931274
6327,0.4739115238189697
6328,0.07784895598888397
6329,0.020363157615065575
6330,-0.23711122572422028
6331,0.5723357200622559
6332,-0.49145156145095825
6333,-0.5556859374046326
6334,-0.08971886336803436
6335,-0.3484950065612793
6336,0.3151664733886719
6337,-0.1398181915283203
6338,-0.03485976904630661
6339,-0.5164437294006348
6340,-0.3338022828102112
6341,0.6905163526535034
6342,0.6280854940414429
6343,-0.3312923014163971
6344,-0.2571789026260376
6345,0.22513216733932495
6346,0.6789660453796387
6347,0.24404683709144592
6348,-0.3711041808128357
6349,-0.22595354914665222
6350,-0.298429012298584
6351,-0.13309209048748016
6352,0.30994153022766113
6353,-0.08280344307422638
6354,-0.08907653391361237
6355,-0.26058170199394226
6356,-0.616014838218689
6357,-0.04836755990982056
6358,0.3590659499168396
6359,-0.11404813826084137
6360,-0.3158409297466278
6361,0.1902533769607544
6362,0.27674204111099243
6363,0.7448283433914185
6364,-0.15966390073299408
6365,0.11908169090747833
6366,0.21589818596839905
6367,-0.5883656144142151
6368,0.48110151290893555
6369,0.23473596572875977
6370,-0.38342055678367615
6371,0.3194016218185425
6372,-0.3841283321380615
6373,0.4237309694290161
6374,0.5257939696311951
6375,-0.10202372819185257
6376,0.49307551980018616
6377,-0.37747710943222046
6378,0.4320058226585388
6379,0.22908298671245575
6380,0.21360395848751068
6381,0.6747819781303406
6382,-0.06753167510032654
6383,0.12355237454175949
6384,0.43357184529304504
6385,0.33533036708831787
6386,0.3308393061161041
6387,-0.45531976222991943
6388,0.12683038413524628
6389,0.31477081775665283
6390,0.062061287462711334
6391,0.6488511562347412
6392,-0.022204972803592682
6393,0.024232270196080208
6394,-0.13058316707611084
6395,-0.1531195044517517
6396,0.2696545720100403
6397,0.562379002571106
6398,0.19812433421611786
6399,-0.19725871086120605
6400,0.05412369593977928
6401,0.4961664080619812
6402,0.034260619431734085
6403,-0.10250964015722275
6404,-0.1773122251033783
6405,0.004380751401185989
6406,-0.1128636822104454
6407,-0.14296148717403412
6408,0.35141459107398987
6409,-0.26749932765960693
6410,-0.0639091432094574
6411,0.548313319683075
6412,0.6970449686050415
6413,0.4881662130355835
6414,0.04884977638721466
6415,-0.14778320491313934
6416,-0.048144057393074036
6417,0.027035551145672798
6418,-0.049762409180402756
6419,-0.29852432012557983
6420,0.38879573345184326
6421,-0.14620625972747803
6422,-0.2482559084892273
6423,-0.025699524208903313
6424,-0.25603410601615906
6425,-0.5808853507041931
6426,-0.6647962331771851
6427,0.1564364731311798
6428,-0.6583235263824463
6429,-0.5469285249710083
6430,0.41494250297546387
6431,0.49064162373542786
6432,0.40741461515426636
6433,-0.0994558110833168
6434,0.40990814566612244
6435,0.3619408905506134
6436,-0.8277997970581055
6437,0.008258173242211342
6438,-0.4823269248008728
6439,-0.23422163724899292
6440,0.03403068706393242
6441,-0.6542800068855286
6442,0.24910716712474823
6443,-0.2060617208480835
6444,-0.1148054301738739
6445,-0.11637075990438461
6446,-0.6818585395812988
6447,0.024477943778038025
6448,-0.1592465341091156
6449,-0.4904865026473999
6450,0.2849862277507782
6451,0.3845599293708801
6452,0.4005819857120514
6453,0.04871241748332977
6454,-0.5906592607498169
6455,-0.24051490426063538
6456,-0.3614744544029236
6457,-0.4697662591934204
6458,-0.11437897384166718
6459,-0.05500924959778786
6460,0.23539946973323822
6461,-0.9968410730361938
6462,-0.5397108793258667
6463,0.34372544288635254
6464,-0.5611952543258667
6465,-0.37975043058395386
6466,0.16635602712631226
6467,0.573614239692688
6468,0.11897080391645432
6469,-0.514539897441864
6470,0.02616661787033081
6471,0.7027339935302734
6472,0.032685503363609314
6473,-0.24871626496315002
6474,-0.27588850259780884
6475,0.04230225086212158
6476,-0.24595221877098083
6477,-0.48324763774871826
6478,-0.32647866010665894
6479,-0.00024514831602573395
6480,0.2700461447238922
6481,-0.3107973337173462
6482,-0.21008677780628204
6483,-0.4045235216617584
6484,-0.4245113134384155
6485,-0.19948604702949524
6486,0.39441993832588196
6487,0.2814783453941345
6488,-0.39825841784477234
6489,-0.09732949733734131
6490,0.7246184349060059
6491,0.009054556488990784
6492,-0.7947105169296265
6493,0.06845974922180176
6494,0.08177120983600616
6495,0.15240496397018433
6496,-0.1131608858704567
6497,-0.057244010269641876
6498,0.2708195745944977
6499,-0.028334779664874077
6500,-0.048360537737607956
6501,0.13881206512451172
6502,0.1983925998210907
6503,-0.3885960578918457
6504,-0.15734627842903137
6505,0.42915207147598267
6506,-0.08558695763349533
6507,-0.569666862487793
6508,-0.2626784145832062
6509,-0.10017449408769608
6510,0.2255396842956543
6511,0.10350120812654495
6512,0.2314438670873642
6513,0.3048707842826843
6514,0.3196926712989807
6515,0.45244067907333374
6516,-0.26357501745224
6517,0.03627932816743851
6518,0.3329923748970032
6519,0.4386575222015381
6520,0.06462261080741882
6521,-0.615038275718689
6522,0.0925346314907074
6523,0.35185787081718445
6524,-0.21159109473228455
6525,-0.1651092767715454
6526,-0.08308997750282288
6527,-0.32848140597343445
6528,-0.7095495462417603
6529,-0.6107971668243408
6530,0.34924909472465515
6531,0.12281397730112076
6532,-0.3513403534889221
6533,0.2707695960998535
6534,0.4394751489162445
6535,0.33615219593048096
6536,-0.33254292607307434
6537,-0.44258514046669006
6538,0.5634686946868896
6539,0.005164936184883118
6540,-0.5717668533325195
6541,0.45453310012817383
6542,-0.3962448537349701
6543,-1.1212459802627563
6544,-0.1661585420370102
6545,0.23873332142829895
6546,-0.14232954382896423
6547,-0.647315263748169
6548,-0.3192387819290161
6549,0.31381943821907043
6550,0.21428599953651428
6551,-0.11423145234584808
6552,0.08485335856676102
6553,0.16046887636184692
6554,0.2237340211868286
6555,-0.0067611439153552055
6556,0.25679296255111694
6557,0.15531280636787415
6558,0.38036710023880005
6559,0.6039183735847473
6560,-0.3549209535121918
6561,-0.5161870718002319
6562,-0.12960946559906006
6563,0.2802107632160187
6564,0.1842915415763855
6565,-0.12425974011421204
6566,0.2184034287929535
6567,0.36937397718429565
6568,-0.4651740491390228
6569,-0.2061804085969925
6570,0.4850490689277649
6571,0.048731494694948196
6572,0.1408817172050476
6573,0.3069103956222534
6574,0.6459701061248779
6575,0.3610992729663849
6576,-0.44668710231781006
6577,0.6604121327400208
6578,1.3677175045013428
6579,0.04155231639742851
6580,-0.08825792372226715
6581,0.527557909488678
6582,0.6464014649391174
6583,0.31705036759376526
6584,-1.0017257928848267
6585,-0.2983470559120178
6586,0.488780677318573
6587,0.2795078456401825
6588,-0.3700219690799713
6589,0.057865746319293976
6590,0.596034049987793
6591,0.0926210880279541
6592,0.6439656019210815
6593,0.48910021781921387
6594,0.24142685532569885
6595,-0.03578072413802147
6596,-0.0054755681194365025
6597,0.1880892664194107
6598,0.37675243616104126
6599,-0.1596340537071228
6600,0.31970924139022827
6601,0.4497324824333191
6602,0.5333647131919861
6603,0.7356982827186584
6604,0.01002317015081644
6605,-0.4845055341720581
6606,-0.48570939898490906
6607,0.13364991545677185
6608,-0.5986133813858032
6609,0.05240371823310852
6610,0.6217276453971863
6611,0.40996816754341125
6612,0.06297320872545242
6613,0.25917452573776245
6614,1.3406798839569092
6615,0.9564247131347656
6616,-0.19323663413524628
6617,0.03731934726238251
6618,0.20100101828575134
6619,0.5819709300994873
6620,-0.1291554868221283
6621,-0.5747458934783936
6622,0.45452526211738586
6623,0.22873082756996155
6624,0.467711478471756
6625,0.36477354168891907
6626,0.286429226398468
6627,-0.0065451329573988914
6628,-0.7806791663169861
6629,-0.43932756781578064
6630,0.6939789056777954
6631,0.31066378951072693
6632,-0.27425238490104675
6633,-0.3902970254421234
6634,0.29580146074295044
6635,0.8672136068344116
6636,0.3491250276565552
6637,0.33032748103141785
6638,0.24821491539478302
6639,-0.020738905295729637
6640,0.06701654195785522
6641,0.38085293769836426
6642,0.3135509490966797
6643,-0.05089147388935089
6644,-1.0002191066741943
6645,-0.11115245521068573
6646,0.5366731882095337
6647,0.020073503255844116
6648,-0.41114577651023865
6649,-1.0726484060287476
6650,0.07032358646392822
6651,0.5239565372467041
6652,-0.17051367461681366
6653,-0.9454140067100525
6654,-0.8150783777236938
6655,-0.025875940918922424
6656,0.24391119182109833
6657,-0.11269542574882507
6658,0.24211841821670532
6659,0.15524400770664215
6660,-0.4207431375980377
6661,-0.025752857327461243
6662,-0.21326154470443726
6663,0.3472742736339569
6664,-0.4130782186985016
6665,-0.813677191734314
6666,0.0644167959690094
6667,-0.19492463767528534
6668,-0.5451085567474365
6669,0.07326304167509079
6670,0.19580864906311035
6671,-0.1676546186208725
6672,-0.6621443033218384
6673,-0.5976799130439758
6674,-0.09197729825973511
6675,-0.647815465927124
6676,-0.8114065527915955
6677,-0.07085012644529343
6678,0.8596906661987305
6679,0.37798240780830383
6680,0.07499156147241592
6681,-0.4367489814758301
6682,-0.1694602072238922
6683,-0.13735108077526093
6684,-0.19341246783733368
6685,0.09335953742265701
6686,-0.12590108811855316
6687,-0.09005673974752426
6688,-0.29609692096710205
6689,0.1345864236354828
6690,0.42280787229537964
6691,-0.06672374904155731
6692,-0.44334232807159424
6693,0.030031461268663406
6694,-0.21935513615608215
6695,-0.03375055640935898
6696,-0.2540234327316284
6697,0.2320944368839264
6698,0.613518476486206
6699,-0.18233844637870789
6700,-0.11456237733364105
6701,0.2125127911567688
6702,0.25075775384902954
6703,-0.3695543706417084
6704,-0.3096967935562134
6705,0.3726746141910553
6706,0.4128427505493164
6707,0.16376256942749023
6708,0.11483024060726166
6709,-0.35697102546691895
6710,-0.042314961552619934
6711,-0.413137286901474
6712,-0.45234787464141846
6713,0.04396582394838333
6714,-0.3512566387653351
6715,0.35091495513916016
6716,0.5153211355209351
6717,0.4129794239997864
6718,0.5600278377532959
6719,0.38322389125823975
6720,-0.028754740953445435
6721,-0.3227628171443939
6722,-0.021485749632120132
6723,0.02265666238963604
6724,0.08738812804222107
6725,0.10371959209442139
6726,0.2991480231285095
6727,-0.026688357815146446
6728,0.32332637906074524
6729,0.44073840975761414
6730,-0.23609161376953125
6731,-0.47524261474609375
6732,-0.20089711248874664
6733,0.5336754322052002
6734,-0.0061210691928863525
6735,-0.0451047420501709
6736,0.4587143063545227
6737,0.6061012744903564
6738,0.18916557729244232
6739,1.0256935358047485
6740,0.7657405138015747
6741,0.13662925362586975
6742,-0.12184509634971619
6743,-0.2469588965177536
6744,0.5652889609336853
6745,-0.2863050401210785
6746,-0.03997403383255005
6747,0.6774904727935791
6748,0.3883351683616638
6749,-0.3997085690498352
6750,-0.4312688708305359
6751,0.009464472532272339
6752,0.5033937692642212
6753,-0.24879090487957
6754,-0.11685430258512497
6755,0.8333469033241272
6756,0.31511449813842773
6757,-0.1846432089805603
6758,0.19044415652751923
6759,0.8179784417152405
6760,0.29137831926345825
6761,0.4564158320426941
6762,0.5361068248748779
6763,0.21170338988304138
6764,-0.11607304960489273
6765,-0.459181547164917
6766,-0.20090028643608093
6767,0.3393225371837616
6768,0.31307515501976013
6769,-0.2581862211227417
6770,-0.23643790185451508
6771,-0.2428857386112213
6772,-0.651306688785553
6773,0.14176231622695923
6774,0.4238227605819702
6775,0.008408812806010246
6776,0.05885861814022064
6777,-0.027725912630558014
6778,0.36173146963119507
6779,0.4979754686355591
6780,-0.0875975489616394
6781,-0.1200353354215622
6782,0.3180733919143677
6783,0.3053649961948395
6784,0.21568942070007324
6785,-0.08238416910171509
6786,-0.2659594714641571
6787,-0.05075865983963013
6788,0.24845358729362488
6789,-0.5626482367515564
6790,-0.32198578119277954
6791,0.0999675989151001
6792,-0.3858414888381958
6793,0.01856602355837822
6794,0.0762774869799614
6795,0.30943453311920166
6796,0.0029530897736549377
6797,-0.26757487654685974
6798,0.48853397369384766
6799,-0.10430604964494705
6800,-0.18933914601802826
6801,0.2664908766746521
6802,-0.0006645228713750839
6803,0.0731908455491066
6804,-0.32726430892944336
6805,-0.4803353548049927
6806,0.10591248422861099
6807,-0.1692989468574524
6808,-0.22934004664421082
6809,0.05527371168136597
6810,-0.7489092946052551
6811,-0.20746582746505737
6812,-0.03435278683900833
6813,0.2066529542207718
6814,0.14322315156459808
6815,0.1902334839105606
6816,0.16640202701091766
6817,-0.4270184636116028
6818,0.14498621225357056
6819,0.34249499440193176
6820,-0.14659227430820465
6821,-0.24374572932720184
6822,-0.2925174832344055
6823,-0.2990768551826477
6824,0.35966956615448
6825,-0.4825175702571869
6826,-0.5071476697921753
6827,-0.05831353738903999
6828,-0.05164436250925064
6829,0.05634361505508423
6830,-0.06288217008113861
6831,-0.5496290326118469
6832,0.10222494602203369
6833,0.5216217041015625
6834,-0.0914253517985344
6835,0.43678462505340576
6836,0.47564423084259033
6837,0.09534673392772675
6838,-0.001613980159163475
6839,-0.00169441569596529
6840,0.1273026466369629
6841,0.024563193321228027
6842,-0.44929105043411255
6843,-0.044387370347976685
6844,0.16883526742458344
6845,-0.24724023044109344
6846,-0.37458115816116333
6847,0.10310635715723038
6848,0.24479752779006958
6849,-0.606627345085144
6850,-0.4079275131225586
6851,0.5480928421020508
6852,0.644655704498291
6853,0.05474895238876343
6854,-0.474764883518219
6855,0.4186818599700928
6856,0.506600022315979
6857,-0.5873717069625854
6858,-0.12114699929952621
6859,0.19545352458953857
6860,0.1085330992937088
6861,0.26884323358535767
6862,0.0739787295460701
6863,0.27856987714767456
6864,-0.36526721715927124
6865,-0.7124797105789185
6866,0.1663682460784912
6867,-0.06288190186023712
6868,-0.3621872067451477
6869,-0.18033376336097717
6870,0.6486095786094666
6871,0.5255972146987915
6872,-0.29087716341018677
6873,0.2696497440338135
6874,0.5808969736099243
6875,-0.18768715858459473
6876,-0.17562489211559296
6877,0.08324439823627472
6878,0.4205195903778076
6879,0.13681115210056305
6880,-0.23811444640159607
6881,0.8407189249992371
6882,0.2889525890350342
6883,0.10874565690755844
6884,0.6133906245231628
6885,0.18818554282188416
6886,-0.4672744870185852
6887,0.036992695182561874
6888,0.334127277135849
6889,0.2938254475593567
6890,-0.07317465543746948
6891,-0.05981165170669556
6892,1.0432462692260742
6893,0.2630898654460907
6894,0.2697843313217163
6895,0.36534351110458374
6896,0.10567459464073181
6897,0.07945407927036285
6898,0.00839502364397049
6899,0.2171259969472885
6900,0.09659618139266968
6901,-0.39536118507385254
6902,0.21446429193019867
6903,0.5978264808654785
6904,-0.15384912490844727
6905,0.15814974904060364
6906,0.163918137550354
6907,0.4674956202507019
6908,-0.03615342825651169
6909,-0.42171943187713623
6910,0.19881154596805573
6911,0.010886222124099731
6912,0.19366911053657532
6913,0.18310976028442383
6914,-0.07206910848617554
6915,0.1348210722208023
6916,-0.014514978975057602
6917,0.004168983548879623
6918,0.12913241982460022
6919,-0.4670814573764801
6920,0.21321384608745575
6921,0.04390561580657959
6922,-0.9411240816116333
6923,0.05497986078262329
6924,0.4952671527862549
6925,0.09578447043895721
6926,-0.23282277584075928
6927,-0.3941667675971985
6928,0.3100472688674927
6929,0.32556235790252686
6930,-0.6154800653457642
6931,0.036659978330135345
6932,0.3973492980003357
6933,-0.011285433545708656
6934,-0.15315218269824982
6935,-0.026654308661818504
6936,-0.05851641297340393
6937,-0.7006112337112427
6938,-0.45051825046539307
6939,0.4564525783061981
6940,0.748807430267334
6941,-0.0879780650138855
6942,-0.8925601840019226
6943,0.08185456693172455
6944,0.7286700010299683
6945,-0.06257691979408264
6946,-0.027211390435695648
6947,0.3220515251159668
6948,0.13460005819797516
6949,-0.4250314235687256
6950,-0.31153854727745056
6951,0.07230156660079956
6952,0.3749476671218872
6953,-0.23606665432453156
6954,-0.29364246129989624
6955,0.1971852034330368
6956,-0.132765993475914
6957,0.2550390064716339
6958,0.41442209482192993
6959,0.23500436544418335
6960,-0.0482979342341423
6961,0.3276287615299225
6962,0.27851545810699463
6963,-0.3009778559207916
6964,-0.4866170883178711
6965,0.3562130630016327
6966,0.7293109893798828
6967,-0.00467025488615036
6968,0.4015996754169464
6969,0.3542998135089874
6970,-0.04330272600054741
6971,-0.47780972719192505
6972,0.14484360814094543
6973,0.4473263621330261
6974,-0.44483405351638794
6975,-0.4285888373851776
6976,0.6972585320472717
6977,0.7391163110733032
6978,-0.20630258321762085
6979,0.04232998937368393
6980,0.8149913549423218
6981,0.5413746237754822
6982,-0.7821580171585083
6983,0.22392350435256958
6984,0.5153332948684692
6985,0.03831406682729721
6986,0.0457133911550045
6987,-0.05619572848081589
6988,0.41495662927627563
6989,-0.14278988540172577
6990,-0.3634224534034729
6991,0.4221007823944092
6992,0.53950035572052
6993,-0.12758907675743103
6994,-0.09915778040885925
6995,-0.20910394191741943
6996,-0.13341519236564636
6997,0.006189137697219849
6998,0.5550574064254761
6999,0.23245340585708618
7000,-0.1701008677482605
7001,0.47196823358535767
7002,0.0809674859046936
7003,0.014545747078955173
7004,-0.04514722153544426
7005,0.1053118109703064
7006,0.0633464977145195
7007,0.17461565136909485
7008,0.2099074274301529
7009,0.25981613993644714
7010,0.15967269241809845
7011,-0.09147388488054276
7012,0.4057304859161377
7013,0.08586303889751434
7014,-0.504161536693573
7015,-0.8112391233444214
7016,-0.196189284324646
7017,0.22866050899028778
7018,0.18355807662010193
7019,0.168839693069458
7020,0.3765106797218323
7021,0.4509761929512024
7022,0.05754275619983673
7023,-0.34503626823425293
7024,-0.10783710330724716
7025,0.0702245905995369
7026,-0.26939383149147034
7027,0.36412858963012695
7028,0.06791180372238159
7029,-0.1999397575855255
7030,0.1399672031402588
7031,0.07713203132152557
7032,0.2328016310930252
7033,0.2512574791908264
7034,-0.1976155936717987
7035,-0.3835381269454956
7036,-0.6822082996368408
7037,-0.42841437458992004
7038,0.16779938340187073
7039,-0.4956635534763336
7040,-0.04139925539493561
7041,0.1679982841014862
7042,0.35397952795028687
7043,0.46761512756347656
7044,-0.08871059119701385
7045,0.23670640587806702
7046,-0.17519351840019226
7047,-0.8899234533309937
7048,-0.17275145649909973
7049,0.109264075756073
7050,-0.15836101770401
7051,-0.4460345506668091
7052,-0.3652370572090149
7053,0.6976845860481262
7054,-0.003900837153196335
7055,-0.6025077104568481
7056,-0.3319122791290283
7057,-0.5364924669265747
7058,-0.5144051909446716
7059,-0.17419931292533875
7060,0.05022386461496353
7061,0.1925782561302185
7062,-0.5087911486625671
7063,-0.5383481979370117
7064,0.5034255981445312
7065,0.3392736315727234
7066,-0.10357700288295746
7067,-0.23482851684093475
7068,-0.010303569957613945
7069,0.04368247464299202
7070,-0.38734206557273865
7071,-0.5329999327659607
7072,-0.004913028329610825
7073,-0.38308289647102356
7074,-0.27463623881340027
7075,0.29159027338027954
7076,-0.024941328912973404
7077,0.16554678976535797
7078,-0.14831726253032684
7079,-0.04995259642601013
7080,-0.07016818225383759
7081,-0.5210530757904053
7082,-0.13759039342403412
7083,-0.13097648322582245
7084,0.08008705824613571
7085,0.2828628718852997
7086,0.20190384984016418
7087,0.7167354822158813
7088,0.18276819586753845
7089,0.07306981086730957
7090,0.04225918650627136
7091,-0.6491525769233704
7092,-0.5949855446815491
7093,-0.46929872035980225
7094,0.30811136960983276
7095,0.2388344556093216
7096,0.15144744515419006
7097,-0.16640126705169678
7098,-0.16922219097614288
7099,-0.06543589383363724
7100,-0.37108272314071655
7101,0.09698174893856049
7102,-0.2876242697238922
7103,-0.10223974287509918
7104,0.1275937259197235
7105,0.6390178203582764
7106,0.3261755406856537
7107,-0.09207753837108612
7108,0.02028023824095726
7109,-0.05283287167549133
7110,0.16109535098075867
7111,-0.15976780652999878
7112,0.14568042755126953
7113,-0.2301291674375534
7114,-0.23220616579055786
7115,-0.44725310802459717
7116,0.16067957878112793
7117,0.3033103942871094
7118,-0.22531446814537048
7119,0.30955612659454346
7120,0.20712319016456604
7121,0.22225616872310638
7122,0.23703040182590485
7123,0.579814076423645
7124,0.08484770357608795
7125,-0.012805177830159664
7126,-0.2712724506855011
7127,0.122542604804039
7128,0.492074191570282
7129,0.08499158918857574
7130,0.34798598289489746
7131,0.1217653900384903
7132,-0.014171268790960312
7133,-0.14533837139606476
7134,0.00040112994611263275
7135,-0.24186629056930542
7136,-0.40994372963905334
7137,-0.04438682645559311
7138,0.585273027420044
7139,0.2353811264038086
7140,0.38333702087402344
7141,0.025387413799762726
7142,-0.23662999272346497
7143,0.4073587656021118
7144,-0.009231029078364372
7145,0.6330169439315796
7146,0.26781824231147766
7147,-0.19590337574481964
7148,-0.018700141459703445
7149,0.3025968670845032
7150,-0.14987115561962128
7151,-0.013220883905887604
7152,-0.2333534210920334
7153,-0.6124815344810486
7154,-0.16346138715744019
7155,-0.18115657567977905
7156,0.7505100965499878
7157,-0.09892673790454865
7158,0.2235848605632782
7159,-0.21075411140918732
7160,-0.4902987480163574
7161,0.011494897305965424
7162,-0.8242533206939697
7163,-0.09495874494314194
7164,0.2520158290863037
7165,0.2971976399421692
7166,0.1677575707435608
7167,0.6169759631156921
7168,0.2579246163368225
7169,-0.04815112054347992
7170,-0.3164671063423157
7171,-0.2839760184288025
7172,0.20066359639167786
7173,-0.3619838356971741
7174,0.06066599115729332
7175,-0.13422299921512604
7176,0.18620645999908447
7177,0.024872273206710815
7178,-0.2417147010564804
7179,0.269062876701355
7180,-0.15675975382328033
7181,-0.36445295810699463
7182,-0.3709140121936798
7183,-0.4231190085411072
7184,-0.05604616552591324
7185,-0.18744608759880066
7186,-0.9170129299163818
7187,-0.0018867859616875648
7188,-0.29824742674827576
7189,-0.21719685196876526
7190,0.3399296998977661
7191,0.07596546411514282
7192,0.2323254942893982
7193,-0.19473643600940704
7194,-0.07731893658638
7195,-0.5981032252311707
7196,0.022795677185058594
7197,0.35134434700012207
7198,-0.16045179963111877
7199,0.0812968909740448
7200,0.19237367808818817
7201,0.16324728727340698
7202,0.4389497935771942
7203,0.0947871208190918
7204,-0.6470772624015808
7205,0.057579006999731064
7206,-0.4330689311027527
7207,-0.24759188294410706
7208,0.08813650906085968
7209,0.18472202122211456
7210,0.08346221596002579
7211,-0.17715395987033844
7212,0.3747802972793579
7213,0.2124297022819519
7214,0.2799200117588043
7215,-0.5970778465270996
7216,0.06463758647441864
7217,0.36692941188812256
7218,-0.013694513589143753
7219,-0.16146183013916016
7220,-0.30588144063949585
7221,0.1884022206068039
7222,-0.3751547932624817
7223,-0.11052040755748749
7224,0.04981076717376709
7225,0.27644455432891846
7226,-0.30727747082710266
7227,-0.5635940432548523
7228,-0.17293477058410645
7229,-0.0054248906672000885
7230,-0.45334070920944214
7231,-0.49565625190734863
7232,0.3037344217300415
7233,-0.0069212522357702255
7234,-0.026886502280831337
7235,-0.19852933287620544
7236,-0.080770343542099
7237,-0.21356141567230225
7238,-0.3251381516456604
7239,-0.4794309735298157
7240,-0.28677085041999817
7241,0.277047336101532
7242,0.07821150124073029
7243,0.052497390657663345
7244,-0.08660096675157547
7245,0.3290983736515045
7246,-0.0059251487255096436
7247,-0.4825547933578491
7248,-0.29311132431030273
7249,0.026508837938308716
7250,0.17336735129356384
7251,-0.42876744270324707
7252,0.05250407010316849
7253,0.22558456659317017
7254,0.12559163570404053
7255,-0.35079124569892883
7256,0.18815669417381287
7257,0.4993831515312195
7258,-0.38834333419799805
7259,-0.25497525930404663
7260,-0.004529215395450592
7261,0.6213098168373108
7262,-0.13850589096546173
7263,-0.2728950083255768
7264,0.45738697052001953
7265,0.6196020841598511
7266,-0.012101568281650543
7267,-0.49463319778442383
7268,-0.0591997466981411
7269,0.3028910458087921
7270,-0.01163393259048462
7271,-0.27244821190834045
7272,0.09720509499311447
7273,-0.330003023147583
7274,-0.09200897812843323
7275,0.1637469083070755
7276,0.36420738697052
7277,0.38826984167099
7278,-0.17564398050308228
7279,-0.06963513791561127
7280,0.4605984389781952
7281,-0.03551340103149414
7282,-0.05373365804553032
7283,-0.04418020695447922
7284,-0.061859868466854095
7285,0.2366190403699875
7286,0.0017293989658355713
7287,0.4061157703399658
7288,-0.39356470108032227
7289,-0.3264600932598114
7290,0.33067092299461365
7291,0.31713616847991943
7292,-0.1275635063648224
7293,-0.3228628635406494
7294,0.14273998141288757
7295,0.126113623380661
7296,-0.23474028706550598
7297,-0.01837751269340515
7298,0.9286608695983887
7299,0.25727713108062744
7300,-0.08237917721271515
7301,0.39707767963409424
7302,0.37828728556632996
7303,0.24831366539001465
7304,0.26698988676071167
7305,0.4544103741645813
7306,0.2847546637058258
7307,-0.028444429859519005
7308,0.05167624354362488
7309,0.15440988540649414
7310,-0.021011000499129295
7311,-0.047767557203769684
7312,0.21974989771842957
7313,0.4559289216995239
7314,-0.04721379280090332
7315,0.15099234879016876
7316,0.22463148832321167
7317,-0.503684937953949
7318,-0.31833842396736145
7319,0.15336546301841736
7320,0.1312210112810135
7321,-0.10071743279695511
7322,-0.09458061307668686
7323,0.20339608192443848
7324,-0.09928648173809052
7325,-0.5780676603317261
7326,-0.43557924032211304
7327,-0.2523108124732971
7328,-0.42982596158981323
7329,-0.6241570711135864
7330,-0.13387516140937805
7331,0.16061203181743622
7332,-0.26824820041656494
7333,0.03186897933483124
7334,0.2885468602180481
7335,0.010282862931489944
7336,0.09190532565116882
7337,0.24311500787734985
7338,0.4227646589279175
7339,0.17544248700141907
7340,0.4395046830177307
7341,0.4802352488040924
7342,0.06832940131425858
7343,0.004832349717617035
7344,0.3799044191837311
7345,0.4419008493423462
7346,-0.3010503053665161
7347,-0.13563227653503418
7348,0.36536917090415955
7349,0.24662384390830994
7350,-0.7320796847343445
7351,-0.7242156863212585
7352,0.15611907839775085
7353,-0.26570433378219604
7354,-0.46749168634414673
7355,0.049990758299827576
7356,0.7838031649589539
7357,0.2808704376220703
7358,-0.6870245337486267
7359,-0.056254029273986816
7360,0.28939634561538696
7361,-0.4290563464164734
7362,-0.6852807998657227
7363,0.12569725513458252
7364,0.1776052564382553
7365,-0.27658501267433167
7366,-0.08402527868747711
7367,0.6579769253730774
7368,0.1134847104549408
7369,-0.854530394077301
7370,-0.2984616160392761
7371,0.26176056265830994
7372,-0.11911538243293762
7373,-0.3667343258857727
7374,0.18471121788024902
7375,0.6849226355552673
7376,0.22210723161697388
7377,0.3444347083568573
7378,0.8877677321434021
7379,0.29190608859062195
7380,-0.17396578192710876
7381,-0.18003571033477783
7382,0.7073874473571777
7383,0.23134607076644897
7384,-0.22525115311145782
7385,-0.06554373353719711
7386,0.21984294056892395
7387,0.012800443917512894
7388,-0.1752409189939499
7389,0.5821102857589722
7390,0.5579670071601868
7391,0.061521269381046295
7392,-0.16422432661056519
7393,0.35069739818573
7394,-0.008604541420936584
7395,-0.2161729782819748
7396,-0.38730281591415405
7397,-0.01389649510383606
7398,0.15994761884212494
7399,0.09706059098243713
7400,0.24543148279190063
7401,0.19674402475357056
7402,-0.06062456592917442
7403,-0.3874642848968506
7404,-0.08277340233325958
7405,-0.18221750855445862
7406,-0.1064402237534523
7407,-0.1761917769908905
7408,0.2900025248527527
7409,0.17022638022899628
7410,0.27123844623565674
7411,0.570246696472168
7412,0.12690463662147522
7413,0.07502570748329163
7414,-0.6346153020858765
7415,-0.46101605892181396
7416,-0.17240659892559052
7417,-0.04374384507536888
7418,0.0987573191523552
7419,0.26668113470077515
7420,0.2780798375606537
7421,-0.04249010607600212
7422,0.25209498405456543
7423,-0.10078559815883636
7424,-0.4369726777076721
7425,-0.5371609330177307
7426,0.0239240825176239
7427,-0.06616552919149399
7428,-0.06603149324655533
7429,-0.10510331392288208
7430,-0.18896135687828064
7431,-0.04494262486696243
7432,-0.4798729419708252
7433,0.27168768644332886
7434,0.27391207218170166
7435,-0.003001200268045068
7436,-0.1869896948337555
7437,0.16293422877788544
7438,0.2579796314239502
7439,0.3174179196357727
7440,0.16824263334274292
7441,-0.04513535648584366
7442,0.12000665068626404
7443,0.055482685565948486
7444,0.28566774725914
7445,0.21767160296440125
7446,0.010827712714672089
7447,-0.5717400312423706
7448,-0.4284403920173645
7449,-0.5930038094520569
7450,-0.4743334650993347
7451,-0.3874891400337219
7452,-0.48539990186691284
7453,-0.38734808564186096
7454,0.07064704596996307
7455,0.6865222454071045
7456,0.20386892557144165
7457,-0.5708491206169128
7458,-0.6264333724975586
7459,0.06896568834781647
7460,0.023235291242599487
7461,-0.21824893355369568
7462,-0.012111689895391464
7463,0.4455077052116394
7464,0.1682972013950348
7465,-0.32951343059539795
7466,0.2548038065433502
7467,0.8527930974960327
7468,0.06856492161750793
7469,-0.607741117477417
7470,0.40485092997550964
7471,0.8758633136749268
7472,0.30854901671409607
7473,-0.14946609735488892
7474,0.0551108792424202
7475,0.43787360191345215
7476,-0.3456038534641266
7477,-0.3338927924633026
7478,0.307053804397583
7479,-0.010838894173502922
7480,-0.4587225914001465
7481,-0.3812849521636963
7482,0.12749029695987701
7483,0.23887844383716583
7484,-0.5564072728157043
7485,-0.4169502854347229
7486,-0.0334835946559906
7487,-0.12537223100662231
7488,0.37782394886016846
7489,-0.06035871431231499
7490,0.02551860921084881
7491,-0.10320553183555603
7492,-0.04872455447912216
7493,0.13217291235923767
7494,0.08619749546051025
7495,0.0013634748756885529
7496,-0.06475669145584106
7497,-0.20096713304519653
7498,-0.3643760085105896
7499,-0.05402223765850067
7500,-0.46600794792175293
7501,-0.27534496784210205
7502,-0.6837741732597351
7503,0.0657465010881424
7504,0.19944578409194946
7505,0.05011368915438652
7506,0.03497512266039848
7507,-0.4788733422756195
7508,-0.14458724856376648
7509,-0.44481226801872253
7510,-0.2315431535243988
7511,-0.2942019999027252
7512,0.03510021045804024
7513,-0.17338761687278748
7514,-0.2640935778617859
7515,-0.09116651862859726
7516,0.21068501472473145
7517,-0.2044137567281723
7518,-0.526468813419342
7519,0.14171186089515686
7520,0.1419706493616104
7521,0.5285500288009644
7522,-0.19980955123901367
7523,0.3048277795314789
7524,0.4546685218811035
7525,-0.03525175154209137
7526,-0.060015738010406494
7527,0.12380758672952652
7528,0.5210346579551697
7529,-0.20450758934020996
7530,-0.13329723477363586
7531,-0.19883303344249725
7532,0.09026648104190826
7533,-0.5203242301940918
7534,-0.7729535102844238
7535,-0.3820355534553528
7536,-0.03645292669534683
7537,-0.0484352633357048
7538,-0.27675628662109375
7539,0.28970181941986084
7540,0.029264040291309357
7541,-0.21942704916000366
7542,-0.3890402317047119
7543,-0.18299707770347595
7544,-0.13358819484710693
7545,0.06216450035572052
7546,-0.1654173582792282
7547,0.38416269421577454
7548,0.4705561399459839
7549,0.21056008338928223
7550,0.10378888994455338
7551,-0.23216819763183594
7552,0.07528772950172424
7553,-0.27723532915115356
7554,0.03370420262217522
7555,-0.08688636124134064
7556,0.33831775188446045
7557,0.5054439902305603
7558,0.4569171071052551
7559,0.1363869458436966
7560,0.09727644920349121
7561,0.17941972613334656
7562,-0.42784279584884644
7563,-0.26553499698638916
7564,-0.41958820819854736
7565,0.10301992297172546
7566,-0.17302206158638
7567,-0.3297320008277893
7568,-0.1138666570186615
7569,-0.005051441490650177
7570,0.09543461352586746
7571,-0.31447306275367737
7572,0.05719488114118576
7573,0.08259117603302002
7574,-0.04263148829340935
7575,-0.17590050399303436
7576,-0.06329677999019623
7577,0.19259817898273468
7578,0.10965742915868759
7579,-0.1355530023574829
7580,-0.007775738835334778
7581,0.37496015429496765
7582,-0.09315484762191772
7583,-0.37856972217559814
7584,-0.16116289794445038
7585,-0.019849088042974472
7586,0.01625366508960724
7587,-0.2678671181201935
7588,-0.23467402160167694
7589,-0.009753789752721786
7590,-0.0575660765171051
7591,0.13653752207756042
7592,0.13405320048332214
7593,0.5075579881668091
7594,0.1821097731590271
7595,-0.07229233533143997
7596,0.3452933430671692
7597,0.07792974263429642
7598,0.18171130120754242
7599,-0.006255878135561943
7600,0.08117954432964325
7601,0.3311004638671875
7602,0.2923824191093445
7603,0.14684469997882843
7604,0.022308779880404472
7605,0.2904888391494751
7606,0.13359284400939941
7607,0.06359975039958954
7608,-0.003246513893827796
7609,-0.09876329451799393
7610,-0.0642649233341217
7611,-0.25677821040153503
7612,-0.08105059713125229
7613,-0.01845419406890869
7614,0.09005185216665268
7615,-0.035024017095565796
7616,-0.11544345319271088
7617,0.24913281202316284
7618,0.09684009104967117
7619,0.02542712911963463
7620,-0.017641566693782806
7621,-0.11926957964897156
7622,0.02006382681429386
7623,0.14545480906963348
7624,0.038499340415000916
7625,0.17196297645568848
7626,0.13602092862129211
7627,0.01427155826240778
7628,0.11439456790685654
7629,0.010652362369000912
7630,0.14779359102249146
7631,-0.11002324521541595
7632,-0.249637633562088
7633,0.1565341353416443
7634,0.15608949959278107
7635,0.26602673530578613
7636,-0.2207690179347992
7637,0.00348706915974617
7638,0.44413045048713684
7639,0.20674708485603333
7640,0.27425017952919006
7641,0.27000224590301514
7642,0.22250358760356903
7643,-0.07397443801164627
7644,0.016762133687734604
7645,-0.16225773096084595
7646,0.23764973878860474
7647,-0.24401818215847015
7648,0.016245275735855103
7649,0.3662720322608948
7650,0.28088679909706116
7651,0.6572496294975281
7652,-0.06994220614433289
7653,0.08138002455234528
7654,-0.07623693346977234
7655,0.11275555193424225
7656,0.09811562299728394
7657,-0.18801093101501465
7658,-0.2667917311191559
7659,9.372830390930176e-05
7660,-0.0736062228679657
7661,0.05745786055922508
7662,-0.08369038254022598
7663,-0.30108362436294556
7664,-0.18717336654663086
7665,-0.6718496084213257
7666,0.0669817253947258
7667,-0.10484389960765839
7668,-0.056018538773059845
7669,-0.12777037918567657
7670,0.22897616028785706
7671,0.6842266321182251
7672,0.3700425624847412
7673,0.2598230838775635
7674,0.25074470043182373
7675,0.5400291681289673
7676,-0.038910530507564545
7677,0.26668134331703186
7678,0.04383578523993492
7679,0.14707674086093903
7680,-0.2035147100687027
7681,-0.44598230719566345
7682,0.46904295682907104
7683,0.19601543247699738
7684,0.1867423951625824
7685,-0.23046785593032837
7686,0.17071376740932465
7687,0.0523415207862854
7688,-0.5704306960105896
7689,-0.5609046816825867
7690,-0.19478194415569305
7691,0.16689150035381317
7692,-0.11410988122224808
7693,0.0463227741420269
7694,0.12077900767326355
7695,0.4210633337497711
7696,-0.22758036851882935
7697,-0.3016897141933441
7698,-0.03499183803796768
7699,-0.01951630972325802
7700,-0.062220633029937744
7701,-0.043164901435375214
7702,0.4870198369026184
7703,0.4128900468349457
7704,0.24449990689754486
7705,0.08098430931568146
7706,0.29405802488327026
7707,0.20804958045482635
7708,-0.07139168679714203
7709,-0.1223045140504837
7710,0.4070156514644623
7711,0.044834598898887634
7712,-0.08989687263965607
7713,0.014175614342093468
7714,0.0008650310337543488
7715,0.09432151168584824
7716,-0.29446467757225037
7717,0.03931418061256409
7718,0.21600019931793213
7719,0.4671792685985565
7720,0.08349737524986267
7721,0.1269461065530777
7722,0.1584676057100296
7723,0.069181427359581
7724,0.11050949990749359
7725,-0.033886298537254333
7726,0.009097762405872345
7727,-0.30717867612838745
7728,-0.17760780453681946
7729,-0.2505549192428589
7730,-0.04023163020610809
7731,-0.24409937858581543
7732,-0.3670211732387543
7733,-0.12339060753583908
7734,-0.07374368607997894
7735,0.2134251594543457
7736,-0.11717662215232849
7737,0.15796087682247162
7738,0.1735685169696808
7739,0.23969823122024536
7740,0.16971513628959656
7741,0.21525156497955322
7742,0.4148377478122711
7743,-0.16371318697929382
7744,0.06230561062693596
7745,0.20067660510540009
7746,0.5278000831604004
7747,0.22926132380962372
7748,0.13820351660251617
7749,0.03238477557897568
7750,0.11202886700630188
7751,0.07901034504175186
7752,-0.2806079685688019
7753,0.20114757120609283
7754,0.1041928306221962
7755,0.09625594317913055
7756,0.00025807786732912064
7757,0.41068845987319946
7758,0.337311327457428
7759,0.17100529372692108
7760,-0.1326865255832672
7761,-0.12638428807258606
7762,-0.09494670480489731
7763,-0.12576472759246826
7764,-0.15370649099349976
7765,-0.3262958526611328
7766,0.2267400175333023
7767,-0.2298855483531952
7768,0.19661159813404083
7769,0.06794074922800064
7770,-0.11820212006568909
7771,0.07012087851762772
7772,-0.25523123145103455
7773,0.2542757987976074
7774,0.3009791672229767
7775,0.23928306996822357
7776,0.06229091063141823
7777,0.019864415749907494
7778,-0.04110236465930939
7779,0.0318160355091095
7780,0.09078773856163025
7781,0.06743967533111572
7782,0.33095893263816833
7783,-0.013351194560527802
7784,0.23158833384513855
7785,-0.03768479824066162
7786,0.2312755137681961
7787,0.1662798821926117
7788,-0.28048229217529297
7789,0.1505536586046219
7790,-0.22867602109909058
7791,0.2419523149728775
7792,0.28373733162879944
7793,0.016482407227158546
7794,-0.08198647201061249
7795,0.013445048592984676
7796,-0.04594820737838745
7797,0.07635070383548737
7798,0.11589579284191132
7799,0.2119268774986267
7800,0.2637525200843811
7801,0.18531426787376404
7802,0.6120036840438843
7803,0.22447744011878967
7804,0.11933498084545135
7805,-0.05842027813196182
7806,0.021840833127498627
7807,0.3313868045806885
7808,0.22848667204380035
7809,0.06192614883184433
7810,0.19292207062244415
7811,-0.03766075521707535
7812,-0.19310422241687775
7813,-0.21599239110946655
7814,-0.2108856439590454
7815,-0.23082533478736877
7816,-0.5021688938140869
7817,-0.27078911662101746
7818,-0.10664216428995132
7819,-0.02443387731909752
7820,-0.08564342558383942
7821,-0.07863372564315796
7822,-0.12389218062162399
7823,0.02280174009501934
7824,-0.23830896615982056
7825,-0.1896483153104782
7826,-0.008339793421328068
7827,-0.08626249432563782
7828,0.11341266334056854
7829,-0.13613298535346985
7830,0.15131258964538574
7831,0.227451354265213
7832,-0.058859288692474365
7833,0.07774655520915985
7834,0.11765662580728531
7835,0.22251197695732117
7836,0.08387540280818939
7837,0.24029189348220825
7838,0.37040501832962036
7839,0.20321722328662872
7840,0.03544626384973526
7841,0.1709861159324646
7842,0.4892979562282562
7843,0.1639082133769989
7844,0.06047053262591362
7845,-0.13053838908672333
7846,0.2044907659292221
7847,-0.13008683919906616
7848,-0.28454720973968506
7849,0.25403881072998047
7850,0.026422930881381035
7851,-0.02573695033788681
7852,-0.19519862532615662
7853,-0.0019310079514980316
7854,0.0634472668170929
7855,-0.3252010941505432
7856,-0.22220948338508606
7857,0.01380064245313406
7858,-0.03836130350828171
7859,0.08953918516635895
7860,0.15550613403320312
7861,0.32792770862579346
7862,0.12566165626049042
7863,-0.11962918937206268
7864,0.17557363212108612
7865,0.26830190420150757
7866,-0.05117015540599823
7867,-0.01661013439297676
7868,-0.06747470051050186
7869,-0.030104391276836395
7870,-0.056415021419525146
7871,-0.23050715029239655
7872,0.06232008337974548
7873,-0.25866374373435974
7874,-0.3568318486213684
7875,-0.2097991555929184
7876,-0.12887251377105713
7877,-0.1514381468296051
7878,-0.2160779982805252
7879,-0.0913916826248169
7880,-0.06720489263534546
7881,-0.0625327005982399
7882,0.12213257700204849
7883,0.12525403499603271
7884,0.20100489258766174
7885,-0.007612861692905426
7886,0.07823629677295685
7887,0.23718152940273285
7888,0.1262180060148239
7889,0.15669463574886322
7890,0.14994192123413086
7891,0.2554679214954376
7892,0.013740374706685543
7893,0.44794100522994995
7894,0.4237101376056671
7895,0.39620333909988403
7896,0.1374361664056778
7897,0.027836712077260017
7898,0.20827120542526245
7899,-0.07983306050300598
7900,-0.09334065020084381
7901,-0.12088462710380554
7902,0.07561884820461273
7903,-0.043149176985025406
7904,0.09785197675228119
7905,0.2385919690132141
7906,0.10340053588151932
7907,-0.11306565999984741
7908,-0.22809188067913055
7909,0.141386479139328
7910,0.10103563964366913
7911,0.023353811353445053
7912,0.0025884041097015142
7913,-0.0265717264264822
7914,0.10155682265758514
7915,-0.157721608877182
7916,0.12327518314123154
7917,-0.11107534170150757
7918,-0.16144512593746185
7919,-0.18840566277503967
7920,-0.056931622326374054
7921,0.04834844172000885
7922,-0.1403207778930664
7923,-0.007403668947517872
7924,-0.15414881706237793
7925,0.32855457067489624
7926,0.1023307517170906
7927,0.20059047639369965
7928,0.1430078148841858
7929,0.035968117415905
7930,0.16283543407917023
7931,0.2285892814397812
7932,0.16768479347229004
7933,-0.2208820879459381
7934,-0.03043503314256668
7935,-0.0436914898455143
7936,0.056776273995637894
7937,-0.03929216414690018
7938,0.0185941681265831
7939,0.1862783432006836
7940,-0.05556509643793106
7941,0.08061487227678299
7942,0.17010369896888733
7943,0.32176515460014343
7944,0.2004716843366623
7945,-0.033316224813461304
7946,0.2704460322856903
7947,0.20235320925712585
7948,0.011323312297463417
7949,-0.07317838072776794
7950,-0.15350881218910217
7951,-0.1098620742559433
7952,-0.14488261938095093
7953,-0.328427255153656
7954,-0.12468938529491425
7955,-0.17881108820438385
7956,-0.07081837952136993
7957,-0.028710899874567986
7958,0.014804414473474026
7959,0.16001781821250916
7960,0.07108058035373688
7961,0.08754052221775055
7962,-0.12221423536539078
7963,0.056627385318279266
7964,0.13984864950180054
7965,0.01665714755654335
7966,-0.16550761461257935
7967,0.1672600656747818
7968,0.1288321167230606
7969,-0.028823718428611755
7970,-0.0008255559951066971
7971,0.04812830686569214
7972,0.3746582865715027
7973,-0.017104431986808777
7974,-0.017181001603603363
7975,0.3349914252758026
7976,0.3942126929759979
7977,0.17619992792606354
7978,-0.08801724761724472
7979,0.3041543960571289
7980,0.3894842267036438
7981,0.09167571365833282
7982,-0.06704027205705643
7983,0.08285260200500488
7984,0.08667457848787308
7985,-0.32714328169822693
7986,-0.3210930824279785
7987,-0.1330891102552414
7988,0.020009871572256088
7989,-0.4049277603626251
7990,-0.23475472629070282
7991,0.11071591824293137
7992,0.16766470670700073
7993,-0.032553497701883316
7994,-0.24640823900699615
7995,0.16915620863437653
7996,0.036805104464292526
7997,-0.030019253492355347
7998,0.0002920413389801979
7999,0.09172967076301575
